0.00000 0.31803 0.00000 639.00000 9.00000 3.00000 22.00000 0.00158 0.00241 0.00241
0.00000 0.59536 0.00000 269.00000 6.00000 1.00000 70.00000 0.00673 0.00385 0.00381
0.00000 0.13698 1.00000 494.00000 10.00000 8.00000 85.00000 0.00842 0.04136 0.04130
1.00000 0.31066 1.00000 605.00000 5.00000 5.00000 85.00000 0.00114 0.00149 0.00148
0.00000 0.59924 1.00000 593.00000 6.00000 6.00000 52.00000 0.00490 0.00206 0.00206
0.00000 0.25948 1.00000 352.00000 10.00000 9.00000 23.00000 0.00816 0.03775 0.03772
1.00000 0.34064 0.00000 975.00000 10.00000 4.00000 21.00000 0.00326 0.00372 0.00369
0.00000 0.11669 0.00000 85.00000 6.00000 5.00000 34.00000 0.00187 0.00261 0.00258
0.00000 0.48412 1.00000 710.00000 8.00000 4.00000 57.00000 0.00599 0.00226 0.00228
1.00000 0.34896 0.00000 179.00000 8.00000 7.00000 89.00000 0.00186 0.00368 0.00368
0.00000 0.28075 1.00000 101.00000 7.00000 2.00000 96.00000 0.00184 0.00260 0.00258
1.00000 0.52090 0.00000 166.00000 5.00000 2.00000 74.00000 0.00874 0.01357 0.01335
1.00000 0.20525 1.00000 761.00000 9.00000 1.00000 37.00000 0.00315 0.00194 0.00191
1.00000 0.15759 0.00000 934.00000 10.00000 1.00000 92.00000 0.00633 0.04316 0.04303
1.00000 0.28699 0.00000 680.00000 9.00000 9.00000 32.00000 0.00624 0.00391 0.00392
0.00000 0.36612 0.00000 663.00000 7.00000 7.00000 56.00000 0.00482 0.00295 0.00290
0.00000 0.27337 1.00000 441.00000 10.00000 2.00000 23.00000 0.00686 0.00356 0.00350
1.00000 0.39591 0.00000 728.00000 6.00000 7.00000 53.00000 0.00041 0.00297 0.00292
0.00000 0.52029 1.00000 137.00000 6.00000 10.00000 78.00000 0.00241 0.00628 0.00621
1.00000 0.23265 0.00000 109.00000 10.00000 8.00000 86.00000 0.00405 0.04298 0.04287
0.00000 0.56292 1.00000 550.00000 9.00000 5.00000 21.00000 0.00126 0.00259 0.00264
1.00000 0.14742 0.00000 540.00000 9.00000 1.00000 98.00000 0.00639 0.04345 0.04333
0.00000 0.54493 0.00000 686.00000 10.00000 7.00000 40.00000 0.00645 0.00289 0.00285
1.00000 0.23344 0.00000 298.00000 10.00000 2.00000 79.00000 0.00305 0.00323 0.00329
1.00000 0.34913 1.00000 62.00000 6.00000 0.00000 63.00000 0.00852 0.00812 0.00800
1.00000 0.29410 0.00000 688.00000 7.00000 8.00000 86.00000 0.00474 0.04290 0.04278
0.00000 0.15904 0.00000 426.00000 6.00000 7.00000 50.00000 0.00931 0.04341 0.04331
1.00000 0.11249 1.00000 898.00000 9.00000 6.00000 67.00000 0.00521 0.00250 0.00251
0.00000 0.22909 0.00000 204.00000 5.00000 6.00000 93.00000 0.00358 0.00894 0.00889
0.00000 0.23676 0.00000 136.00000 9.00000 4.00000 55.00000 0.00801 0.04310 0.04299
0.00000 0.43142 1.00000 43.00000 8.00000 6.00000 79.00000 0.00498 0.04295 0.04284
0.00000 0.57007 1.00000 807.00000 9.00000 7.00000 74.00000 0.00938 0.04233 0.04225
0.00000 0.38967 0.00000 374.00000 5.00000 6.00000 74.00000 0.00636 0.00891 0.00881
0.00000 0.22574 1.00000 604.00000 10.00000 9.00000 90.00000 0.00132 0.00154 0.00155
0.00000 0.38857 1.00000 488.00000 7.00000 2.00000 40.00000 0.00652 0.00247 0.00239
1.00000 0.46465 0.00000 925.00000 6.00000 4.00000 79.00000 0.00262 0.00200 0.00202
1.00000 0.50653 1.00000 478.00000 5.00000 3.00000 51.00000 0.00583 0.00382 0.00390
0.00000 0.48221 1.00000 557.00000 6.00000 4.00000 96.00000 0.00010 0.00178 0.00177
1.00000 0.25742 0.00000 125.00000 6.00000 3.00000 89.00000 0.00738 0.04352 0.04342
1.00000 0.30266 0.00000 44.00000 9.00000 1.00000 22.00000 0.00843 0.04353 0.04343
1.00000 0.19858 1.00000 808.00000 8.00000 7.00000 73.00000 0.00419 0.00243 0.00240
0.00000 0.15155 1.00000 906.00000 10.00000 1.00000 22.00000 0.00516 0.00252 0.00251
1.00000 0.47598 1.00000 242.00000 6.00000 8.00000 81.00000 0.00254 0.00376 0.00369
1.00000 0.25876 0.00000 695.00000 7.00000 6.00000 85.00000 0.00493 0.00782 0.00784
1.00000 0.45664 0.00000 682.00000 6.00000 9.00000 50.00000 0.00884 0.04290 0.04279
1.00000 0.53520 1.00000 953.00000 8.00000 3.00000 86.00000 0.00360 0.00207 0.00210
0.00000 0.31244 1.00000 77.00000 10.00000 9.00000 47.00000 0.00562 0.04400 0.04391
0.00000 0.24537 0.00000 101.00000 8.00000 0.00000 47.00000 0.00107 0.00206 0.00206
0.00000 0.40201 0.00000 744.00000 6.00000 6.00000 42.00000 0.00739 0.00250 0.00252
0.00000 0.34052 1.00000 270.00000 5.00000 0.00000 85.00000 0.00109 0.00145 0.00141
0.00000 0.30206 1.00000 268.00000 6.00000 9.00000 35.00000 0.00246 0.00230 0.00228
1.00000 0.24245 0.00000 875.00000 8.00000 3.00000 49.00000 0.00167 0.00192 0.00192
1.00000 0.24683 1.00000 210.00000 6.00000 5.00000 35.00000 0.00384 0.00317 0.00318
0.00000 0.40924 1.00000 804.00000 8.00000 7.00000 60.00000 0.00024 0.00176 0.00178
0.00000 0.35027 0.00000 533.00000 8.00000 8.00000 72.00000 0.00383 0.04287 0.04275
1.00000 0.24143 1.00000 908.00000 10.00000 3.00000 62.00000 0.00943 0.01741 0.01706
0.00000 0.17638 0.00000 563.00000 8.00000 9.00000 48.00000 0.00658 0.04291 0.04280
0.00000 0.21430 1.00000 913.00000 9.00000 5.00000 76.00000 0.00266 0.00182 0.00178
1.00000 0.58460 0.00000 477.00000 7.00000 10.00000 37.00000 0.00954 0.04304 0.04292
0.00000 0.12791 0.00000 217.00000 9.00000 9.00000 49.00000 0.00218 0.00241 0.00245
0.00000 0.52794 0.00000 759.00000 6.00000 5.00000 43.00000 0.00982 0.00261 0.00259
1.00000 0.53903 0.00000 679.00000 10.00000 0.00000 44.00000 0.00043 0.00266 0.00267
0.00000 0.34642 0.00000 976.00000 6.00000 2.00000 73.00000 0.00957 0.00270 0.00264
0.00000 0.44406 0.00000 237.00000 9.00000 4.00000 41.00000 0.00288 0.00257 0.00254
0.00000 0.44976 1.00000 699.00000 7.00000 2.00000 49.00000 0.00441 0.00239 0.00243
0.00000 0.25245 0.00000 96.00000 9.00000 9.00000 38.00000 0.00019 0.00203 0.00203
0.00000 0.11048 0.00000 930.00000 7.00000 3.00000 53.00000 0.00232 0.00165 0.00165
0.00000 0.30553 1.00000 178.00000 6.00000 9.00000 40.00000 0.00833 0.04302 0.04290
1.00000 0.47066 1.00000 702.00000 9.00000 5.00000 25.00000 0.00718 0.00425 0.00424
0.00000 0.21556 1.00000 281.00000 8.00000 8.00000 58.00000 0.00746 0.04300 0.04289
1.00000 0.58326 0.00000 771.00000 9.00000 3.00000 32.00000 0.00812 0.00440 0.00438
1.00000 0.52650 1.00000 872.00000 9.00000 1.00000 85.00000 0.00121 0.00159 0.00155
1.00000 0.10168 1.00000 431.00000 8.00000 7.00000 98.00000 0.00761 0.04335 0.04326
0.00000 0.10068 1.00000 501.00000 8.00000 1.00000 76.00000 0.00347 0.00175 0.00171
0.00000 0.13576 0.00000 570.00000 6.00000 4.00000 43.00000 0.00907 0.00409 0.00398
1.00000 0.17261 1.00000 495.00000 9.00000 3.00000 30.00000 0.00247 0.00230 0.00231
1.00000 0.13682 1.00000 95.00000 6.00000 1.00000 61.00000 0.00567 0.00669 0.00660
1.00000 0.31584 0.00000 240.00000 5.00000 9.00000 59.00000 0.00092 0.00200 0.00204
0.00000 0.43588 0.00000 196.00000 7.00000 3.00000 61.00000 0.00340 0.00266 0.00266
0.00000 0.16804 0.00000 700.00000 8.00000 1.00000 45.00000 0.00176 0.00175 0.00176
1.00000 0.12694 1.00000 799.00000 9.00000 8.00000 59.00000 0.00932 0.04295 0.04284
0.00000 0.27407 1.00000 257.00000 9.00000 7.00000 86.00000 0.00721 0.04301 0.04288
0.00000 0.30945 0.00000 793.00000 9.00000 6.00000 82.00000 0.00651 0.04298 0.04286
0.00000 0.54928 0.00000 757.00000 7.00000 8.00000 72.00000 0.00638 0.04289 0.04278
0.00000 0.51330 1.00000 967.00000 10.00000 8.00000 37.00000 0.00266 0.00192 0.00196
1.00000 0.23179 0.00000 741.00000 7.00000 6.00000 42.00000 0.00521 0.00230 0.00229
0.00000 0.56907 1.00000 148.00000 9.00000 9.00000 52.00000 0.00907 0.04311 0.04301
0.00000 0.32939 0.00000 469.00000 6.00000 3.00000 51.00000 0.00985 0.00576 0.00571
0.00000 0.19069 1.00000 551.00000 9.00000 9.00000 36.00000 0.00863 0.04288 0.04275
1.00000 0.56247 1.00000 144.00000 9.00000 4.00000 86.00000 0.00651 0.04307 0.04296
1.00000 0.22357 0.00000 555.00000 7.00000 9.00000 69.00000 0.00759 0.04299 0.04286
1.00000 0.45581 1.00000 398.00000 7.00000 7.00000 74.00000 0.00612 0.01529 0.01494
0.00000 0.12880 0.00000 443.00000 5.00000 8.00000 39.00000 0.00200 0.00181 0.00177
1.00000 0.24925 1.00000 948.00000 9.00000 2.00000 77.00000 0.00802 0.00755 0.00745
1.00000 0.52192 1.00000 330.00000 6.00000 4.00000 25.00000 0.00339 0.00964 0.00952
0.00000 0.21738 0.00000 486.00000 6.00000 2.00000 27.00000 0.00894 0.00369 0.00367
0.00000 0.29275 1.00000 752.00000 8.00000 6.00000 75.00000 0.00603 0.00625 0.00620
1.00000 0.19253 0.00000 567.00000 8.00000 3.00000 69.00000 0.00527 0.00298 0.00294
0.00000 0.24518 1.00000 901.00000 6.00000 1.00000 81.00000 0.00906 0.00267 0.00264
1.00000 0.48899 1.00000 177.00000 8.00000 3.00000 26.00000 0.00637 0.00551 0.00543
0.00000 0.57374 1.00000 636.00000 5.00000 6.00000 38.00000 0.00793 0.00301 0.00299
0.00000 0.54314 1.00000 176.00000 7.00000 2.00000 84.00000 0.00595 0.00760 0.00748
1.00000 0.33290 1.00000 836.00000 9.00000 6.00000 50.00000 0.00489 0.00273 0.00278
0.00000 0.44107 1.00000 156.00000 10.00000 0.00000 73.00000 0.00204 0.00214 0.00213
0.00000 0.26473 1.00000 947.00000 7.00000 9.00000 37.00000 0.00934 0.00329 0.00334
1.00000 0.32647 1.00000 652.00000 7.00000 5.00000 44.00000 0.00447 0.00238 0.00242
1.00000 0.51869 1.00000 975.00000 9.00000 8.00000 94.00000 0.00540 0.01254 0.01236
1.00000 0.56957 1.00000 702.00000 10.00000 7.00000 24.00000 0.00345 0.00874 0.00872
0.00000 0.21669 0.00000 825.00000 5.00000 8.00000 23.00000 0.00085 0.00301 0.00296
1.00000 0.28796 0.00000 461.00000 8.00000 8.00000 39.00000 0.00478 0.00415 0.00411
0.00000 0.26901 0.00000 988.00000 7.00000 7.00000 51.00000 0.00884 0.04298 0.04285
0.00000 0.50117 1.00000 607.00000 7.00000 1.00000 66.00000 0.00140 0.00158 0.00154
1.00000 0.53227 1.00000 803.00000 10.00000 9.00000 37.00000 0.00222 0.00314 0.00315
1.00000 0.29791 1.00000 1000.00000 10.00000 1.00000 86.00000 0.00065 0.00127 0.00130
0.00000 0.43199 0.00000 1010.00000 7.00000 7.00000 53.00000 0.00582 0.04311 0.04298
1.00000 0.25172 0.00000 105.00000 9.00000 5.00000 90.00000 0.00729 0.04428 0.04420
1.00000 0.54124 1.00000 358.00000 7.00000 0.00000 62.00000 0.00365 0.00242 0.00245
1.00000 0.55773 0.00000 1006.00000 6.00000 8.00000 30.00000 0.00452 0.00722 0.00722
1.00000 0.59994 0.00000 211.00000 6.00000 8.00000 50.00000 0.00359 0.01363 0.01330
1.00000 0.21861 1.00000 320.00000 9.00000 4.00000 49.00000 0.00783 0.04312 0.04301
