0.00000 0.30609 1600.83332
1.00000 0.30609 1592.29166
2.00000 0.30609 1596.56249
3.00000 0.30609 1605.10416
4.00000 0.30609 1613.64582
5.00000 0.30609 1617.91666
6.00000 0.30609 1609.37499
7.00000 0.30610 1630.72916
8.00000 0.30610 1626.45832
9.00000 0.30610 1622.18749
10.00000 0.30610 1579.47916
11.00000 0.30610 1583.74999
12.00000 0.30610 1588.02082
13.00000 0.30611 1634.99999
14.00000 0.30611 1575.20832
15.00000 0.30611 1570.93749
16.00000 0.30611 1639.27082
17.00000 0.30612 1643.54166
18.00000 0.30612 1566.66666
19.00000 0.30613 1647.81249
20.00000 0.30613 1558.12499
21.00000 0.30613 1562.39582
22.00000 0.30613 1652.08332
23.00000 0.30614 1553.85416
24.00000 0.30614 1656.35416
25.00000 0.30615 1660.62499
26.00000 0.30615 1549.58332
27.00000 0.30616 1545.31249
28.00000 0.30616 1664.89582
29.00000 0.30617 1541.04166
30.00000 0.30617 1669.16666
31.00000 0.30618 1536.77082
32.00000 0.30618 1673.43749
33.00000 0.30619 1677.70832
34.00000 0.30620 1532.49999
35.00000 0.30621 1681.97916
36.00000 0.30621 1528.22916
37.00000 0.30622 1523.95832
38.00000 0.30622 1686.24999
39.00000 0.30623 1690.52082
40.00000 0.30624 1519.68749
41.00000 0.30625 1694.79166
42.00000 0.30625 1515.41666
43.00000 0.30626 1699.06249
44.00000 0.30627 1511.14582
45.00000 0.30628 1506.87499
46.00000 0.30628 1703.33332
47.00000 0.30630 1502.60416
48.00000 0.30630 1707.60415
49.00000 0.30631 1711.87499
50.00000 0.30632 1498.33332
51.00000 0.30633 1716.14582
52.00000 0.30634 1494.06249
53.00000 0.30635 1720.41665
54.00000 0.30636 1489.79166
55.00000 0.30637 1724.68749
56.00000 0.30638 1485.52082
57.00000 0.30639 1728.95832
58.00000 0.30640 1481.24999
59.00000 0.30641 1733.22915
60.00000 0.30642 1476.97916
61.00000 0.30643 1737.49999
62.00000 0.30644 1472.70832
63.00000 0.30646 1468.43749
64.00000 0.30646 1741.77082
65.00000 0.30648 1746.04165
66.00000 0.30649 1464.16666
67.00000 0.30650 1750.31249
68.00000 0.30651 1459.89582
69.00000 0.30653 1754.58332
70.00000 0.30654 1455.62499
71.00000 0.30655 1758.85415
72.00000 0.30656 1451.35416
73.00000 0.30658 1763.12499
74.00000 0.30659 1447.08332
75.00000 0.30660 1767.39582
76.00000 0.30662 1442.81249
77.00000 0.30663 1771.66665
78.00000 0.30665 1438.54166
79.00000 0.30666 1775.93749
80.00000 0.30667 1434.27082
81.00000 0.30669 1780.20832
82.00000 0.30670 1429.99999
83.00000 0.30671 1784.47915
84.00000 0.30673 1425.72916
85.00000 0.30674 1788.74999
86.00000 0.30676 1421.45832
87.00000 0.30677 1793.02082
88.00000 0.30680 1417.18749
89.00000 0.30680 1797.29165
90.00000 0.30683 1412.91666
91.00000 0.30683 1801.56249
92.00000 0.30686 1408.64582
93.00000 0.30687 1805.83332
94.00000 0.30690 1810.10415
95.00000 0.30690 1404.37499
96.00000 0.30693 1814.37499
97.00000 0.30693 1400.10416
98.00000 0.30696 1395.83332
99.00000 0.30697 1818.64582
100.00000 0.30700 1391.56249
101.00000 0.30700 1822.91665
102.00000 0.30703 1827.18749
103.00000 0.30704 1387.29166
104.00000 0.30707 1831.45832
105.00000 0.30707 1383.02082
106.00000 0.30711 1378.74999
107.00000 0.30711 1835.72915
108.00000 0.30714 1839.99999
109.00000 0.30715 1374.47916
110.00000 0.30718 1844.27082
111.00000 0.30719 1370.20832
112.00000 0.30722 1848.54165
113.00000 0.30723 1365.93749
114.00000 0.30725 1852.81249
115.00000 0.30727 1361.66666
116.00000 0.30729 1857.08332
117.00000 0.30731 1357.39582
118.00000 0.30733 1861.35415
119.00000 0.30735 1353.12499
120.00000 0.30737 1865.62499
121.00000 0.30740 1348.85416
122.00000 0.30741 1869.89582
123.00000 0.30744 1344.58332
124.00000 0.30745 1874.16665
125.00000 0.30748 1340.31249
126.00000 0.30750 1878.43749
127.00000 0.30753 1336.04166
128.00000 0.30754 1882.70832
129.00000 0.30757 1331.77082
130.00000 0.30758 1886.97915
131.00000 0.30762 1327.49999
132.00000 0.30762 1891.24999
133.00000 0.30766 1323.22916
134.00000 0.30767 1895.52082
135.00000 0.30771 1899.79165
136.00000 0.30771 1318.95832
137.00000 0.30775 1904.06249
138.00000 0.30776 1314.68749
139.00000 0.30780 1908.33332
140.00000 0.30781 1310.41666
141.00000 0.30784 1912.60415
142.00000 0.30786 1306.14582
143.00000 0.30789 1916.87499
144.00000 0.30791 1301.87499
145.00000 0.30794 1921.14582
146.00000 0.30796 1297.60416
147.00000 0.30798 1925.41665
148.00000 0.30801 1293.33332
149.00000 0.30803 1929.68749
150.00000 0.30806 1289.06249
151.00000 0.30808 1933.95832
152.00000 0.30811 1284.79166
153.00000 0.30813 1938.22915
154.00000 0.30817 1280.52082
155.00000 0.30817 1942.49999
156.00000 0.30822 1276.24999
157.00000 0.30822 1946.77082
158.00000 0.30827 1271.97916
159.00000 0.30827 1951.04165
160.00000 0.30832 1955.31249
161.00000 0.30833 1267.70833
162.00000 0.30837 1959.58332
163.00000 0.30838 1263.43749
164.00000 0.30842 1963.85415
165.00000 0.30844 1259.16666
166.00000 0.30847 1968.12499
167.00000 0.30850 1254.89583
168.00000 0.30852 1972.39582
169.00000 0.30855 1250.62499
170.00000 0.30858 1976.66665
171.00000 0.30861 1246.35416
172.00000 0.30863 1980.93749
173.00000 0.30867 1242.08333
174.00000 0.30868 1985.20832
175.00000 0.30873 1989.47915
176.00000 0.30873 1237.81249
177.00000 0.30878 1993.74999
178.00000 0.30879 1233.54166
179.00000 0.30884 1998.02082
180.00000 0.30885 1229.27083
181.00000 0.30889 2002.29165
182.00000 0.30891 1224.99999
183.00000 0.30895 2006.56249
184.00000 0.30897 1220.72916
185.00000 0.30900 2010.83332
186.00000 0.30903 1216.45833
187.00000 0.30905 2015.10415
188.00000 0.30910 1212.18749
189.00000 0.30911 2019.37499
190.00000 0.30916 2023.64582
191.00000 0.30916 1207.91666
192.00000 0.30922 2027.91665
193.00000 0.30922 1203.64583
194.00000 0.30927 2032.18749
195.00000 0.30929 1199.37499
196.00000 0.30933 2036.45832
197.00000 0.30935 1195.10416
198.00000 0.30939 2040.72915
199.00000 0.30942 1190.83333
200.00000 0.30944 2044.99999
201.00000 0.30948 1186.56249
202.00000 0.30950 2049.27082
203.00000 0.30955 1182.29166
204.00000 0.30956 2053.54165
205.00000 0.30961 2057.81249
206.00000 0.30962 1178.02083
207.00000 0.30967 2062.08332
208.00000 0.30969 1173.74999
209.00000 0.30973 2066.35415
210.00000 0.30975 1169.47916
211.00000 0.30979 2070.62499
212.00000 0.30982 1165.20833
213.00000 0.30984 2074.89582
214.00000 0.30989 1160.93749
215.00000 0.30990 2079.16665
216.00000 0.30996 2083.43749
217.00000 0.30996 1156.66666
218.00000 0.31002 2087.70832
219.00000 0.31003 1152.39583
220.00000 0.31008 2091.97915
221.00000 0.31010 1148.12499
222.00000 0.31013 2096.24999
223.00000 0.31018 1143.85416
224.00000 0.31019 2100.52082
225.00000 0.31025 2104.79165
226.00000 0.31025 1139.58333
227.00000 0.31031 2109.06249
228.00000 0.31032 1135.31249
229.00000 0.31037 2113.33332
230.00000 0.31039 1131.04166
231.00000 0.31043 2117.60415
232.00000 0.31047 1126.77083
233.00000 0.31049 2121.87499
234.00000 0.31054 1122.49999
235.00000 0.31055 2126.14582
236.00000 0.31060 2130.41665
237.00000 0.31062 1118.22916
238.00000 0.31066 2134.68748
239.00000 0.31069 1113.95833
240.00000 0.31072 2138.95832
241.00000 0.31077 1109.68749
242.00000 0.31078 2143.22915
243.00000 0.31084 1105.41666
244.00000 0.31084 2147.49998
245.00000 0.31090 2151.77082
246.00000 0.31092 1101.14583
247.00000 0.31096 2156.04165
248.00000 0.31100 1096.87499
249.00000 0.31102 2160.31248
250.00000 0.31107 1092.60416
251.00000 0.31108 2164.58332
252.00000 0.31114 2168.85415
253.00000 0.31115 1088.33333
254.00000 0.31120 2173.12498
255.00000 0.31123 1084.06249
256.00000 0.31126 2177.39582
257.00000 0.31131 1079.79166
258.00000 0.31132 2181.66665
259.00000 0.31137 2185.93748
260.00000 0.31139 1075.52083
261.00000 0.31143 2190.20832
262.00000 0.31147 1071.24999
263.00000 0.31149 2194.47915
264.00000 0.31155 2198.74998
265.00000 0.31155 1066.97916
266.00000 0.31161 2203.02082
267.00000 0.31163 1062.70833
268.00000 0.31167 2207.29165
269.00000 0.31171 1058.43749
270.00000 0.31173 2211.56248
271.00000 0.31178 2215.83332
272.00000 0.31180 1054.16666
273.00000 0.31184 2220.10415
274.00000 0.31188 1049.89583
275.00000 0.31190 2224.37498
276.00000 0.31193 2226.55549
277.00000 0.31193 2226.55549
278.00000 0.31193 2226.55122
279.00000 0.31196 1045.62499
280.00000 0.31205 1041.35416
281.00000 0.31213 1037.08333
282.00000 0.31222 1032.81249
283.00000 0.31230 1028.54166
284.00000 0.31239 1024.27083
285.00000 0.31247 1019.99999
286.00000 0.31256 1015.72916
287.00000 0.31265 1011.45833
288.00000 0.31273 1007.18749
289.00000 0.31282 1002.91666
290.00000 0.31291 998.64583
291.00000 0.31300 994.37499
292.00000 0.31309 990.10416
293.00000 0.31318 985.83333
294.00000 0.31327 981.56249
295.00000 0.31336 977.29166
296.00000 0.31345 973.02083
297.00000 0.31354 968.74999
298.00000 0.31363 964.47916
299.00000 0.31372 960.20833
300.00000 0.31382 955.93749
301.00000 0.31391 951.66666
302.00000 0.31400 947.39583
303.00000 0.31410 943.12499
304.00000 0.31419 938.85416
305.00000 0.31428 934.58333
306.00000 0.31438 930.31249
307.00000 0.31448 926.04166
308.00000 0.31457 921.77083
309.00000 0.31467 917.49999
310.00000 0.31476 913.22916
311.00000 0.31486 908.95833
312.00000 0.31496 904.68749
313.00000 0.31506 900.41666
314.00000 0.31516 896.14583
315.00000 0.31525 891.87499
316.00000 0.31535 887.60416
317.00000 0.31545 883.33333
318.00000 0.31555 879.06249
319.00000 0.31561 2222.28465
320.00000 0.31565 874.79166
321.00000 0.31575 870.52083
322.00000 0.31586 866.24999
323.00000 0.31596 861.97916
324.00000 0.31606 857.70833
325.00000 0.31616 853.43749
326.00000 0.31627 849.16666
327.00000 0.31637 844.89583
328.00000 0.31647 840.62500
329.00000 0.31658 836.35416
330.00000 0.31668 832.08333
331.00000 0.31678 827.81250
332.00000 0.31689 823.54166
333.00000 0.31700 819.27083
334.00000 0.31710 815.00000
335.00000 0.31721 810.72916
336.00000 0.31731 806.45833
337.00000 0.31742 802.18750
338.00000 0.31753 797.91666
339.00000 0.31764 793.64583
340.00000 0.31774 789.37500
341.00000 0.31785 785.10416
342.00000 0.31796 780.83333
343.00000 0.31807 776.56250
344.00000 0.31818 772.29166
345.00000 0.31829 768.02083
346.00000 0.31840 763.75000
347.00000 0.31851 759.47916
348.00000 0.31862 755.20833
349.00000 0.31873 750.93750
350.00000 0.31883 2218.01382
351.00000 0.31884 746.66666
352.00000 0.31896 742.39583
353.00000 0.31907 738.12500
354.00000 0.31918 733.85416
355.00000 0.31929 729.58333
356.00000 0.31941 725.31250
357.00000 0.31952 721.04166
358.00000 0.31964 716.77083
359.00000 0.31975 712.50000
360.00000 0.31986 708.22916
361.00000 0.31998 703.95833
362.00000 0.32010 699.68750
363.00000 0.32021 695.41666
364.00000 0.32033 691.14583
365.00000 0.32044 686.87500
366.00000 0.32056 682.60416
367.00000 0.32068 678.33333
368.00000 0.32079 674.06250
369.00000 0.32091 669.79166
370.00000 0.32103 665.52083
371.00000 0.32115 661.25000
372.00000 0.32127 656.97916
373.00000 0.32139 652.70833
374.00000 0.32150 648.43750
375.00000 0.32162 644.16666
376.00000 0.32172 2213.74299
377.00000 0.32174 639.89583
378.00000 0.32186 635.62500
379.00000 0.32198 631.35416
380.00000 0.32210 627.08333
381.00000 0.32223 622.81250
382.00000 0.32235 618.54166
383.00000 0.32247 614.27083
384.00000 0.32259 610.00000
385.00000 0.32271 605.72916
386.00000 0.32283 601.45833
387.00000 0.32296 597.18750
388.00000 0.32308 592.91666
389.00000 0.32320 588.64583
390.00000 0.32333 584.37500
391.00000 0.32346 580.10416
392.00000 0.32358 575.83333
393.00000 0.32371 571.56250
394.00000 0.32384 567.29166
395.00000 0.32397 563.02083
396.00000 0.32411 558.75000
397.00000 0.32424 554.47916
398.00000 0.32436 2209.47215
399.00000 0.32437 550.20833
400.00000 0.32451 545.93750
401.00000 0.32464 541.66666
402.00000 0.32478 537.39583
403.00000 0.32491 533.12500
404.00000 0.32505 528.85416
405.00000 0.32519 524.58333
406.00000 0.32532 520.31250
407.00000 0.32546 516.04166
408.00000 0.32560 511.77083
409.00000 0.32574 507.50000
410.00000 0.32588 503.22916
411.00000 0.32602 498.95833
412.00000 0.32616 494.68750
413.00000 0.32630 490.41666
414.00000 0.32644 486.14583
415.00000 0.32658 481.87500
416.00000 0.32672 477.60416
417.00000 0.32681 2205.20132
418.00000 0.32686 473.33333
419.00000 0.32700 469.06250
420.00000 0.32714 464.79166
421.00000 0.32728 460.52083
422.00000 0.32742 456.25000
423.00000 0.32756 451.97916
424.00000 0.32770 447.70833
425.00000 0.32784 443.43750
426.00000 0.32798 439.16666
427.00000 0.32812 434.89583
428.00000 0.32825 430.62500
429.00000 0.32839 426.35416
430.00000 0.32853 422.08333
431.00000 0.32866 417.81250
432.00000 0.32880 413.54166
433.00000 0.32893 409.27083
434.00000 0.32906 405.00000
435.00000 0.32909 2200.93049
436.00000 0.32920 400.72917
437.00000 0.32933 396.45833
438.00000 0.32946 392.18750
439.00000 0.32959 387.91667
440.00000 0.32971 383.64583
441.00000 0.32984 379.37500
442.00000 0.32996 375.10417
443.00000 0.33009 370.83333
444.00000 0.33021 366.56250
445.00000 0.33033 362.29167
446.00000 0.33045 358.02083
447.00000 0.33057 353.75000
448.00000 0.33068 349.47917
449.00000 0.33079 345.20833
450.00000 0.33091 340.93750
451.00000 0.33102 336.66667
452.00000 0.33112 332.39583
453.00000 0.33123 328.12500
454.00000 0.33124 2196.65965
455.00000 0.33133 323.85417
456.00000 0.33143 319.58333
457.00000 0.33153 315.31250
458.00000 0.33163 311.04167
459.00000 0.33172 306.77083
460.00000 0.33181 302.50000
461.00000 0.33190 298.22917
462.00000 0.33199 293.95833
463.00000 0.33207 289.68750
464.00000 0.33215 285.41667
465.00000 0.33223 281.14583
466.00000 0.33231 276.87500
467.00000 0.33238 272.60417
468.00000 0.33245 268.33333
469.00000 0.33251 264.06250
470.00000 0.33258 259.79167
471.00000 0.33264 255.52083
472.00000 0.33270 251.25000
473.00000 0.33275 246.97917
474.00000 0.33280 242.70833
475.00000 0.33285 238.43750
476.00000 0.33290 234.16667
477.00000 0.33294 229.89583
478.00000 0.33298 225.62500
479.00000 0.33302 221.35417
480.00000 0.33305 217.08333
481.00000 0.33309 212.81250
482.00000 0.33312 208.54167
483.00000 0.33314 204.27083
484.00000 0.33317 200.00427
485.00000 0.33317 200.00000
486.00000 0.33327 2192.38882
487.00000 0.33335 218.13009
488.00000 0.33335 222.40092
489.00000 0.33336 226.67175
490.00000 0.33337 230.94259
491.00000 0.33338 235.21342
492.00000 0.33339 239.48425
493.00000 0.33340 243.75509
494.00000 0.33342 248.02592
495.00000 0.33344 252.29675
496.00000 0.33346 256.56759
497.00000 0.33349 260.83842
498.00000 0.33352 265.10925
499.00000 0.33356 269.38009
500.00000 0.33360 273.65092
501.00000 0.33365 277.92175
502.00000 0.33371 282.19259
503.00000 0.33377 286.46342
504.00000 0.33384 290.73425
505.00000 0.33392 295.00509
506.00000 0.33401 299.27592
507.00000 0.33412 303.54675
508.00000 0.33423 307.81759
509.00000 0.33435 312.08842
510.00000 0.33449 316.35925
511.00000 0.33464 320.63009
512.00000 0.33480 324.90092
513.00000 0.33498 329.17175
514.00000 0.33517 333.44259
515.00000 0.33521 2188.11799
516.00000 0.33538 337.71342
517.00000 0.33560 341.98425
518.00000 0.33584 346.25509
519.00000 0.33610 350.52592
520.00000 0.33637 354.79675
521.00000 0.33666 359.06759
522.00000 0.33697 363.33842
523.00000 0.33706 2183.84715
524.00000 0.33730 367.60925
525.00000 0.33764 371.88009
526.00000 0.33801 376.15092
527.00000 0.33839 380.42175
528.00000 0.33879 384.69259
529.00000 0.33883 2179.57632
530.00000 0.33921 388.96342
531.00000 0.33964 393.23425
532.00000 0.34010 397.50509
533.00000 0.34054 2175.30549
534.00000 0.34057 401.77592
535.00000 0.34107 406.04675
536.00000 0.34158 410.31759
537.00000 0.34210 414.58842
538.00000 0.34219 2171.03465
539.00000 0.34265 418.85925
540.00000 0.34322 423.13009
541.00000 0.34378 2166.76382
542.00000 0.34380 427.40092
543.00000 0.34440 431.67175
544.00000 0.34502 435.94259
545.00000 0.34532 2162.49299
546.00000 0.34565 440.21342
547.00000 0.34630 444.48425
548.00000 0.34682 2158.22215
549.00000 0.34697 448.75508
550.00000 0.34766 453.02592
551.00000 0.34828 2153.95132
552.00000 0.34836 457.29675
553.00000 0.34908 461.56758
554.00000 0.34970 2149.68049
555.00000 0.34981 465.83842
556.00000 0.35056 470.10925
557.00000 0.35109 2145.40965
558.00000 0.35133 474.38008
559.00000 0.35211 478.65092
560.00000 0.35244 2141.13882
561.00000 0.35291 482.92175
562.00000 0.35373 487.19258
563.00000 0.35377 2136.86799
564.00000 0.35456 491.46342
565.00000 0.35506 2132.59715
566.00000 0.35540 495.73425
567.00000 0.35626 500.00508
568.00000 0.35633 2128.32632
569.00000 0.35714 504.27592
570.00000 0.35758 2124.05549
571.00000 0.35803 508.54675
572.00000 0.35881 2119.78465
573.00000 0.35894 512.81758
574.00000 0.35986 517.08842
575.00000 0.36001 2115.51382
576.00000 0.36080 521.35925
577.00000 0.36119 2111.24299
578.00000 0.36175 525.63008
579.00000 0.36236 2106.97215
580.00000 0.36272 529.90092
581.00000 0.36350 2102.70132
582.00000 0.36370 534.17175
583.00000 0.36463 2098.43049
584.00000 0.36470 538.44258
585.00000 0.36571 542.71342
586.00000 0.36575 2094.15965
587.00000 0.36673 546.98425
588.00000 0.36685 2089.88882
589.00000 0.36778 551.25508
590.00000 0.36794 2085.61799
591.00000 0.36883 555.52592
592.00000 0.36901 2081.34715
593.00000 0.36990 559.79675
594.00000 0.37007 2077.07632
595.00000 0.37099 564.06758
596.00000 0.37112 2072.80549
597.00000 0.37208 568.33842
598.00000 0.37215 2068.53465
599.00000 0.37318 2064.26382
600.00000 0.37320 572.60925
601.00000 0.37419 2059.99299
602.00000 0.37433 576.88008
603.00000 0.37520 2055.72215
604.00000 0.37547 581.15092
605.00000 0.37619 2051.45132
606.00000 0.37662 585.42175
607.00000 0.37718 2047.18049
608.00000 0.37779 589.69258
609.00000 0.37816 2042.90966
610.00000 0.37898 593.96342
611.00000 0.37913 2038.63882
612.00000 0.38009 2034.36799
613.00000 0.38017 598.23425
614.00000 0.38104 2030.09716
615.00000 0.38138 602.50508
616.00000 0.38199 2025.82632
617.00000 0.38261 606.77592
618.00000 0.38293 2021.55549
619.00000 0.38384 611.04675
620.00000 0.38386 2017.28466
621.00000 0.38479 2013.01382
622.00000 0.38509 615.31758
623.00000 0.38571 2008.74299
624.00000 0.38635 619.58842
625.00000 0.38663 2004.47216
626.00000 0.38753 2000.20132
627.00000 0.38762 623.85925
628.00000 0.38844 1995.93049
629.00000 0.38891 628.13008
630.00000 0.38934 1991.65966
631.00000 0.39020 632.40092
632.00000 0.39023 1987.38882
633.00000 0.39112 1983.11799
634.00000 0.39151 636.67175
635.00000 0.39200 1978.84716
636.00000 0.39283 640.94258
637.00000 0.39288 1974.57632
638.00000 0.39376 1970.30549
639.00000 0.39416 645.21342
640.00000 0.39463 1966.03466
641.00000 0.39549 649.48425
642.00000 0.39550 1961.76382
643.00000 0.39636 1957.49299
644.00000 0.39684 653.75508
645.00000 0.39722 1953.22216
646.00000 0.39807 1948.95132
647.00000 0.39819 658.02592
648.00000 0.39893 1944.68049
649.00000 0.39956 662.29675
650.00000 0.39978 1940.40966
651.00000 0.40062 1936.13882
652.00000 0.40093 666.56758
653.00000 0.40146 1931.86799
654.00000 0.40230 1927.59716
655.00000 0.40230 670.83842
656.00000 0.40314 1923.32632
657.00000 0.40368 675.10925
658.00000 0.40397 1919.05549
659.00000 0.40481 1914.78466
660.00000 0.40507 679.38008
661.00000 0.40564 1910.51382
662.00000 0.40646 1906.24299
663.00000 0.40646 683.65092
664.00000 0.40729 1901.97216
665.00000 0.40786 687.92175
666.00000 0.40811 1897.70132
667.00000 0.40893 1893.43049
668.00000 0.40926 692.19258
669.00000 0.40974 1889.15966
670.00000 0.41056 1884.88882
671.00000 0.41066 696.46342
672.00000 0.41137 1880.61799
673.00000 0.41206 700.73425
674.00000 0.41218 1876.34716
675.00000 0.41299 1872.07632
676.00000 0.41346 705.00508
677.00000 0.41380 1867.80549
678.00000 0.41461 1863.53466
679.00000 0.41486 709.27592
680.00000 0.41541 1859.26382
681.00000 0.41621 1854.99299
682.00000 0.41626 713.54675
683.00000 0.41701 1850.72216
684.00000 0.41766 717.81758
685.00000 0.41766 717.81758
686.00000 0.41766 717.81331
687.00000 0.41767 717.97563
688.00000 0.41781 1846.45132
689.00000 0.41783 722.24646
690.00000 0.41800 726.51729
691.00000 0.41816 730.78813
692.00000 0.41833 735.05896
693.00000 0.41849 739.32979
694.00000 0.41861 1842.18049
695.00000 0.41865 743.60063
696.00000 0.41882 747.87146
697.00000 0.41898 752.14229
698.00000 0.41914 756.41313
699.00000 0.41930 760.68396
700.00000 0.41941 1837.90966
701.00000 0.41946 764.95479
702.00000 0.41962 769.22563
703.00000 0.41979 773.49646
704.00000 0.41995 777.76729
705.00000 0.42011 782.03813
706.00000 0.42020 1833.63882
707.00000 0.42027 786.30896
708.00000 0.42043 790.57979
709.00000 0.42059 794.85063
710.00000 0.42074 799.12146
711.00000 0.42090 803.39229
712.00000 0.42100 1829.36799
713.00000 0.42106 807.66313
714.00000 0.42122 811.93396
715.00000 0.42138 816.20479
716.00000 0.42154 820.47563
717.00000 0.42169 824.74646
718.00000 0.42179 1825.09716
719.00000 0.42185 829.01729
720.00000 0.42201 833.28813
721.00000 0.42216 837.55896
722.00000 0.42232 841.82979
723.00000 0.42247 846.10063
724.00000 0.42258 1820.82632
725.00000 0.42263 850.37146
726.00000 0.42279 854.64229
727.00000 0.42294 858.91313
728.00000 0.42310 863.18396
729.00000 0.42325 867.45479
730.00000 0.42337 1816.55549
731.00000 0.42340 871.72563
732.00000 0.42356 875.99646
733.00000 0.42371 880.26729
734.00000 0.42386 884.53813
735.00000 0.42402 888.80896
736.00000 0.42416 1812.28466
737.00000 0.42417 893.07979
738.00000 0.42432 897.35063
739.00000 0.42448 901.62146
740.00000 0.42463 905.89229
741.00000 0.42478 910.16313
742.00000 0.42493 914.43396
743.00000 0.42495 1808.01382
744.00000 0.42508 918.70479
745.00000 0.42523 922.97563
746.00000 0.42538 927.24646
747.00000 0.42553 931.51729
748.00000 0.42568 935.78813
749.00000 0.42573 1803.74299
750.00000 0.42583 940.05896
751.00000 0.42598 944.32979
752.00000 0.42613 948.60063
753.00000 0.42628 952.87146
754.00000 0.42643 957.14229
755.00000 0.42652 1799.47216
756.00000 0.42658 961.41313
757.00000 0.42673 965.68396
758.00000 0.42688 969.95479
759.00000 0.42703 974.22563
760.00000 0.42717 978.49646
761.00000 0.42730 1795.20132
762.00000 0.42732 982.76729
763.00000 0.42747 987.03813
764.00000 0.42762 991.30896
765.00000 0.42776 995.57979
766.00000 0.42791 999.85063
767.00000 0.42806 1004.12146
768.00000 0.42809 1790.93049
769.00000 0.42820 1008.39229
770.00000 0.42835 1012.66313
771.00000 0.42850 1016.93396
772.00000 0.42864 1021.20479
773.00000 0.42879 1025.47563
774.00000 0.42887 1786.65966
775.00000 0.42893 1029.74646
776.00000 0.42908 1034.01729
777.00000 0.42922 1038.28813
778.00000 0.42937 1042.55896
779.00000 0.42951 1046.82979
780.00000 0.42965 1782.38882
781.00000 0.42966 1051.10063
782.00000 0.42980 1055.37146
783.00000 0.42995 1059.64229
784.00000 0.43009 1063.91313
785.00000 0.43023 1068.18396
786.00000 0.43038 1072.45479
787.00000 0.43043 1778.11799
788.00000 0.43052 1076.72563
789.00000 0.43066 1080.99646
790.00000 0.43081 1085.26729
791.00000 0.43095 1089.53813
792.00000 0.43109 1093.80896
793.00000 0.43121 1773.84716
794.00000 0.43123 1098.07979
795.00000 0.43138 1102.35063
796.00000 0.43152 1106.62146
797.00000 0.43166 1110.89229
798.00000 0.43180 1115.16313
799.00000 0.43194 1119.43396
800.00000 0.43199 1769.57632
801.00000 0.43208 1123.70479
802.00000 0.43223 1127.97563
803.00000 0.43237 1132.24646
804.00000 0.43251 1136.51729
805.00000 0.43265 1140.78812
806.00000 0.43277 1765.30549
807.00000 0.43279 1145.05896
808.00000 0.43293 1149.32979
809.00000 0.43307 1153.60062
810.00000 0.43321 1157.87146
811.00000 0.43335 1162.14229
812.00000 0.43349 1166.41312
813.00000 0.43355 1761.03466
814.00000 0.43363 1170.68396
815.00000 0.43377 1174.95479
816.00000 0.43391 1179.22562
817.00000 0.43405 1183.49646
818.00000 0.43419 1187.76729
819.00000 0.43433 1756.76382
820.00000 0.43433 1192.03812
821.00000 0.43446 1196.30896
822.00000 0.43460 1200.57979
823.00000 0.43474 1204.85062
824.00000 0.43488 1209.12146
825.00000 0.43502 1213.39229
826.00000 0.43510 1752.49299
827.00000 0.43516 1217.66312
828.00000 0.43530 1221.93396
829.00000 0.43543 1226.20479
830.00000 0.43557 1230.47562
831.00000 0.43571 1234.74646
832.00000 0.43585 1239.01729
833.00000 0.43588 1748.22216
834.00000 0.43598 1243.28812
835.00000 0.43612 1247.55896
836.00000 0.43626 1251.82979
837.00000 0.43640 1256.10062
838.00000 0.43653 1260.37146
839.00000 0.43666 1743.95132
840.00000 0.43667 1264.64229
841.00000 0.43681 1268.91312
842.00000 0.43694 1273.18396
843.00000 0.43708 1277.45479
844.00000 0.43722 1281.72562
845.00000 0.43735 1285.99646
846.00000 0.43743 1739.68049
847.00000 0.43749 1290.26729
848.00000 0.43763 1294.53812
849.00000 0.43776 1298.80896
850.00000 0.43790 1303.07979
851.00000 0.43803 1307.35062
852.00000 0.43817 1311.62146
853.00000 0.43821 1735.40966
854.00000 0.43831 1315.89229
855.00000 0.43844 1320.16312
856.00000 0.43858 1324.43396
857.00000 0.43871 1328.70479
858.00000 0.43885 1332.97562
859.00000 0.43898 1731.13882
860.00000 0.43898 1337.24646
861.00000 0.43912 1341.51729
862.00000 0.43925 1345.78812
863.00000 0.43939 1350.05896
864.00000 0.43952 1354.32979
865.00000 0.43966 1358.60062
866.00000 0.43975 1726.86799
867.00000 0.43979 1362.87146
868.00000 0.43993 1367.14229
869.00000 0.44006 1371.41312
870.00000 0.44020 1375.68396
871.00000 0.44033 1379.95479
872.00000 0.44047 1384.22562
873.00000 0.44053 1722.59716
874.00000 0.44060 1388.49646
875.00000 0.44074 1392.76729
876.00000 0.44087 1397.03812
877.00000 0.44101 1401.30896
878.00000 0.44114 1405.57979
879.00000 0.44128 1409.85062
880.00000 0.44130 1718.32632
881.00000 0.44141 1414.12146
882.00000 0.44155 1418.39229
883.00000 0.44168 1422.66312
884.00000 0.44181 1426.93396
885.00000 0.44195 1431.20479
886.00000 0.44207 1714.05549
887.00000 0.44208 1435.47562
888.00000 0.44222 1439.74646
889.00000 0.44235 1444.01729
890.00000 0.44249 1448.28812
891.00000 0.44262 1452.55896
892.00000 0.44275 1456.82979
893.00000 0.44284 1709.78466
894.00000 0.44289 1461.10062
895.00000 0.44302 1465.37146
896.00000 0.44316 1469.64229
897.00000 0.44329 1473.91312
898.00000 0.44342 1478.18396
899.00000 0.44356 1482.45479
900.00000 0.44361 1705.51382
901.00000 0.44369 1486.72562
902.00000 0.44383 1490.99646
903.00000 0.44396 1495.26729
904.00000 0.44410 1499.53812
905.00000 0.44423 1503.80896
906.00000 0.44436 1508.07979
907.00000 0.44438 1701.24299
908.00000 0.44450 1512.35062
909.00000 0.44463 1516.62146
910.00000 0.44477 1520.89229
911.00000 0.44490 1525.16312
912.00000 0.44503 1529.43396
913.00000 0.44515 1696.97216
914.00000 0.44517 1533.70479
915.00000 0.44530 1537.97562
916.00000 0.44544 1542.24646
917.00000 0.44557 1546.51729
918.00000 0.44571 1550.78812
919.00000 0.44584 1555.05896
920.00000 0.44592 1692.70132
921.00000 0.44597 1559.32979
922.00000 0.44611 1563.60062
923.00000 0.44624 1567.87145
924.00000 0.44638 1572.14229
925.00000 0.44651 1576.41312
926.00000 0.44665 1580.68395
927.00000 0.44669 1688.43049
928.00000 0.44678 1584.95479
929.00000 0.44692 1589.22562
930.00000 0.44705 1593.49645
931.00000 0.44719 1597.76729
932.00000 0.44732 1602.03812
933.00000 0.44746 1606.30895
934.00000 0.44746 1684.15966
935.00000 0.44759 1610.57979
936.00000 0.44773 1614.85062
937.00000 0.44786 1619.12145
938.00000 0.44800 1623.39229
939.00000 0.44813 1627.66312
940.00000 0.44823 1679.90304
941.00000 0.44823 1679.89877
942.00000 0.44823 1679.90304
943.00000 0.44827 1631.93395
944.00000 0.44834 1675.63221
945.00000 0.44840 1636.20479
946.00000 0.44846 1671.36138
947.00000 0.44854 1640.47562
948.00000 0.44857 1667.09054
949.00000 0.44868 1644.74645
950.00000 0.44869 1662.81971
951.00000 0.44880 1658.54888
952.00000 0.44881 1649.01729
953.00000 0.44892 1654.27804
954.00000 0.44895 1653.28812
955.00000 0.44895 1653.28385
956.00000 0.44895 1653.28812
