0.00000 0.66299 1614.29963
1.00000 0.66299 1614.29536
2.00000 0.66299 1614.29963
3.00000 0.66299 1614.29963
4.00000 0.66299 1614.29536
5.00000 0.66301 1614.02938
6.00000 0.66325 1610.02880
7.00000 0.66327 1609.75854
8.00000 0.66351 1605.75797
9.00000 0.66353 1605.48771
10.00000 0.66377 1601.48713
11.00000 0.66379 1601.21688
12.00000 0.66385 1610.02880
13.00000 0.66404 1597.21630
14.00000 0.66406 1596.94604
15.00000 0.66431 1592.94547
16.00000 0.66433 1592.67521
17.00000 0.66459 1588.67463
18.00000 0.66461 1588.40438
19.00000 0.66464 1605.75797
20.00000 0.66488 1584.40380
21.00000 0.66490 1584.13354
22.00000 0.66519 1580.13297
23.00000 0.66522 1579.86271
24.00000 0.66536 1601.48713
25.00000 0.66553 1575.86213
26.00000 0.66555 1575.59188
27.00000 0.66591 1571.59130
28.00000 0.66594 1571.32104
29.00000 0.66603 1597.21630
30.00000 0.66635 1567.64412
31.00000 0.66639 1567.32047
32.00000 0.66644 1566.93221
33.00000 0.66656 1566.15569
34.00000 0.66661 1565.80566
35.00000 0.66666 1592.94547
36.00000 0.66678 1564.88643
37.00000 0.66684 1564.60266
38.00000 0.66688 1564.42682
39.00000 0.66690 1564.32029
40.00000 0.66694 1564.19701
41.00000 0.66707 1563.75556
42.00000 0.66712 1563.65288
43.00000 0.66717 1563.54530
44.00000 0.66722 1563.44752
45.00000 0.66725 1563.41018
46.00000 0.66725 1588.67463
47.00000 0.66728 1563.37550
48.00000 0.66733 1563.33550
49.00000 0.66734 1563.32995
50.00000 0.66735 1563.32192
51.00000 0.66736 1563.31705
52.00000 0.66736 1563.31946
53.00000 0.66737 1563.31362
54.00000 0.66737 1563.31452
55.00000 0.66738 1563.31183
56.00000 0.66739 1563.31073
57.00000 0.66739 1563.31085
58.00000 0.66739 1563.31150
59.00000 0.66739 1563.31073
60.00000 0.66739 1563.31073
61.00000 0.66741 1563.31033
62.00000 0.66741 1563.31005
63.00000 0.66742 1563.31081
64.00000 0.66742 1563.31062
65.00000 0.66742 1563.31126
66.00000 0.66743 1563.31372
67.00000 0.66744 1563.31496
68.00000 0.66754 1563.38964
69.00000 0.66757 1563.42697
70.00000 0.66758 1563.44564
71.00000 0.66764 1563.54832
72.00000 0.66781 1584.40380
73.00000 0.66784 1564.11306
74.00000 0.66791 1564.39543
75.00000 0.66794 1564.53661
76.00000 0.66809 1565.31313
77.00000 0.66816 1565.70139
78.00000 0.66834 1580.13297
79.00000 0.66866 1569.97222
80.00000 0.66884 1575.86213
81.00000 0.66903 1574.24305
82.00000 0.66903 1574.23878
83.00000 0.66903 1574.24305
