0.00000 0.00000 2249.00000
1.00000 0.00000 2036.00000
2.00000 0.00000 2039.00000
3.00000 0.00000 2042.00000
4.00000 0.00000 2045.00000
5.00000 0.00000 2048.00000
6.00000 0.00000 2009.00000
7.00000 0.00000 2051.00000
8.00000 0.00000 1961.00000
9.00000 0.00000 1955.00000
10.00000 0.00000 1871.00000
11.00000 0.00000 1874.00000
12.00000 0.00000 1877.00000
13.00000 0.00000 1880.00000
14.00000 0.00000 1883.00000
15.00000 0.00000 1886.00000
16.00000 0.00000 1889.00000
17.00000 0.00000 1892.00000
18.00000 0.00000 2033.00000
19.00000 0.00000 1895.00000
20.00000 0.00000 2030.00000
21.00000 0.00000 2024.00000
22.00000 0.00000 1973.00000
23.00000 0.00000 1976.00000
24.00000 0.00000 1979.00000
25.00000 0.00000 1982.00000
26.00000 0.00000 1985.00000
27.00000 0.00000 1988.00000
28.00000 0.00000 1991.00000
29.00000 0.00000 1994.00000
30.00000 0.00000 1997.00000
31.00000 0.00000 2000.00000
32.00000 0.00000 2003.00000
33.00000 0.00000 1964.00000
34.00000 0.00000 2006.00000
35.00000 0.00000 2012.00000
36.00000 0.00000 2015.00000
37.00000 0.00000 2018.00000
38.00000 0.00000 2021.00000
39.00000 0.00000 2027.00000
40.00000 0.00000 1898.00000
41.00000 0.00000 1901.00000
42.00000 0.00000 1904.00000
43.00000 0.00000 2168.00000
44.00000 0.00000 2171.00000
45.00000 0.00000 2174.00000
46.00000 0.00000 2177.00000
47.00000 0.00000 2180.00000
48.00000 0.00000 2183.00000
49.00000 0.00000 2186.00000
50.00000 0.00000 2189.00000
51.00000 0.00000 2192.00000
52.00000 0.00000 2195.00000
53.00000 0.00000 2198.00000
54.00000 0.00000 2159.00000
55.00000 0.00000 2201.00000
56.00000 0.00000 2207.00000
57.00000 0.00000 2210.00000
58.00000 0.00000 2213.00000
59.00000 0.00000 2216.00000
60.00000 0.00000 2165.00000
61.00000 0.00000 2162.00000
62.00000 0.00000 2060.00000
63.00000 0.00000 2057.00000
64.00000 0.00000 1907.00000
65.00000 0.00000 1958.00000
66.00000 0.00000 1910.00000
67.00000 0.00000 1916.00000
68.00000 0.00000 1919.00000
69.00000 0.00000 1922.00000
70.00000 0.00000 1925.00000
71.00000 0.00000 1928.00000
72.00000 0.00000 1970.00000
73.00000 0.00000 1931.00000
74.00000 0.00000 1937.00000
75.00000 0.00000 1940.00000
76.00000 0.00000 1943.00000
77.00000 0.00000 1946.00000
78.00000 0.00000 1949.00000
79.00000 0.00000 1952.00000
80.00000 0.00000 1913.00000
81.00000 0.00000 2054.00000
82.00000 0.00000 1934.00000
83.00000 0.00000 1967.00000
84.00000 0.00000 1481.00000
85.00000 0.00000 1475.00000
86.00000 0.00000 773.00000
87.00000 0.00000 770.00000
88.00000 0.00000 767.00000
89.00000 0.00000 764.00000
90.00000 0.00000 683.00000
91.00000 0.00000 680.00000
92.00000 0.00000 677.00000
93.00000 0.00000 674.00000
94.00000 0.00000 593.00000
95.00000 0.00000 590.00000
96.00000 0.00000 587.00000
97.00000 0.00000 584.00000
98.00000 0.00000 581.00000
99.00000 0.00000 578.00000
100.00000 0.00000 575.00000
101.00000 0.00000 572.00000
102.00000 0.00000 569.00000
103.00000 0.00000 776.00000
104.00000 0.00000 779.00000
105.00000 0.00000 782.00000
106.00000 0.00000 785.00000
107.00000 0.00000 755.00000
108.00000 0.00000 758.00000
109.00000 0.00000 761.00000
110.00000 0.00000 830.00000
111.00000 0.00000 827.00000
112.00000 0.00000 824.00000
113.00000 0.00000 821.00000
114.00000 0.00000 818.00000
115.00000 0.00000 566.00000
116.00000 0.00000 815.00000
117.00000 0.00000 809.00000
118.00000 0.00000 806.00000
119.00000 0.00000 803.00000
120.00000 0.00000 800.00000
121.00000 0.00000 797.00000
122.00000 0.00000 794.00000
123.00000 0.00000 791.00000
124.00000 0.00000 788.00000
125.00000 0.00000 812.00000
126.00000 0.00000 2219.00000
127.00000 0.00000 563.00000
128.00000 0.00000 200.00000
129.00000 0.00000 647.00000
130.00000 0.00000 644.00000
131.00000 0.00000 641.00000
132.00000 0.00000 638.00000
133.00000 0.00000 635.00000
134.00000 0.00000 632.00000
135.00000 0.00000 2246.00000
136.00000 0.00000 629.00000
137.00000 0.00000 626.00000
138.00000 0.00000 623.00000
139.00000 0.00000 620.00000
140.00000 0.00000 617.00000
141.00000 0.00000 614.00000
142.00000 0.00000 611.00000
143.00000 0.00000 608.00000
144.00000 0.00000 602.00000
145.00000 0.00000 554.00000
146.00000 0.00000 650.00000
147.00000 0.00000 653.00000
148.00000 0.00000 656.00000
149.00000 0.00000 659.00000
150.00000 0.00000 203.00000
151.00000 0.00000 206.00000
152.00000 0.00000 209.00000
153.00000 0.00000 212.00000
154.00000 0.00000 215.00000
155.00000 0.00000 218.00000
156.00000 0.00000 221.00000
157.00000 0.00000 224.00000
158.00000 0.00000 560.00000
159.00000 0.00000 227.00000
160.00000 0.00000 596.00000
161.00000 0.00000 236.00000
162.00000 0.00000 599.00000
163.00000 0.00000 605.00000
164.00000 0.00000 671.00000
165.00000 0.00000 668.00000
166.00000 0.00000 665.00000
167.00000 0.00000 662.00000
168.00000 0.00000 230.00000
169.00000 0.00000 2222.00000
170.00000 0.00000 2225.00000
171.00000 0.00000 2228.00000
172.00000 0.00000 1778.00000
173.00000 0.00000 1781.00000
174.00000 0.00000 1784.00000
175.00000 0.00000 1787.00000
176.00000 0.00000 1790.00000
177.00000 0.00000 1793.00000
178.00000 0.00000 1796.00000
179.00000 0.00000 1799.00000
180.00000 0.00000 1802.00000
181.00000 0.00000 1805.00000
182.00000 0.00000 1808.00000
183.00000 0.00000 1769.00000
184.00000 0.00000 1811.00000
185.00000 0.00000 1817.00000
186.00000 0.00000 1820.00000
187.00000 0.00000 1826.00000
188.00000 0.00000 1829.00000
189.00000 0.00000 1775.00000
190.00000 0.00000 1772.00000
191.00000 0.00000 1673.00000
192.00000 0.00000 557.00000
193.00000 0.00000 1520.00000
194.00000 0.00000 1523.00000
195.00000 0.00000 1526.00000
196.00000 0.00000 1529.00000
197.00000 0.00000 1532.00000
198.00000 0.00000 1535.00000
199.00000 0.00000 1538.00000
200.00000 0.00000 1541.00000
201.00000 0.00000 1832.00000
202.00000 0.00000 1544.00000
203.00000 0.00000 1550.00000
204.00000 0.00000 1553.00000
205.00000 0.00000 1556.00000
206.00000 0.00000 1559.00000
207.00000 0.00000 1562.00000
208.00000 0.00000 1565.00000
209.00000 0.00000 1664.00000
210.00000 0.00000 1667.00000
211.00000 0.00000 1547.00000
212.00000 0.00000 1517.00000
213.00000 0.00000 1835.00000
214.00000 0.00000 1841.00000
215.00000 0.00000 1712.00000
216.00000 0.00000 1670.00000
217.00000 0.00000 1718.00000
218.00000 0.00000 1754.00000
219.00000 0.00000 1757.00000
220.00000 0.00000 1748.00000
221.00000 0.00000 1745.00000
222.00000 0.00000 1742.00000
223.00000 0.00000 1739.00000
224.00000 0.00000 1751.00000
225.00000 0.00000 1733.00000
226.00000 0.00000 1721.00000
227.00000 0.00000 1736.00000
228.00000 0.00000 1715.00000
229.00000 0.00000 1727.00000
230.00000 0.00000 1730.00000
231.00000 0.00000 1724.00000
232.00000 0.00000 1709.00000
233.00000 0.00000 1706.00000
234.00000 0.00000 1703.00000
235.00000 0.00000 1700.00000
236.00000 0.00000 1844.00000
237.00000 0.00000 1847.00000
238.00000 0.00000 1850.00000
239.00000 0.00000 1856.00000
240.00000 0.00000 1853.00000
241.00000 0.00000 1814.00000
242.00000 0.00000 1766.00000
243.00000 0.00000 1823.00000
244.00000 0.00000 1838.00000
245.00000 0.00000 1760.00000
246.00000 0.00000 1763.00000
247.00000 0.00000 1679.00000
248.00000 0.00000 1682.00000
249.00000 0.00000 1685.00000
250.00000 0.00000 1688.00000
251.00000 0.00000 1691.00000
252.00000 0.00000 1694.00000
253.00000 0.00000 1697.00000
254.00000 0.00000 1676.00000
255.00000 0.00000 716.00000
256.00000 0.00000 1514.00000
257.00000 0.00000 1508.00000
258.00000 0.00000 2102.00000
259.00000 0.00000 2105.00000
260.00000 0.00000 2108.00000
261.00000 0.00000 2111.00000
262.00000 0.00000 2114.00000
263.00000 0.00000 1478.00000
264.00000 0.00000 2120.00000
265.00000 0.00000 2123.00000
266.00000 0.00000 2126.00000
267.00000 0.00000 2129.00000
268.00000 0.00000 2132.00000
269.00000 0.00000 2135.00000
270.00000 0.00000 2138.00000
271.00000 0.00000 2141.00000
272.00000 0.00000 2144.00000
273.00000 0.00000 2147.00000
274.00000 0.00000 1868.00000
275.00000 0.00000 2099.00000
276.00000 0.00000 2096.00000
277.00000 0.00000 2093.00000
278.00000 0.00000 2090.00000
279.00000 0.00000 2231.00000
280.00000 0.00000 2234.00000
281.00000 0.00000 2237.00000
282.00000 0.00000 2240.00000
283.00000 0.00000 2243.00000
284.00000 0.00000 2204.00000
285.00000 0.00000 2156.00000
286.00000 0.00000 2153.00000
287.00000 0.00000 1865.00000
288.00000 0.00000 2150.00000
289.00000 0.00000 2066.00000
290.00000 0.00000 2069.00000
291.00000 0.00000 2072.00000
292.00000 0.00000 2075.00000
293.00000 0.00000 2078.00000
294.00000 0.00000 2081.00000
295.00000 0.00000 2084.00000
296.00000 0.00000 2087.00000
297.00000 0.00000 2063.00000
298.00000 0.00000 1511.00000
299.00000 0.00000 2117.00000
300.00000 0.00000 1580.00000
301.00000 0.00000 1649.00000
302.00000 0.00000 1652.00000
303.00000 0.00000 1655.00000
304.00000 0.00000 1658.00000
305.00000 0.00000 1622.00000
306.00000 0.00000 1574.00000
307.00000 0.00000 1571.00000
308.00000 0.00000 1568.00000
309.00000 0.00000 1484.00000
310.00000 0.00000 1862.00000
311.00000 0.00000 1487.00000
312.00000 0.00000 1490.00000
313.00000 0.00000 1493.00000
314.00000 0.00000 1496.00000
315.00000 0.00000 1499.00000
316.00000 0.00000 1502.00000
317.00000 0.00000 1505.00000
318.00000 0.00000 1646.00000
319.00000 0.00000 1643.00000
320.00000 0.00000 1640.00000
321.00000 0.00000 1637.00000
322.00000 0.00000 1583.00000
323.00000 0.00000 1586.00000
324.00000 0.00000 1589.00000
325.00000 0.00000 1592.00000
326.00000 0.00000 1595.00000
327.00000 0.00000 1598.00000
328.00000 0.00000 1601.00000
329.00000 0.00000 1604.00000
330.00000 0.00000 1859.00000
331.00000 0.00000 1607.00000
332.00000 0.00000 1613.00000
333.00000 0.00000 1616.00000
334.00000 0.00000 1577.00000
335.00000 0.00000 1619.00000
336.00000 0.00000 1625.00000
337.00000 0.00000 1628.00000
338.00000 0.00000 1631.00000
339.00000 0.00000 1634.00000
340.00000 0.00000 1610.00000
341.00000 0.00000 686.00000
342.00000 0.00000 1661.00000
343.00000 0.00000 692.00000
344.00000 0.00000 1388.00000
345.00000 0.00000 1385.00000
346.00000 0.00000 1382.00000
347.00000 0.00000 1379.00000
348.00000 0.00000 1376.00000
349.00000 0.00000 1373.00000
350.00000 0.00000 1370.00000
351.00000 0.00000 1367.00000
352.00000 0.00000 1364.00000
353.00000 0.00000 1361.00000
354.00000 0.00000 1391.00000
355.00000 0.00000 1358.00000
356.00000 0.00000 1352.00000
357.00000 0.00000 1349.00000
358.00000 0.00000 1346.00000
359.00000 0.00000 1343.00000
360.00000 0.00000 1340.00000
361.00000 0.00000 1160.00000
362.00000 0.00000 1337.00000
363.00000 0.00000 1157.00000
364.00000 0.00000 995.00000
365.00000 0.00000 968.00000
366.00000 0.00000 965.00000
367.00000 0.00000 962.00000
368.00000 0.00000 959.00000
369.00000 0.00000 956.00000
370.00000 0.00000 953.00000
371.00000 0.00000 950.00000
372.00000 0.00000 947.00000
373.00000 0.00000 944.00000
374.00000 0.00000 941.00000
375.00000 0.00000 938.00000
376.00000 0.00000 935.00000
377.00000 0.00000 932.00000
378.00000 0.00000 689.00000
379.00000 0.00000 929.00000
380.00000 0.00000 926.00000
381.00000 0.00000 923.00000
382.00000 0.00000 1154.00000
383.00000 0.00000 1334.00000
384.00000 0.00000 1331.00000
385.00000 0.00000 1328.00000
386.00000 0.00000 1415.00000
387.00000 0.00000 1412.00000
388.00000 0.00000 1409.00000
389.00000 0.00000 1406.00000
390.00000 0.00000 1403.00000
391.00000 0.00000 1322.00000
392.00000 0.00000 1319.00000
393.00000 0.00000 1316.00000
394.00000 0.00000 1313.00000
395.00000 0.00000 1229.00000
396.00000 0.00000 1226.00000
397.00000 0.00000 1223.00000
398.00000 0.00000 1220.00000
399.00000 0.00000 1217.00000
400.00000 0.00000 1214.00000
401.00000 0.00000 1211.00000
402.00000 0.00000 1208.00000
403.00000 0.00000 1418.00000
404.00000 0.00000 1421.00000
405.00000 0.00000 1424.00000
406.00000 0.00000 1427.00000
407.00000 0.00000 1325.00000
408.00000 0.00000 1355.00000
409.00000 0.00000 1394.00000
410.00000 0.00000 1397.00000
411.00000 0.00000 1400.00000
412.00000 0.00000 1469.00000
413.00000 0.00000 1466.00000
414.00000 0.00000 1460.00000
415.00000 0.00000 971.00000
416.00000 0.00000 1457.00000
417.00000 0.00000 1451.00000
418.00000 0.00000 1448.00000
419.00000 0.00000 1445.00000
420.00000 0.00000 1442.00000
421.00000 0.00000 1439.00000
422.00000 0.00000 1436.00000
423.00000 0.00000 1433.00000
424.00000 0.00000 1430.00000
425.00000 0.00000 1454.00000
426.00000 0.00000 974.00000
427.00000 0.00000 977.00000
428.00000 0.00000 980.00000
429.00000 0.00000 1034.00000
430.00000 0.00000 1073.00000
431.00000 0.00000 1076.00000
432.00000 0.00000 1079.00000
433.00000 0.00000 1148.00000
434.00000 0.00000 1145.00000
435.00000 0.00000 1142.00000
436.00000 0.00000 1139.00000
437.00000 0.00000 1136.00000
438.00000 0.00000 1133.00000
439.00000 0.00000 1130.00000
440.00000 0.00000 1127.00000
441.00000 0.00000 1124.00000
442.00000 0.00000 1121.00000
443.00000 0.00000 1118.00000
444.00000 0.00000 1115.00000
445.00000 0.00000 1112.00000
446.00000 0.00000 1004.00000
447.00000 0.00000 1007.00000
448.00000 0.00000 1010.00000
449.00000 0.00000 1013.00000
450.00000 0.00000 1067.00000
451.00000 0.00000 1064.00000
452.00000 0.00000 1061.00000
453.00000 0.00000 1058.00000
454.00000 0.00000 1055.00000
455.00000 0.00000 1052.00000
456.00000 0.00000 1049.00000
457.00000 0.00000 1046.00000
458.00000 0.00000 1109.00000
459.00000 0.00000 1043.00000
460.00000 0.00000 1070.00000
461.00000 0.00000 1037.00000
462.00000 0.00000 1031.00000
463.00000 0.00000 1028.00000
464.00000 0.00000 1025.00000
465.00000 0.00000 1022.00000
466.00000 0.00000 1019.00000
467.00000 0.00000 1016.00000
468.00000 0.00000 1040.00000
469.00000 0.00000 1205.00000
470.00000 0.00000 1106.00000
471.00000 0.00000 1100.00000
472.00000 0.00000 872.00000
473.00000 0.00000 869.00000
474.00000 0.00000 866.00000
475.00000 0.00000 863.00000
476.00000 0.00000 860.00000
477.00000 0.00000 857.00000
478.00000 0.00000 854.00000
479.00000 0.00000 851.00000
480.00000 0.00000 848.00000
481.00000 0.00000 845.00000
482.00000 0.00000 875.00000
483.00000 0.00000 914.00000
484.00000 0.00000 917.00000
485.00000 0.00000 920.00000
486.00000 0.00000 989.00000
487.00000 0.00000 986.00000
488.00000 0.00000 983.00000
489.00000 0.00000 878.00000
490.00000 0.00000 911.00000
491.00000 0.00000 881.00000
492.00000 0.00000 884.00000
493.00000 0.00000 1097.00000
494.00000 0.00000 1094.00000
495.00000 0.00000 1091.00000
496.00000 0.00000 1088.00000
497.00000 0.00000 1085.00000
498.00000 0.00000 1082.00000
499.00000 0.00000 1001.00000
500.00000 0.00000 1151.00000
501.00000 0.00000 1103.00000
502.00000 0.00000 998.00000
503.00000 0.00000 908.00000
504.00000 0.00000 905.00000
505.00000 0.00000 902.00000
506.00000 0.00000 899.00000
507.00000 0.00000 896.00000
508.00000 0.00000 893.00000
509.00000 0.00000 890.00000
510.00000 0.00000 887.00000
511.00000 0.00000 992.00000
512.00000 0.00000 1202.00000
513.00000 0.00000 1463.00000
514.00000 0.00000 1196.00000
515.00000 0.00000 524.00000
516.00000 0.00000 527.00000
517.00000 0.00000 530.00000
518.00000 0.00000 533.00000
519.00000 0.00000 536.00000
520.00000 0.00000 539.00000
521.00000 0.00000 542.00000
522.00000 0.00000 545.00000
523.00000 0.00000 548.00000
524.00000 0.00000 551.00000
525.00000 0.00000 1199.00000
526.00000 0.00000 242.00000
527.00000 0.00000 479.00000
528.00000 0.00000 473.00000
529.00000 0.00000 404.00000
530.00000 0.00000 407.00000
531.00000 0.00000 410.00000
532.00000 0.00000 521.00000
533.00000 0.00000 518.00000
534.00000 0.00000 515.00000
535.00000 0.00000 512.00000
536.00000 0.00000 299.00000
537.00000 0.00000 302.00000
538.00000 0.00000 305.00000
539.00000 0.00000 308.00000
540.00000 0.00000 311.00000
541.00000 0.00000 392.00000
542.00000 0.00000 395.00000
543.00000 0.00000 398.00000
544.00000 0.00000 413.00000
545.00000 0.00000 401.00000
546.00000 0.00000 488.00000
547.00000 0.00000 491.00000
548.00000 0.00000 494.00000
549.00000 0.00000 497.00000
550.00000 0.00000 500.00000
551.00000 0.00000 503.00000
552.00000 0.00000 506.00000
553.00000 0.00000 509.00000
554.00000 0.00000 485.00000
555.00000 0.00000 296.00000
556.00000 0.00000 416.00000
557.00000 0.00000 422.00000
558.00000 0.00000 743.00000
559.00000 0.00000 740.00000
560.00000 0.00000 737.00000
561.00000 0.00000 734.00000
562.00000 0.00000 731.00000
563.00000 0.00000 728.00000
564.00000 0.00000 725.00000
565.00000 0.00000 722.00000
566.00000 0.00000 752.00000
567.00000 0.00000 719.00000
568.00000 0.00000 713.00000
569.00000 0.00000 710.00000
570.00000 0.00000 707.00000
571.00000 0.00000 704.00000
572.00000 0.00000 701.00000
573.00000 0.00000 698.00000
574.00000 0.00000 695.00000
575.00000 0.00000 746.00000
576.00000 0.00000 749.00000
577.00000 0.00000 233.00000
578.00000 0.00000 239.00000
579.00000 0.00000 425.00000
580.00000 0.00000 428.00000
581.00000 0.00000 431.00000
582.00000 0.00000 434.00000
583.00000 0.00000 437.00000
584.00000 0.00000 440.00000
585.00000 0.00000 443.00000
586.00000 0.00000 446.00000
587.00000 0.00000 419.00000
588.00000 0.00000 449.00000
589.00000 0.00000 455.00000
590.00000 0.00000 458.00000
591.00000 0.00000 461.00000
592.00000 0.00000 464.00000
593.00000 0.00000 467.00000
594.00000 0.00000 470.00000
595.00000 0.00000 476.00000
596.00000 0.00000 1472.00000
597.00000 0.00000 452.00000
598.00000 0.00000 293.00000
599.00000 0.00000 482.00000
600.00000 0.00000 287.00000
601.00000 0.00000 1289.00000
602.00000 0.00000 1286.00000
603.00000 0.00000 1283.00000
604.00000 0.00000 1280.00000
605.00000 0.00000 1277.00000
606.00000 0.00000 1274.00000
607.00000 0.00000 1271.00000
608.00000 0.00000 1268.00000
609.00000 0.00000 1265.00000
610.00000 0.00000 1262.00000
611.00000 0.00000 1259.00000
612.00000 0.00000 1256.00000
613.00000 0.00000 1253.00000
614.00000 0.00000 1250.00000
615.00000 0.00000 1247.00000
616.00000 0.00000 1244.00000
617.00000 0.00000 1238.00000
618.00000 0.00000 1292.00000
619.00000 0.00000 1295.00000
620.00000 0.00000 1298.00000
621.00000 0.00000 1301.00000
622.00000 0.00000 1193.00000
623.00000 0.00000 1190.00000
624.00000 0.00000 1187.00000
625.00000 0.00000 1184.00000
626.00000 0.00000 1181.00000
627.00000 0.00000 1178.00000
628.00000 0.00000 290.00000
629.00000 0.00000 1172.00000
630.00000 0.00000 839.00000
631.00000 0.00000 1169.00000
632.00000 0.00000 1163.00000
633.00000 0.00000 1232.00000
634.00000 0.00000 842.00000
635.00000 0.00000 1235.00000
636.00000 0.00000 1241.00000
637.00000 0.00000 1310.00000
638.00000 0.00000 1307.00000
639.00000 0.00000 1304.00000
640.00000 0.00000 1166.00000
641.00000 0.00000 836.00000
642.00000 0.00000 1175.00000
643.00000 0.00000 326.00000
644.00000 0.00000 359.00000
645.00000 0.00000 320.00000
646.00000 0.00000 317.00000
647.00000 0.00000 314.00000
648.00000 0.00000 248.00000
649.00000 0.00000 251.00000
650.00000 0.00000 254.00000
651.00000 0.00000 257.00000
652.00000 0.00000 260.00000
653.00000 0.00000 263.00000
654.00000 0.00000 266.00000
655.00000 0.00000 269.00000
656.00000 0.00000 272.00000
657.00000 0.00000 275.00000
658.00000 0.00000 278.00000
659.00000 0.00000 281.00000
660.00000 0.00000 284.00000
661.00000 0.00000 389.00000
662.00000 0.00000 386.00000
663.00000 0.00000 245.00000
664.00000 0.00000 380.00000
665.00000 0.00000 329.00000
666.00000 0.00000 332.00000
667.00000 0.00000 335.00000
668.00000 0.00000 383.00000
669.00000 0.00000 341.00000
670.00000 0.00000 344.00000
671.00000 0.00000 833.00000
672.00000 0.00000 347.00000
673.00000 0.00000 350.00000
674.00000 0.00000 338.00000
675.00000 0.00000 323.00000
676.00000 0.00000 356.00000
677.00000 0.00000 362.00000
678.00000 0.00000 353.00000
679.00000 0.00000 365.00000
680.00000 0.00000 368.00000
681.00000 0.00000 371.00000
682.00000 0.00000 374.00000
683.00000 0.00000 377.00000
684.00000 0.12830 601.45833
685.00000 0.12833 597.18750
686.00000 0.12854 605.72916
687.00000 0.12859 592.91666
688.00000 0.12878 610.00000
689.00000 0.12885 588.64583
690.00000 0.12902 614.27083
691.00000 0.12910 584.37500
692.00000 0.12927 618.54166
693.00000 0.12936 580.10416
694.00000 0.12951 622.81250
695.00000 0.12962 575.83333
696.00000 0.12975 627.08333
697.00000 0.12988 571.56250
698.00000 0.12999 631.35416
699.00000 0.13013 567.29166
700.00000 0.13023 635.62500
701.00000 0.13039 563.02083
702.00000 0.13047 639.89583
703.00000 0.13065 558.75000
704.00000 0.13072 644.16666
705.00000 0.13090 554.47916
706.00000 0.13096 648.43750
707.00000 0.13116 550.20833
708.00000 0.13120 652.70833
709.00000 0.13141 545.93750
710.00000 0.13144 656.97916
711.00000 0.13167 541.66666
712.00000 0.13169 661.25000
713.00000 0.13192 537.39583
714.00000 0.13193 665.52083
715.00000 0.13217 669.79166
716.00000 0.13218 533.12500
717.00000 0.13242 674.06250
718.00000 0.13243 528.85416
719.00000 0.13266 678.33333
720.00000 0.13268 524.58333
721.00000 0.13290 682.60416
722.00000 0.13293 520.31250
723.00000 0.13315 686.87500
724.00000 0.13318 516.04166
725.00000 0.13339 691.14583
726.00000 0.13342 511.77083
727.00000 0.13363 695.41666
728.00000 0.13367 507.50000
729.00000 0.13388 699.68750
730.00000 0.13392 503.22916
731.00000 0.13412 703.95833
732.00000 0.13416 498.95833
733.00000 0.13436 708.22916
734.00000 0.13440 494.68750
735.00000 0.13461 712.50000
736.00000 0.13464 490.41666
737.00000 0.13485 716.77083
738.00000 0.13488 486.14583
739.00000 0.13510 721.04166
740.00000 0.13512 481.87500
741.00000 0.13534 725.31250
742.00000 0.13536 477.60416
743.00000 0.13559 473.33333
744.00000 0.13559 729.58333
745.00000 0.13583 469.06250
746.00000 0.13583 733.85416
747.00000 0.13606 464.79166
748.00000 0.13608 738.12500
749.00000 0.13629 460.52083
750.00000 0.13632 742.39583
751.00000 0.13652 456.25000
752.00000 0.13657 746.66666
753.00000 0.13674 451.97916
754.00000 0.13682 750.93750
755.00000 0.13697 447.70833
756.00000 0.13706 755.20833
757.00000 0.13719 443.43750
758.00000 0.13731 759.47916
759.00000 0.13741 439.16666
760.00000 0.13755 763.75000
761.00000 0.13763 434.89583
762.00000 0.13780 768.02083
763.00000 0.13785 430.62500
764.00000 0.13805 772.29166
765.00000 0.13807 426.35416
766.00000 0.13828 422.08333
767.00000 0.13830 776.56250
768.00000 0.13849 417.81250
769.00000 0.13854 780.83333
770.00000 0.13870 413.54166
771.00000 0.13879 785.10416
772.00000 0.13891 409.27083
773.00000 0.13904 789.37500
774.00000 0.13911 405.00000
775.00000 0.13929 793.64583
776.00000 0.13932 400.72917
777.00000 0.13952 396.45833
778.00000 0.13953 797.91666
779.00000 0.13972 392.18750
780.00000 0.13978 802.18750
781.00000 0.13992 387.91667
782.00000 0.14003 806.45833
783.00000 0.14011 383.64583
784.00000 0.14028 810.72916
785.00000 0.14030 379.37500
786.00000 0.14050 375.10417
787.00000 0.14053 815.00000
788.00000 0.14069 370.83333
789.00000 0.14078 819.27083
790.00000 0.14087 366.56250
791.00000 0.14103 823.54166
792.00000 0.14106 362.29167
793.00000 0.14124 358.02083
794.00000 0.14128 827.81250
795.00000 0.14142 353.75000
796.00000 0.14153 832.08333
797.00000 0.14160 349.47917
798.00000 0.14178 836.35416
799.00000 0.14178 345.20833
800.00000 0.14195 340.93750
801.00000 0.14203 840.62500
802.00000 0.14212 336.66667
803.00000 0.14228 844.89583
804.00000 0.14230 332.39583
805.00000 0.14246 328.12500
806.00000 0.14253 849.16666
807.00000 0.14263 323.85417
808.00000 0.14278 853.43749
809.00000 0.14280 319.58333
810.00000 0.14296 315.31250
811.00000 0.14304 857.70833
812.00000 0.14312 311.04167
813.00000 0.14328 306.77083
814.00000 0.14329 861.97916
815.00000 0.14344 302.50000
816.00000 0.14354 866.24999
817.00000 0.14360 298.22917
818.00000 0.14375 293.95833
819.00000 0.14379 870.52083
820.00000 0.14391 289.68750
821.00000 0.14405 874.79166
822.00000 0.14406 285.41667
823.00000 0.14421 281.14583
824.00000 0.14430 879.06249
825.00000 0.14436 276.87500
826.00000 0.14450 272.60417
827.00000 0.14455 883.33333
828.00000 0.14465 268.33333
829.00000 0.14480 264.06250
830.00000 0.14481 887.60416
831.00000 0.14494 259.79167
832.00000 0.14506 891.87499
833.00000 0.14508 255.52083
834.00000 0.14523 251.25000
835.00000 0.14531 896.14583
836.00000 0.14537 246.97917
837.00000 0.14551 242.70833
838.00000 0.14557 900.41666
839.00000 0.14565 238.43750
840.00000 0.14578 234.16667
841.00000 0.14582 904.68749
842.00000 0.14592 229.89583
843.00000 0.14606 225.62500
844.00000 0.14608 908.95833
845.00000 0.14619 221.35417
846.00000 0.14633 913.22916
847.00000 0.14633 217.08333
848.00000 0.14647 212.81250
849.00000 0.14659 917.49999
850.00000 0.14660 208.54167
851.00000 0.14674 204.27083
852.00000 0.14685 921.77083
853.00000 0.14687 200.00000
854.00000 0.14687 200.00427
855.00000 0.14710 926.04166
856.00000 0.14736 930.31249
857.00000 0.14762 934.58333
858.00000 0.14787 938.85416
859.00000 0.14813 943.12499
860.00000 0.14839 947.39583
861.00000 0.14865 951.66666
862.00000 0.14891 955.93749
863.00000 0.14917 960.20833
864.00000 0.14943 964.47916
865.00000 0.14969 968.74999
866.00000 0.14995 973.02083
867.00000 0.15021 977.29166
868.00000 0.15047 981.56249
869.00000 0.15073 985.83333
870.00000 0.15099 990.10416
871.00000 0.15125 994.37499
872.00000 0.15152 998.64583
873.00000 0.15178 1002.91666
874.00000 0.15204 1007.18749
875.00000 0.15230 1011.45833
876.00000 0.15257 1015.72916
877.00000 0.15283 1019.99999
878.00000 0.15310 1024.27083
879.00000 0.15336 1028.54166
880.00000 0.15363 1032.81249
881.00000 0.15389 1037.08333
882.00000 0.15416 1041.35416
883.00000 0.15443 1045.62499
884.00000 0.15469 1049.89583
885.00000 0.15496 1054.16666
886.00000 0.15523 1058.43749
887.00000 0.15550 1062.70833
888.00000 0.15576 1066.97916
889.00000 0.15603 1071.24999
890.00000 0.15630 1075.52083
891.00000 0.15657 1079.79166
892.00000 0.15684 1084.06249
893.00000 0.15711 1088.33333
894.00000 0.15738 1092.60416
895.00000 0.15765 1096.87499
896.00000 0.15793 1101.14583
897.00000 0.15820 1105.41666
898.00000 0.15847 1109.68749
899.00000 0.15874 1113.95833
900.00000 0.15902 1118.22916
901.00000 0.15929 1122.49999
902.00000 0.15956 1126.77083
903.00000 0.15984 1131.04166
904.00000 0.16011 1135.31249
905.00000 0.16039 1139.58333
906.00000 0.16066 1143.85416
907.00000 0.16094 1148.12499
908.00000 0.16122 1152.39583
909.00000 0.16149 1156.66666
910.00000 0.16177 1160.93749
911.00000 0.16205 1165.20833
912.00000 0.16233 1169.47916
913.00000 0.16260 1173.74999
914.00000 0.16288 1178.02083
915.00000 0.16316 1182.29166
916.00000 0.16344 1186.56249
917.00000 0.16372 1190.83333
918.00000 0.16400 1195.10416
919.00000 0.16428 1199.37499
920.00000 0.16457 1203.64583
921.00000 0.16485 1207.91666
922.00000 0.16513 1212.18749
923.00000 0.16541 1216.45833
924.00000 0.16570 1220.72916
925.00000 0.16598 1224.99999
926.00000 0.16626 1229.27083
927.00000 0.16655 1233.54166
928.00000 0.16683 1237.81249
929.00000 0.16712 1242.08333
930.00000 0.16740 1246.35416
931.00000 0.16769 1250.62499
932.00000 0.16798 1254.89583
933.00000 0.16826 1259.16666
934.00000 0.16855 1263.43749
935.00000 0.16884 1267.70833
936.00000 0.16913 1271.97916
937.00000 0.16942 1276.24999
938.00000 0.16971 1280.52082
939.00000 0.16999 1284.79166
940.00000 0.17028 1289.06249
941.00000 0.17057 1293.33332
942.00000 0.17087 1297.60416
943.00000 0.17116 1301.87499
944.00000 0.17145 1306.14582
945.00000 0.17174 1310.41666
946.00000 0.17203 1314.68749
947.00000 0.17232 1318.95832
948.00000 0.17262 1323.22916
949.00000 0.17291 1327.49999
950.00000 0.17320 1331.77082
951.00000 0.17350 1336.04166
952.00000 0.17379 1340.31249
953.00000 0.17409 1344.58332
954.00000 0.17438 1348.85416
955.00000 0.17468 1353.12499
956.00000 0.17498 1357.39582
957.00000 0.17527 1361.66666
958.00000 0.17557 1365.93749
959.00000 0.17587 1370.20832
960.00000 0.17616 1374.47916
961.00000 0.17646 1378.74999
962.00000 0.17676 1383.02082
963.00000 0.17706 1387.29166
964.00000 0.17736 1391.56249
965.00000 0.17766 1395.83332
966.00000 0.17796 1400.10416
967.00000 0.17826 1404.37499
968.00000 0.17856 1408.64582
969.00000 0.17886 1412.91666
970.00000 0.17916 1417.18749
971.00000 0.17946 1421.45832
972.00000 0.17976 1425.72916
973.00000 0.18007 1429.99999
974.00000 0.18037 1434.27082
975.00000 0.18067 1438.54166
976.00000 0.18098 1442.81249
977.00000 0.18128 1447.08332
978.00000 0.18158 1451.35416
979.00000 0.18189 1455.62499
980.00000 0.18219 1459.89582
981.00000 0.18250 1464.16666
982.00000 0.18280 1468.43749
983.00000 0.18311 1472.70832
984.00000 0.18341 1476.97916
985.00000 0.18372 1481.24999
986.00000 0.18403 1485.52082
987.00000 0.18433 1489.79166
988.00000 0.18464 1494.06249
989.00000 0.18495 1498.33332
990.00000 0.18525 1502.60416
991.00000 0.18556 1506.87499
992.00000 0.18587 1511.14582
993.00000 0.18618 1515.41666
994.00000 0.18649 1519.68749
995.00000 0.18679 1523.95832
996.00000 0.18710 1528.22916
997.00000 0.18741 1532.49999
998.00000 0.18772 1536.77082
999.00000 0.18803 1541.04166
1000.00000 0.18834 1545.31249
1001.00000 0.18865 1549.58332
1002.00000 0.18896 1553.85416
1003.00000 0.18927 1558.12499
1004.00000 0.18958 1562.39582
1005.00000 0.18989 1566.66666
1006.00000 0.19020 1570.93749
1007.00000 0.19051 1575.20832
1008.00000 0.19083 1579.47916
1009.00000 0.19114 1583.74999
1010.00000 0.19145 1588.02082
1011.00000 0.19176 1592.29166
1012.00000 0.19207 1596.56249
1013.00000 0.19239 1600.83332
1014.00000 0.19270 1605.10416
1015.00000 0.19301 1609.37499
1016.00000 0.19332 1613.64582
1017.00000 0.19363 1617.91666
1018.00000 0.19395 1622.18749
1019.00000 0.19426 1626.45832
1020.00000 0.19457 1630.72916
1021.00000 0.19489 1634.99999
1022.00000 0.19520 1639.27082
1023.00000 0.19551 1643.54166
1024.00000 0.19583 1647.81249
1025.00000 0.19614 1652.08332
1026.00000 0.19645 1656.35416
1027.00000 0.19677 1660.62499
1028.00000 0.19708 1664.89582
1029.00000 0.19739 1669.16666
1030.00000 0.19771 1673.43749
1031.00000 0.19802 1677.70832
1032.00000 0.19833 1681.97916
1033.00000 0.19865 1686.24999
1034.00000 0.19896 1690.52082
1035.00000 0.19927 1694.79166
1036.00000 0.19959 1699.06249
1037.00000 0.19990 1703.33332
1038.00000 0.20021 1707.60415
1039.00000 0.20053 1711.87499
1040.00000 0.20084 1716.14582
1041.00000 0.20115 1720.41665
1042.00000 0.20147 1724.68749
1043.00000 0.20178 1728.95832
1044.00000 0.20209 1733.22915
1045.00000 0.20241 1737.49999
1046.00000 0.20272 1741.77082
1047.00000 0.20303 1746.04165
1048.00000 0.20335 1750.31249
1049.00000 0.20366 1754.58332
1050.00000 0.20397 1758.85415
1051.00000 0.20428 1763.12499
1052.00000 0.20459 1767.39582
1053.00000 0.20491 1771.66665
1054.00000 0.20522 1775.93749
1055.00000 0.20553 1780.20832
1056.00000 0.20584 1784.47915
1057.00000 0.20615 1788.74999
1058.00000 0.20646 1793.02082
1059.00000 0.20677 1797.29165
1060.00000 0.20708 1801.56249
1061.00000 0.20739 1805.83332
1062.00000 0.20770 1810.10415
1063.00000 0.20801 1814.37499
1064.00000 0.20832 1818.64582
1065.00000 0.20863 1822.91665
1066.00000 0.20894 1827.18749
1067.00000 0.20925 1831.45832
1068.00000 0.20956 1835.72915
1069.00000 0.20986 1839.99999
1070.00000 0.21017 1844.27082
1071.00000 0.21048 1848.54165
1072.00000 0.21079 1852.81249
1073.00000 0.21109 1857.08332
1074.00000 0.21140 1861.35415
1075.00000 0.21170 1865.62499
1076.00000 0.21201 1869.89582
1077.00000 0.21231 1874.16665
1078.00000 0.21262 1878.43749
1079.00000 0.21292 1882.70832
1080.00000 0.21323 1886.97915
1081.00000 0.21353 1891.24999
1082.00000 0.21383 1895.52082
1083.00000 0.21413 1899.79165
1084.00000 0.21443 1904.06249
1085.00000 0.21474 1908.33332
1086.00000 0.21504 1912.60415
1087.00000 0.21534 1916.87499
1088.00000 0.21564 1921.14582
1089.00000 0.21593 1925.41665
1090.00000 0.21623 1929.68749
1091.00000 0.21653 1933.95832
1092.00000 0.21683 1938.22915
1093.00000 0.21712 1942.49999
1094.00000 0.21742 1946.77082
1095.00000 0.21772 1951.04165
1096.00000 0.21801 1955.31249
1097.00000 0.21830 1959.58332
1098.00000 0.21860 1963.85415
1099.00000 0.21889 1968.12499
1100.00000 0.21918 1972.39582
1101.00000 0.21947 1976.66665
1102.00000 0.21976 1980.93749
1103.00000 0.22005 1985.20832
1104.00000 0.22025 2250.00000
1105.00000 0.22034 1989.47915
1106.00000 0.22063 1993.74999
1107.00000 0.22092 1998.02082
1108.00000 0.22121 2002.29165
1109.00000 0.22149 2006.56249
1110.00000 0.22155 2247.90965
1111.00000 0.22178 2010.83332
1112.00000 0.22206 2015.10415
1113.00000 0.22235 2019.37499
1114.00000 0.22263 2023.64582
1115.00000 0.22291 2027.91665
1116.00000 0.22319 2032.18749
1117.00000 0.22347 2036.45832
1118.00000 0.22375 2040.72915
1119.00000 0.22403 2044.99999
1120.00000 0.22420 2243.63882
1121.00000 0.22431 2049.27082
1122.00000 0.22458 2053.54165
1123.00000 0.22486 2057.81249
1124.00000 0.22513 2062.08332
1125.00000 0.22541 2066.35415
1126.00000 0.22568 2070.62499
1127.00000 0.22595 2074.89582
1128.00000 0.22622 2079.16665
1129.00000 0.22649 2083.43749
1130.00000 0.22676 2087.70832
1131.00000 0.22686 2239.36799
1132.00000 0.22703 2091.97915
1133.00000 0.22729 2096.24999
1134.00000 0.22756 2100.52082
1135.00000 0.22782 2104.79165
1136.00000 0.22808 2109.06249
1137.00000 0.22835 2113.33332
1138.00000 0.22861 2117.60415
1139.00000 0.22887 2121.87499
1140.00000 0.22912 2126.14582
1141.00000 0.22938 2130.41665
1142.00000 0.22951 2235.09715
1143.00000 0.22964 2134.68748
1144.00000 0.22989 2138.95832
1145.00000 0.23015 2143.22915
1146.00000 0.23040 2147.49998
1147.00000 0.23065 2151.77082
1148.00000 0.23090 2156.04165
1149.00000 0.23115 2160.31248
1150.00000 0.23140 2164.58332
1151.00000 0.23164 2168.85415
1152.00000 0.23189 2173.12498
1153.00000 0.23213 2177.39582
1154.00000 0.23217 2230.82632
1155.00000 0.23237 2181.66665
1156.00000 0.23261 2185.93748
1157.00000 0.23285 2190.20832
1158.00000 0.23309 2194.47915
1159.00000 0.23332 2198.74998
1160.00000 0.23356 2203.02082
1161.00000 0.23379 2207.29165
1162.00000 0.23402 2211.56248
1163.00000 0.23425 2215.83332
1164.00000 0.23448 2220.10415
1165.00000 0.23471 2224.37498
1166.00000 0.23482 2226.55976
1167.00000 0.23483 2226.55549
1168.00000 0.23483 2226.55549
