0.00000 0.60009 1653.28812
1.00000 0.60009 1649.01729
2.00000 0.60009 1653.28812
3.00000 0.60009 1653.29239
4.00000 0.60009 1653.28385
5.00000 0.60010 1644.74645
6.00000 0.60010 1640.47562
7.00000 0.60011 1636.20479
8.00000 0.60011 1631.93395
9.00000 0.60012 1627.66312
10.00000 0.60013 1623.39229
11.00000 0.60014 1619.12145
12.00000 0.60014 1614.85062
13.00000 0.60015 1610.57979
14.00000 0.60016 1606.30895
15.00000 0.60017 1602.03812
16.00000 0.60018 1597.76729
17.00000 0.60019 1593.49645
18.00000 0.60020 1589.22562
19.00000 0.60021 1584.95479
20.00000 0.60022 1580.68395
21.00000 0.60023 1576.41312
22.00000 0.60025 1572.14229
23.00000 0.60026 1567.87145
24.00000 0.60027 1563.60062
25.00000 0.60029 1559.32979
26.00000 0.60030 1555.05896
27.00000 0.60031 1550.78812
28.00000 0.60033 1546.51729
29.00000 0.60034 1542.24646
30.00000 0.60036 1537.97562
31.00000 0.60037 1533.70479
32.00000 0.60039 1529.43396
33.00000 0.60040 1525.16312
34.00000 0.60042 1520.89229
35.00000 0.60042 1657.55895
36.00000 0.60044 1516.62146
37.00000 0.60046 1512.35062
38.00000 0.60047 1508.07979
39.00000 0.60049 1503.80896
40.00000 0.60051 1499.53812
41.00000 0.60053 1495.26729
42.00000 0.60055 1490.99646
43.00000 0.60057 1486.72562
44.00000 0.60059 1482.45479
45.00000 0.60061 1478.18396
46.00000 0.60063 1473.91312
47.00000 0.60065 1469.64229
48.00000 0.60067 1465.37146
49.00000 0.60069 1461.10062
50.00000 0.60071 1456.82979
51.00000 0.60073 1452.55896
52.00000 0.60075 1661.82979
53.00000 0.60075 1448.28812
54.00000 0.60078 1444.01729
55.00000 0.60080 1439.74646
56.00000 0.60082 1435.47562
57.00000 0.60085 1431.20479
58.00000 0.60087 1426.93396
59.00000 0.60089 1422.66312
60.00000 0.60092 1418.39229
61.00000 0.60094 1414.12146
62.00000 0.60097 1409.85062
63.00000 0.60099 1405.57979
64.00000 0.60102 1401.30896
65.00000 0.60104 1397.03812
66.00000 0.60107 1392.76729
67.00000 0.60109 1666.10062
68.00000 0.60110 1388.49646
69.00000 0.60112 1384.22562
70.00000 0.60115 1379.95479
71.00000 0.60118 1375.68396
72.00000 0.60120 1371.41312
73.00000 0.60123 1367.14229
74.00000 0.60126 1362.87146
75.00000 0.60129 1358.60062
76.00000 0.60132 1354.32979
77.00000 0.60135 1350.05896
78.00000 0.60137 1345.78812
79.00000 0.60140 1341.51729
80.00000 0.60143 1670.37145
81.00000 0.60143 1337.24646
82.00000 0.60146 1332.97562
83.00000 0.60148 1671.07252
84.00000 0.60148 1671.07252
85.00000 0.60149 1671.06825
86.00000 0.60149 1328.70479
87.00000 0.60152 1324.43396
88.00000 0.60155 1320.16312
89.00000 0.60158 1315.89229
90.00000 0.60161 1311.62146
91.00000 0.60165 1307.35062
92.00000 0.60168 1303.07979
93.00000 0.60171 1298.80896
94.00000 0.60174 1294.53812
95.00000 0.60177 1290.26729
96.00000 0.60180 1285.99646
97.00000 0.60184 1281.72562
98.00000 0.60187 1277.45479
99.00000 0.60190 1273.18396
100.00000 0.60193 1268.91312
101.00000 0.60197 1264.64229
102.00000 0.60200 1260.37146
103.00000 0.60204 1256.10062
104.00000 0.60207 1251.82979
105.00000 0.60210 1247.55896
106.00000 0.60214 1243.28812
107.00000 0.60217 1239.01729
108.00000 0.60221 1234.74646
109.00000 0.60224 1230.47562
110.00000 0.60228 1226.20479
111.00000 0.60231 1221.93396
112.00000 0.60235 1217.66312
113.00000 0.60238 1213.39229
114.00000 0.60242 1209.12146
115.00000 0.60245 1204.85062
116.00000 0.60249 1200.57979
117.00000 0.60253 1196.30896
118.00000 0.60256 1192.03812
119.00000 0.60260 1187.76729
120.00000 0.60264 1183.49646
121.00000 0.60267 1179.22562
122.00000 0.60271 1174.95479
123.00000 0.60275 1170.68396
124.00000 0.60279 1166.41312
125.00000 0.60282 1162.14229
126.00000 0.60286 1157.87146
127.00000 0.60290 1153.60062
128.00000 0.60294 1149.32979
129.00000 0.60298 1145.05896
130.00000 0.60302 1140.78812
131.00000 0.60305 1136.51729
132.00000 0.60309 1132.24646
133.00000 0.60313 1127.97563
134.00000 0.60317 1123.70479
135.00000 0.60321 1119.43396
136.00000 0.60325 1115.16313
137.00000 0.60329 1110.89229
138.00000 0.60333 1106.62146
139.00000 0.60337 1102.35063
140.00000 0.60341 1098.07979
141.00000 0.60345 1093.80896
142.00000 0.60349 1089.53813
143.00000 0.60353 1085.26729
144.00000 0.60357 1080.99646
145.00000 0.60361 1076.72563
146.00000 0.60365 1072.45479
147.00000 0.60370 1068.18396
148.00000 0.60374 1063.91313
149.00000 0.60378 1059.64229
150.00000 0.60382 1055.37146
151.00000 0.60386 1051.10063
152.00000 0.60390 1046.82979
153.00000 0.60395 1042.55896
154.00000 0.60399 1038.28813
155.00000 0.60403 1034.01729
156.00000 0.60407 1029.74646
157.00000 0.60411 1025.47563
158.00000 0.60416 1021.20479
159.00000 0.60420 1016.93396
160.00000 0.60424 1012.66313
161.00000 0.60429 1008.39229
162.00000 0.60433 1004.12146
163.00000 0.60437 999.85063
164.00000 0.60442 995.57979
165.00000 0.60446 991.30896
166.00000 0.60450 987.03813
167.00000 0.60455 982.76729
168.00000 0.60459 978.49646
169.00000 0.60463 974.22563
170.00000 0.60468 969.95479
171.00000 0.60472 965.68396
172.00000 0.60477 961.41313
173.00000 0.60481 957.14229
174.00000 0.60486 952.87146
175.00000 0.60490 948.60063
176.00000 0.60495 944.32979
177.00000 0.60499 940.05896
178.00000 0.60504 935.78813
179.00000 0.60508 931.51729
180.00000 0.60513 927.24646
181.00000 0.60517 922.97563
182.00000 0.60522 918.70479
183.00000 0.60526 914.43396
184.00000 0.60531 910.16313
185.00000 0.60535 905.89229
186.00000 0.60540 901.62146
187.00000 0.60545 897.35063
188.00000 0.60549 893.07979
189.00000 0.60554 888.80896
190.00000 0.60559 884.53813
191.00000 0.60563 1666.80169
192.00000 0.60563 880.26729
193.00000 0.60568 875.99646
194.00000 0.60573 871.72563
195.00000 0.60577 867.45479
196.00000 0.60582 863.18396
197.00000 0.60587 858.91313
198.00000 0.60591 854.64229
199.00000 0.60596 850.37146
200.00000 0.60601 846.10063
201.00000 0.60606 841.82979
202.00000 0.60611 837.55896
203.00000 0.60615 833.28813
204.00000 0.60620 829.01729
205.00000 0.60625 824.74646
206.00000 0.60630 820.47563
207.00000 0.60635 816.20479
208.00000 0.60639 811.93396
209.00000 0.60644 807.66313
210.00000 0.60649 803.39229
211.00000 0.60654 799.12146
212.00000 0.60659 794.85063
213.00000 0.60664 790.57979
214.00000 0.60669 786.30896
215.00000 0.60674 782.03813
216.00000 0.60678 777.76729
217.00000 0.60683 773.49646
218.00000 0.60688 769.22563
219.00000 0.60693 764.95479
220.00000 0.60698 760.68396
221.00000 0.60703 756.41313
222.00000 0.60708 752.14229
223.00000 0.60713 747.87146
224.00000 0.60718 743.60063
225.00000 0.60723 739.32979
226.00000 0.60728 735.05896
227.00000 0.60733 730.78813
228.00000 0.60738 726.51729
229.00000 0.60744 722.24646
230.00000 0.60749 717.97563
231.00000 0.60749 717.81758
232.00000 0.60749 717.81758
233.00000 0.60749 717.81331
234.00000 0.60864 713.54675
235.00000 0.60967 1662.53086
236.00000 0.60980 709.27592
237.00000 0.61096 705.00508
238.00000 0.61211 700.73425
239.00000 0.61327 696.46342
240.00000 0.61359 1658.26002
241.00000 0.61443 692.19258
242.00000 0.61559 687.92175
243.00000 0.61674 683.65092
244.00000 0.61741 1653.98919
245.00000 0.61790 679.38008
246.00000 0.61905 675.10925
247.00000 0.62020 670.83842
248.00000 0.62113 1649.71836
249.00000 0.62135 666.56758
250.00000 0.62250 662.29675
251.00000 0.62364 658.02592
252.00000 0.62477 1645.44752
253.00000 0.62478 653.75508
254.00000 0.62592 649.48425
255.00000 0.62705 645.21342
256.00000 0.62817 640.94258
257.00000 0.62831 1641.17669
258.00000 0.62929 636.67175
259.00000 0.63041 632.40092
260.00000 0.63152 628.13008
261.00000 0.63178 1636.90586
262.00000 0.63263 623.85925
263.00000 0.63373 619.58842
264.00000 0.63483 615.31758
265.00000 0.63517 1632.63502
266.00000 0.63592 611.04675
267.00000 0.63701 606.77592
268.00000 0.63809 602.50508
269.00000 0.63849 1628.36419
270.00000 0.63916 598.23425
271.00000 0.64023 593.96342
272.00000 0.64129 589.69258
273.00000 0.64174 1624.09336
274.00000 0.64235 585.42175
275.00000 0.64340 581.15092
276.00000 0.64444 576.88008
277.00000 0.64492 1619.82252
278.00000 0.64548 572.60925
279.00000 0.64651 568.33842
280.00000 0.64754 564.06758
281.00000 0.64804 1615.55169
282.00000 0.64856 559.79675
283.00000 0.64895 1614.29963
284.00000 0.64895 1614.29963
285.00000 0.64900 1614.02938
286.00000 0.64957 555.52592
287.00000 0.64987 1609.75854
288.00000 0.65058 551.25508
289.00000 0.65077 1605.48771
290.00000 0.65158 546.98425
291.00000 0.65171 1601.21688
292.00000 0.65258 542.71342
293.00000 0.65269 1596.94604
294.00000 0.65357 538.44258
295.00000 0.65372 1592.67521
296.00000 0.65455 534.17175
297.00000 0.65481 1588.40438
298.00000 0.65553 529.90092
299.00000 0.65599 1584.13354
300.00000 0.65650 525.63008
301.00000 0.65727 1579.86271
302.00000 0.65747 521.35925
303.00000 0.65843 517.08842
304.00000 0.65872 1575.59188
305.00000 0.65939 512.81758
306.00000 0.66034 508.54675
307.00000 0.66043 1571.32104
308.00000 0.66128 504.27592
309.00000 0.66222 500.00508
310.00000 0.66230 1567.64412
311.00000 0.66316 495.73425
312.00000 0.66354 1565.80566
313.00000 0.66409 491.46342
314.00000 0.66434 1564.88643
315.00000 0.66482 1564.42682
316.00000 0.66501 487.19258
317.00000 0.66510 1564.19701
318.00000 0.66593 482.92175
319.00000 0.66622 1563.54530
320.00000 0.66678 1563.37550
321.00000 0.66684 478.65092
322.00000 0.66706 1563.32995
323.00000 0.66720 1563.31705
324.00000 0.66734 1563.31073
325.00000 0.66741 1563.31005
326.00000 0.66745 1563.31033
327.00000 0.66746 1563.31062
328.00000 0.66747 1563.31081
329.00000 0.66749 1563.31126
330.00000 0.66755 1563.31372
331.00000 0.66758 1563.31496
332.00000 0.66775 474.38008
333.00000 0.66809 1563.38964
334.00000 0.66824 1563.42697
335.00000 0.66830 1563.44564
336.00000 0.66859 1563.54832
337.00000 0.66866 470.10925
338.00000 0.66956 465.83842
339.00000 0.66959 1564.11306
340.00000 0.66994 1564.39543
341.00000 0.67010 1564.53661
342.00000 0.67045 461.56758
343.00000 0.67085 1565.31313
344.00000 0.67117 1565.70139
345.00000 0.67134 457.29675
346.00000 0.67222 453.02592
347.00000 0.67310 448.75508
348.00000 0.67370 1569.97222
349.00000 0.67398 444.48425
350.00000 0.67485 440.21342
351.00000 0.67549 1574.24305
352.00000 0.67549 1574.23878
353.00000 0.67549 1574.24305
354.00000 0.67550 1574.23878
355.00000 0.67572 435.94259
356.00000 0.67658 431.67175
357.00000 0.67744 427.40092
358.00000 0.67809 1569.97222
359.00000 0.67829 423.13009
360.00000 0.67914 418.85925
361.00000 0.67999 414.58842
362.00000 0.68064 1565.70139
363.00000 0.68083 410.31759
364.00000 0.68167 406.04675
365.00000 0.68250 401.77592
366.00000 0.68316 1561.43055
367.00000 0.68333 397.50509
368.00000 0.68416 393.23425
369.00000 0.68498 388.96342
370.00000 0.68564 1557.15972
371.00000 0.68580 384.69259
372.00000 0.68661 380.42175
373.00000 0.68743 376.15092
374.00000 0.68809 1552.88889
375.00000 0.68823 371.88009
376.00000 0.68904 367.60925
377.00000 0.68984 363.33842
378.00000 0.69050 1548.61805
379.00000 0.69064 359.06759
380.00000 0.69143 354.79675
381.00000 0.69223 350.52592
382.00000 0.69288 1544.34722
383.00000 0.69301 346.25509
384.00000 0.69380 341.98425
385.00000 0.69458 337.71342
386.00000 0.69522 1540.07639
387.00000 0.69536 333.44259
388.00000 0.69614 329.17175
389.00000 0.69691 324.90092
390.00000 0.69754 1535.80555
391.00000 0.69768 320.63009
392.00000 0.69845 316.35925
393.00000 0.69921 312.08842
394.00000 0.69982 1531.53472
395.00000 0.69998 307.81759
396.00000 0.70073 303.54675
397.00000 0.70149 299.27592
398.00000 0.70207 1527.26389
399.00000 0.70225 295.00509
400.00000 0.70300 290.73425
401.00000 0.70375 286.46342
402.00000 0.70430 1522.99305
403.00000 0.70449 282.19259
404.00000 0.70524 277.92175
405.00000 0.70598 273.65092
406.00000 0.70649 1518.72222
407.00000 0.70672 269.38009
408.00000 0.70745 265.10925
409.00000 0.70819 260.83842
410.00000 0.70866 1514.45139
411.00000 0.70892 256.56759
412.00000 0.70965 252.29675
413.00000 0.71038 248.02592
414.00000 0.71081 1510.18055
415.00000 0.71110 243.75509
416.00000 0.71183 239.48425
417.00000 0.71255 235.21342
418.00000 0.71293 1505.90972
419.00000 0.71327 230.94259
420.00000 0.71398 226.67175
421.00000 0.71470 222.40092
422.00000 0.71502 1501.63889
423.00000 0.71541 218.13009
424.00000 0.71612 213.85925
425.00000 0.71683 209.58842
426.00000 0.71709 1497.36805
427.00000 0.71754 205.31759
428.00000 0.71824 201.04675
429.00000 0.71842 200.00000
430.00000 0.71913 1493.09722
431.00000 0.72116 1488.82639
432.00000 0.72316 1484.55555
433.00000 0.72513 1480.28472
434.00000 0.72709 1476.01389
435.00000 0.72903 1471.74305
436.00000 0.73095 1467.47222
437.00000 0.73284 1463.20139
438.00000 0.73472 1458.93055
439.00000 0.73658 1454.65972
440.00000 0.73843 1450.38889
441.00000 0.74025 1446.11805
442.00000 0.74206 1441.84722
443.00000 0.74386 1437.57639
444.00000 0.74563 1433.30555
445.00000 0.74740 1429.03472
446.00000 0.74915 1424.76389
447.00000 0.75088 1420.49305
448.00000 0.75260 1416.22222
449.00000 0.75431 1411.95139
450.00000 0.75600 1407.68056
451.00000 0.75769 1403.40972
452.00000 0.75936 1399.13889
453.00000 0.76102 1394.86806
454.00000 0.76267 1390.59722
455.00000 0.76430 1386.32639
456.00000 0.76593 1382.05556
457.00000 0.76755 1377.78472
458.00000 0.76916 1373.51389
459.00000 0.77077 1369.24306
460.00000 0.77236 1364.97222
461.00000 0.77395 1360.70139
462.00000 0.77553 1356.43056
463.00000 0.77710 1352.15972
464.00000 0.77867 1347.88889
465.00000 0.78023 1343.61806
466.00000 0.78179 1339.34722
467.00000 0.78334 1335.07639
468.00000 0.78489 1330.80556
469.00000 0.78643 1326.53472
470.00000 0.78797 1322.26389
471.00000 0.78951 1317.99306
472.00000 0.79104 1313.72222
473.00000 0.79258 1309.45139
474.00000 0.79411 1305.18056
475.00000 0.79564 1300.90972
476.00000 0.79717 1296.63889
477.00000 0.79869 1292.36806
478.00000 0.80022 1288.09722
479.00000 0.80175 1283.82639
480.00000 0.80328 1279.55556
481.00000 0.80481 1275.28472
482.00000 0.80634 1271.01389
483.00000 0.80787 1266.74306
484.00000 0.80941 1262.47222
485.00000 0.81095 1258.20139
486.00000 0.81249 1253.93056
487.00000 0.81403 1249.65972
488.00000 0.81558 1245.38889
489.00000 0.81714 1241.11806
490.00000 0.81870 1236.84722
491.00000 0.82026 1232.57639
492.00000 0.82183 1228.30556
493.00000 0.82340 1224.03472
494.00000 0.82498 1219.76389
495.00000 0.82657 1215.49306
496.00000 0.82817 1211.22222
497.00000 0.82977 1206.95139
498.00000 0.83138 1202.68056
499.00000 0.83300 1198.40972
500.00000 0.83463 1194.13889
501.00000 0.83627 1189.86806
502.00000 0.83791 1185.59722
503.00000 0.83957 1181.32639
504.00000 0.84124 1177.05556
505.00000 0.84293 1172.78472
506.00000 0.84462 1168.51389
507.00000 0.84633 1164.24306
508.00000 0.84805 1159.97222
509.00000 0.84978 1155.70139
510.00000 0.85153 1151.43056
511.00000 0.85329 1147.15972
512.00000 0.85507 1142.88889
513.00000 0.85687 1138.61806
514.00000 0.85868 1134.34722
515.00000 0.86051 1130.07639
516.00000 0.86236 1125.80556
517.00000 0.86423 1121.53472
518.00000 0.86612 1117.26389
519.00000 0.86803 1112.99306
520.00000 0.86997 1108.72222
521.00000 0.87193 1104.45139
522.00000 0.87391 1100.18056
523.00000 0.87592 1095.90972
524.00000 0.87795 1091.63889
525.00000 0.88002 1087.36806
526.00000 0.88211 1083.09722
527.00000 0.88423 1078.82639
528.00000 0.88639 1074.55556
529.00000 0.88858 1070.28472
530.00000 0.89081 1066.01389
531.00000 0.89307 1061.74306
532.00000 0.89537 1057.47222
533.00000 0.89772 1053.20139
534.00000 0.90011 1048.93056
535.00000 0.90254 1044.65972
536.00000 0.90503 1040.38889
537.00000 0.90756 1036.11806
538.00000 0.91015 1031.84722
539.00000 0.91280 1027.57639
540.00000 0.91551 1023.30556
541.00000 0.91829 1019.03472
542.00000 0.92114 1014.76389
543.00000 0.92406 1010.49306
544.00000 0.92706 1006.22222
545.00000 0.93015 1001.95139
546.00000 0.93333 997.68056
547.00000 0.93661 993.40972
548.00000 0.93999 989.13889
549.00000 0.94350 984.86806
550.00000 0.94712 980.59723
551.00000 0.95089 976.32639
552.00000 0.95480 972.05556
553.00000 0.95888 967.78473
554.00000 0.96314 963.51389
555.00000 0.96759 959.24306
556.00000 0.97226 954.97223
557.00000 0.97717 950.70139
558.00000 0.98234 946.43056
559.00000 0.98782 942.15973
560.00000 0.99362 937.88889
561.00000 0.99978 933.61806
562.00000 0.99983 933.58276
563.00000 0.99994 933.51217
564.00000 0.99996 933.49934
565.00000 0.99999 933.47367
566.00000 1.00000 680.00000
567.00000 1.00000 647.00000
568.00000 1.00000 650.00000
569.00000 1.00000 653.00000
570.00000 1.00000 656.00000
571.00000 1.00000 659.00000
572.00000 1.00000 662.00000
573.00000 1.00000 665.00000
574.00000 1.00000 668.00000
575.00000 1.00000 671.00000
576.00000 1.00000 674.00000
577.00000 1.00000 683.00000
578.00000 1.00000 677.00000
579.00000 1.00000 686.00000
580.00000 1.00000 584.00000
581.00000 1.00000 692.00000
582.00000 1.00000 695.00000
583.00000 1.00000 698.00000
584.00000 1.00000 644.00000
585.00000 1.00000 701.00000
586.00000 1.00000 704.00000
587.00000 1.00000 707.00000
588.00000 1.00000 710.00000
589.00000 1.00000 713.00000
590.00000 1.00000 716.00000
591.00000 1.00000 719.00000
592.00000 1.00000 722.00000
593.00000 1.00000 725.00000
594.00000 1.00000 728.00000
595.00000 1.00000 689.00000
596.00000 1.00000 641.00000
597.00000 1.00000 611.00000
598.00000 1.00000 635.00000
599.00000 1.00000 581.00000
600.00000 1.00000 578.00000
601.00000 1.00000 575.00000
602.00000 1.00000 572.00000
603.00000 1.00000 569.00000
604.00000 1.00000 566.00000
605.00000 1.00000 563.00000
606.00000 1.00000 560.00000
607.00000 1.00000 557.00000
608.00000 1.00000 554.00000
609.00000 1.00000 731.00000
610.00000 1.00000 551.00000
611.00000 1.00000 548.00000
612.00000 1.00000 638.00000
613.00000 1.00000 590.00000
614.00000 1.00000 596.00000
615.00000 1.00000 599.00000
616.00000 1.00000 602.00000
617.00000 1.00000 605.00000
618.00000 1.00000 608.00000
619.00000 1.00000 587.00000
620.00000 1.00000 614.00000
621.00000 1.00000 617.00000
622.00000 1.00000 620.00000
623.00000 1.00000 623.00000
624.00000 1.00000 626.00000
625.00000 1.00000 629.00000
626.00000 1.00000 632.00000
627.00000 1.00000 593.00000
628.00000 1.00000 734.00000
629.00000 1.00000 884.00000
630.00000 1.00000 740.00000
631.00000 1.00000 842.00000
632.00000 1.00000 845.00000
633.00000 1.00000 848.00000
634.00000 1.00000 851.00000
635.00000 1.00000 854.00000
636.00000 1.00000 857.00000
637.00000 1.00000 860.00000
638.00000 1.00000 863.00000
639.00000 1.00000 866.00000
640.00000 1.00000 869.00000
641.00000 1.00000 872.00000
642.00000 1.00000 875.00000
643.00000 1.00000 878.00000
644.00000 1.00000 839.00000
645.00000 1.00000 881.00000
646.00000 1.00000 920.00000
647.00000 1.00000 917.00000
648.00000 1.00000 914.00000
649.00000 1.00000 911.00000
650.00000 1.00000 908.00000
651.00000 1.00000 905.00000
652.00000 1.00000 902.00000
653.00000 1.00000 899.00000
654.00000 1.00000 896.00000
655.00000 1.00000 893.00000
656.00000 1.00000 890.00000
657.00000 1.00000 545.00000
658.00000 1.00000 887.00000
659.00000 1.00000 923.00000
660.00000 1.00000 836.00000
661.00000 1.00000 833.00000
662.00000 1.00000 830.00000
663.00000 1.00000 743.00000
664.00000 1.00000 746.00000
665.00000 1.00000 749.00000
666.00000 1.00000 752.00000
667.00000 1.00000 755.00000
668.00000 1.00000 758.00000
669.00000 1.00000 761.00000
670.00000 1.00000 764.00000
671.00000 1.00000 767.00000
672.00000 1.00000 770.00000
673.00000 1.00000 773.00000
674.00000 1.00000 776.00000
675.00000 1.00000 779.00000
676.00000 1.00000 782.00000
677.00000 1.00000 785.00000
678.00000 1.00000 788.00000
679.00000 1.00000 791.00000
680.00000 1.00000 794.00000
681.00000 1.00000 797.00000
682.00000 1.00000 800.00000
683.00000 1.00000 803.00000
684.00000 1.00000 806.00000
685.00000 1.00000 809.00000
686.00000 1.00000 812.00000
687.00000 1.00000 815.00000
688.00000 1.00000 818.00000
689.00000 1.00000 821.00000
690.00000 1.00000 824.00000
691.00000 1.00000 827.00000
692.00000 1.00000 737.00000
693.00000 1.00000 542.00000
694.00000 1.00000 933.47001
695.00000 1.00000 536.00000
696.00000 1.00000 257.00000
697.00000 1.00000 260.00000
698.00000 1.00000 263.00000
699.00000 1.00000 266.00000
700.00000 1.00000 269.00000
701.00000 1.00000 272.00000
702.00000 1.00000 275.00000
703.00000 1.00000 278.00000
704.00000 1.00000 281.00000
705.00000 1.00000 284.00000
706.00000 1.00000 287.00000
707.00000 1.00000 290.00000
708.00000 1.00000 293.00000
709.00000 1.00000 254.00000
710.00000 1.00000 296.00000
711.00000 1.00000 302.00000
712.00000 1.00000 305.00000
713.00000 1.00000 308.00000
714.00000 1.00000 311.00000
715.00000 1.00000 314.00000
716.00000 1.00000 317.00000
717.00000 1.00000 320.00000
718.00000 1.00000 323.00000
719.00000 1.00000 326.00000
720.00000 1.00000 329.00000
721.00000 1.00000 332.00000
722.00000 1.00000 335.00000
723.00000 1.00000 338.00000
724.00000 1.00000 299.00000
725.00000 1.00000 251.00000
726.00000 1.00000 248.00000
727.00000 1.00000 245.00000
728.00000 1.00000 933.47003
729.00000 1.00000 933.47003
730.00000 1.00000 933.47006
731.00000 1.00000 933.47008
732.00000 1.00000 933.47016
733.00000 1.00000 933.47020
734.00000 1.00000 933.47022
735.00000 1.00000 933.47033
736.00000 1.00000 933.47039
737.00000 1.00000 933.47070
738.00000 1.00000 933.47239
739.00000 1.00000 933.47324
740.00000 1.00000 926.00000
741.00000 1.00000 933.47001
742.00000 1.00000 200.00000
743.00000 1.00000 203.00000
744.00000 1.00000 206.00000
745.00000 1.00000 209.00000
746.00000 1.00000 212.00000
747.00000 1.00000 215.00000
748.00000 1.00000 218.00000
749.00000 1.00000 221.00000
750.00000 1.00000 224.00000
751.00000 1.00000 227.00000
752.00000 1.00000 230.00000
753.00000 1.00000 233.00000
754.00000 1.00000 236.00000
755.00000 1.00000 239.00000
756.00000 1.00000 242.00000
757.00000 1.00000 341.00000
758.00000 1.00000 539.00000
759.00000 1.00000 344.00000
760.00000 1.00000 350.00000
761.00000 1.00000 452.00000
762.00000 1.00000 455.00000
763.00000 1.00000 458.00000
764.00000 1.00000 461.00000
765.00000 1.00000 464.00000
766.00000 1.00000 467.00000
767.00000 1.00000 470.00000
768.00000 1.00000 473.00000
769.00000 1.00000 476.00000
770.00000 1.00000 479.00000
771.00000 1.00000 482.00000
772.00000 1.00000 485.00000
773.00000 1.00000 488.00000
774.00000 1.00000 449.00000
775.00000 1.00000 491.00000
776.00000 1.00000 497.00000
777.00000 1.00000 500.00000
778.00000 1.00000 503.00000
779.00000 1.00000 506.00000
780.00000 1.00000 509.00000
781.00000 1.00000 512.00000
782.00000 1.00000 515.00000
783.00000 1.00000 518.00000
784.00000 1.00000 521.00000
785.00000 1.00000 524.00000
786.00000 1.00000 527.00000
787.00000 1.00000 530.00000
788.00000 1.00000 533.00000
789.00000 1.00000 494.00000
790.00000 1.00000 446.00000
791.00000 1.00000 443.00000
792.00000 1.00000 440.00000
793.00000 1.00000 353.00000
794.00000 1.00000 356.00000
795.00000 1.00000 359.00000
796.00000 1.00000 362.00000
797.00000 1.00000 365.00000
798.00000 1.00000 368.00000
799.00000 1.00000 371.00000
800.00000 1.00000 374.00000
801.00000 1.00000 377.00000
802.00000 1.00000 380.00000
803.00000 1.00000 383.00000
804.00000 1.00000 386.00000
805.00000 1.00000 389.00000
806.00000 1.00000 392.00000
807.00000 1.00000 395.00000
808.00000 1.00000 398.00000
809.00000 1.00000 401.00000
810.00000 1.00000 404.00000
811.00000 1.00000 407.00000
812.00000 1.00000 410.00000
813.00000 1.00000 413.00000
814.00000 1.00000 416.00000
815.00000 1.00000 419.00000
816.00000 1.00000 422.00000
817.00000 1.00000 425.00000
818.00000 1.00000 428.00000
819.00000 1.00000 431.00000
820.00000 1.00000 434.00000
821.00000 1.00000 437.00000
822.00000 1.00000 347.00000
823.00000 1.00000 929.00000
