0.00000 0.48878 440.21342
1.00000 0.48879 431.67175
2.00000 0.48879 448.75508
3.00000 0.48879 444.48425
4.00000 0.48879 435.94259
5.00000 0.48880 453.02592
6.00000 0.48880 427.40092
7.00000 0.48881 423.13009
8.00000 0.48881 457.29675
9.00000 0.48882 461.56758
10.00000 0.48883 418.85925
11.00000 0.48884 465.83842
12.00000 0.48885 414.58842
13.00000 0.48886 470.10925
14.00000 0.48887 410.31759
15.00000 0.48889 406.04675
16.00000 0.48889 474.38008
17.00000 0.48891 401.77592
18.00000 0.48892 478.65092
19.00000 0.48894 397.50509
20.00000 0.48895 482.92175
21.00000 0.48897 393.23425
22.00000 0.48899 487.19258
23.00000 0.48900 388.96342
24.00000 0.48903 491.46342
25.00000 0.48904 384.69259
26.00000 0.48907 380.42175
27.00000 0.48908 495.73425
28.00000 0.48911 376.15092
29.00000 0.48913 500.00508
30.00000 0.48916 371.88009
31.00000 0.48919 504.27592
32.00000 0.48920 367.60925
33.00000 0.48924 363.33842
34.00000 0.48925 508.54675
35.00000 0.48929 359.06759
36.00000 0.48932 512.81758
37.00000 0.48934 354.79675
38.00000 0.48939 350.52592
39.00000 0.48940 517.08842
40.00000 0.48945 346.25509
41.00000 0.48948 521.35925
42.00000 0.48950 341.98425
43.00000 0.48956 337.71342
44.00000 0.48957 525.63008
45.00000 0.48962 333.44259
46.00000 0.48967 529.90092
47.00000 0.48968 329.17175
48.00000 0.48974 324.90092
49.00000 0.48977 534.17175
50.00000 0.48980 320.63009
51.00000 0.48987 316.35925
52.00000 0.48989 538.44258
53.00000 0.48993 312.08842
54.00000 0.49000 307.81759
55.00000 0.49001 542.71342
56.00000 0.49007 303.54675
57.00000 0.49014 546.98425
58.00000 0.49014 299.27592
59.00000 0.49021 295.00509
60.00000 0.49028 551.25508
61.00000 0.49029 290.73425
62.00000 0.49036 286.46342
63.00000 0.49043 555.52592
64.00000 0.49044 282.19259
65.00000 0.49052 277.92175
66.00000 0.49059 559.79675
67.00000 0.49060 273.65092
68.00000 0.49068 269.38009
69.00000 0.49076 265.10925
70.00000 0.49076 564.06758
71.00000 0.49084 260.83842
72.00000 0.49092 256.56759
73.00000 0.49095 568.33842
74.00000 0.49101 252.29675
75.00000 0.49110 248.02592
76.00000 0.49114 572.60925
77.00000 0.49118 243.75509
78.00000 0.49127 239.48425
79.00000 0.49135 576.88008
80.00000 0.49136 235.21342
81.00000 0.49146 230.94259
82.00000 0.49155 226.67175
83.00000 0.49158 581.15092
84.00000 0.49164 222.40092
85.00000 0.49174 218.13009
86.00000 0.49181 585.42175
87.00000 0.49184 213.85925
88.00000 0.49194 209.58842
89.00000 0.49204 205.31759
90.00000 0.49207 589.69258
91.00000 0.49214 201.04675
92.00000 0.49216 200.00000
93.00000 0.49234 593.96342
94.00000 0.49263 598.23425
95.00000 0.49293 602.50508
96.00000 0.49325 606.77592
97.00000 0.49360 611.04675
98.00000 0.49396 615.31758
99.00000 0.49434 619.58842
100.00000 0.49475 623.85925
101.00000 0.49517 628.13008
102.00000 0.49562 632.40092
103.00000 0.49609 636.67175
104.00000 0.49659 640.94258
105.00000 0.49711 645.21342
106.00000 0.49766 649.48425
107.00000 0.49823 653.75508
108.00000 0.49882 658.02592
109.00000 0.49944 662.29675
110.00000 0.50009 666.56758
111.00000 0.50077 670.83842
112.00000 0.50146 675.10925
113.00000 0.50219 679.38008
114.00000 0.50294 683.65092
115.00000 0.50371 687.92175
116.00000 0.50451 692.19258
117.00000 0.50534 696.46342
118.00000 0.50618 700.73425
119.00000 0.50705 705.00508
120.00000 0.50795 709.27592
121.00000 0.50886 713.54675
122.00000 0.50979 717.81331
123.00000 0.50980 717.81758
124.00000 0.50980 717.81331
125.00000 0.50980 717.81758
126.00000 0.51039 713.54675
127.00000 0.51096 709.27592
128.00000 0.51152 705.00508
129.00000 0.51206 700.73425
130.00000 0.51258 696.46342
131.00000 0.51309 692.19258
132.00000 0.51358 687.92175
133.00000 0.51406 683.65092
134.00000 0.51452 679.38008
135.00000 0.51496 675.10925
136.00000 0.51539 670.83842
137.00000 0.51580 666.56758
138.00000 0.51620 662.29675
139.00000 0.51658 658.02592
140.00000 0.51695 653.75508
141.00000 0.51731 649.48425
142.00000 0.51765 645.21342
143.00000 0.51798 640.94258
144.00000 0.51830 636.67175
145.00000 0.51860 632.40092
146.00000 0.51889 628.13008
147.00000 0.51917 623.85925
148.00000 0.51944 619.58842
149.00000 0.51970 615.31758
150.00000 0.51995 611.04675
151.00000 0.52019 606.77592
152.00000 0.52042 602.50508
153.00000 0.52064 598.23425
154.00000 0.52085 593.96342
155.00000 0.52106 589.69258
156.00000 0.52119 200.00000
157.00000 0.52123 201.04675
158.00000 0.52125 585.42175
159.00000 0.52138 205.31759
160.00000 0.52144 581.15092
161.00000 0.52153 209.58842
162.00000 0.52162 576.88008
163.00000 0.52168 213.85925
164.00000 0.52180 572.60925
165.00000 0.52182 218.13009
166.00000 0.52196 222.40092
167.00000 0.52196 568.33842
168.00000 0.52210 226.67175
169.00000 0.52212 564.06758
170.00000 0.52223 230.94259
171.00000 0.52228 559.79675
172.00000 0.52236 235.21342
173.00000 0.52242 555.52592
174.00000 0.52248 239.48425
175.00000 0.52256 551.25508
176.00000 0.52260 243.75509
177.00000 0.52270 546.98425
178.00000 0.52272 248.02592
179.00000 0.52283 542.71342
180.00000 0.52284 252.29675
181.00000 0.52295 256.56759
182.00000 0.52296 538.44258
183.00000 0.52305 260.83842
184.00000 0.52308 534.17175
185.00000 0.52316 265.10925
186.00000 0.52319 529.90092
187.00000 0.52326 269.38009
188.00000 0.52330 525.63008
189.00000 0.52336 273.65092
190.00000 0.52341 521.35925
191.00000 0.52345 277.92175
192.00000 0.52351 517.08842
193.00000 0.52354 282.19259
194.00000 0.52360 512.81758
195.00000 0.52363 286.46342
196.00000 0.52370 508.54675
197.00000 0.52372 290.73425
198.00000 0.52378 504.27592
199.00000 0.52380 295.00509
200.00000 0.52387 500.00508
201.00000 0.52387 299.27592
202.00000 0.52395 495.73425
203.00000 0.52395 303.54675
204.00000 0.52402 491.46342
205.00000 0.52402 307.81759
206.00000 0.52409 312.08842
207.00000 0.52409 487.19258
208.00000 0.52415 316.35925
209.00000 0.52416 482.92175
210.00000 0.52422 320.63009
211.00000 0.52423 478.65092
212.00000 0.52427 324.90092
213.00000 0.52429 474.38008
214.00000 0.52433 329.17175
215.00000 0.52434 470.10925
216.00000 0.52438 333.44259
217.00000 0.52440 465.83842
218.00000 0.52443 337.71342
219.00000 0.52445 461.56758
220.00000 0.52448 341.98425
221.00000 0.52449 457.29675
222.00000 0.52452 346.25509
223.00000 0.52453 453.02592
224.00000 0.52456 350.52592
225.00000 0.52457 448.75508
226.00000 0.52460 354.79675
227.00000 0.52461 444.48425
228.00000 0.52463 359.06759
229.00000 0.52464 440.21342
230.00000 0.52466 363.33842
231.00000 0.52467 435.94259
232.00000 0.52468 367.60925
233.00000 0.52470 431.67175
234.00000 0.52471 371.88009
235.00000 0.52472 427.40092
236.00000 0.52473 376.15092
237.00000 0.52474 423.13009
238.00000 0.52475 380.42175
239.00000 0.52475 418.85925
240.00000 0.52476 384.69259
241.00000 0.52476 414.58842
242.00000 0.52477 388.96342
243.00000 0.52477 410.31759
244.00000 0.52478 393.23425
245.00000 0.52478 401.77592
246.00000 0.52478 406.04675
247.00000 0.52478 397.50509
