0.00000 0.28616 1637.69162
1.00000 0.28616 1637.69589
2.00000 0.28616 1637.69162
3.00000 0.28627 1634.99999
4.00000 0.28645 1630.72916
5.00000 0.28662 1626.45832
6.00000 0.28680 1622.18749
7.00000 0.28697 1617.91666
8.00000 0.28714 1613.64582
9.00000 0.28732 1609.37499
10.00000 0.28749 1605.10416
11.00000 0.28766 1600.83332
12.00000 0.28783 1596.56249
13.00000 0.28800 1592.29166
14.00000 0.28818 1588.02082
15.00000 0.28835 1583.74999
16.00000 0.28852 1579.47916
17.00000 0.28869 1575.20832
18.00000 0.28886 1570.93749
19.00000 0.28902 1566.66666
20.00000 0.28919 1562.39582
21.00000 0.28936 1558.12499
22.00000 0.28953 1553.85416
23.00000 0.28970 1549.58332
24.00000 0.28986 1545.31249
25.00000 0.29003 1541.04166
26.00000 0.29020 1536.77082
27.00000 0.29036 1532.49999
28.00000 0.29053 1528.22916
29.00000 0.29070 1523.95832
30.00000 0.29086 1519.68749
31.00000 0.29098 1641.96245
32.00000 0.29103 1515.41666
33.00000 0.29119 1511.14582
34.00000 0.29136 1506.87499
35.00000 0.29152 1502.60416
36.00000 0.29169 1498.33332
37.00000 0.29185 1494.06249
38.00000 0.29202 1489.79166
39.00000 0.29218 1485.52082
40.00000 0.29235 1481.24999
41.00000 0.29251 1476.97916
42.00000 0.29267 1472.70832
43.00000 0.29284 1468.43749
44.00000 0.29300 1464.16666
45.00000 0.29316 1459.89582
46.00000 0.29333 1455.62499
47.00000 0.29349 1451.35416
48.00000 0.29365 1447.08332
49.00000 0.29382 1442.81249
50.00000 0.29398 1438.54166
51.00000 0.29414 1434.27082
52.00000 0.29431 1429.99999
53.00000 0.29447 1425.72916
54.00000 0.29463 1421.45832
55.00000 0.29479 1417.18749
56.00000 0.29495 1412.91666
57.00000 0.29512 1408.64582
58.00000 0.29528 1404.37499
59.00000 0.29544 1400.10416
60.00000 0.29560 1395.83332
61.00000 0.29568 1646.23328
62.00000 0.29577 1391.56249
63.00000 0.29593 1387.29166
64.00000 0.29609 1383.02082
65.00000 0.29625 1378.74999
66.00000 0.29641 1374.47916
67.00000 0.29658 1370.20832
68.00000 0.29674 1365.93749
69.00000 0.29690 1361.66666
70.00000 0.29706 1357.39582
71.00000 0.29723 1353.12499
72.00000 0.29739 1348.85416
73.00000 0.29755 1344.58332
74.00000 0.29771 1340.31249
75.00000 0.29787 1336.04166
76.00000 0.29804 1331.77082
77.00000 0.29820 1327.49999
78.00000 0.29836 1323.22916
79.00000 0.29852 1318.95832
80.00000 0.29869 1314.68749
81.00000 0.29885 1310.41666
82.00000 0.29901 1306.14582
83.00000 0.29917 1301.87499
84.00000 0.29934 1297.60416
85.00000 0.29950 1293.33332
86.00000 0.29966 1289.06249
87.00000 0.29982 1284.79166
88.00000 0.29999 1280.52082
89.00000 0.30015 1276.24999
90.00000 0.30025 1650.50412
91.00000 0.30031 1271.97916
92.00000 0.30047 1267.70833
93.00000 0.30064 1263.43749
94.00000 0.30080 1259.16666
95.00000 0.30096 1254.89583
96.00000 0.30113 1250.62499
97.00000 0.30129 1246.35416
98.00000 0.30145 1242.08333
99.00000 0.30162 1237.81249
100.00000 0.30178 1233.54166
101.00000 0.30195 1229.27083
102.00000 0.30211 1224.99999
103.00000 0.30227 1220.72916
104.00000 0.30244 1216.45833
105.00000 0.30260 1212.18749
106.00000 0.30277 1207.91666
107.00000 0.30293 1203.64583
108.00000 0.30309 1199.37499
109.00000 0.30326 1195.10416
110.00000 0.30342 1190.83333
111.00000 0.30359 1186.56249
112.00000 0.30375 1182.29166
113.00000 0.30392 1178.02083
114.00000 0.30408 1173.74999
115.00000 0.30425 1169.47916
116.00000 0.30441 1165.20833
117.00000 0.30458 1160.93749
118.00000 0.30471 1654.77495
119.00000 0.30475 1156.66666
120.00000 0.30491 1152.39583
121.00000 0.30508 1148.12499
122.00000 0.30524 1143.85416
123.00000 0.30541 1139.58333
124.00000 0.30558 1135.31249
125.00000 0.30574 1131.04166
126.00000 0.30591 1126.77083
127.00000 0.30607 1122.49999
128.00000 0.30624 1118.22916
129.00000 0.30641 1113.95833
130.00000 0.30657 1109.68749
131.00000 0.30674 1105.41666
132.00000 0.30691 1101.14583
133.00000 0.30708 1096.87499
134.00000 0.30724 1092.60416
135.00000 0.30741 1088.33333
136.00000 0.30758 1084.06249
137.00000 0.30775 1079.79166
138.00000 0.30791 1075.52083
139.00000 0.30808 1071.24999
140.00000 0.30825 1066.97916
141.00000 0.30842 1062.70833
142.00000 0.30859 1058.43749
143.00000 0.30875 1054.16666
144.00000 0.30892 1049.89583
145.00000 0.30907 1659.04578
146.00000 0.30909 1045.62499
147.00000 0.30926 1041.35416
148.00000 0.30943 1037.08333
149.00000 0.30960 1032.81249
150.00000 0.30977 1028.54166
151.00000 0.30994 1024.27083
152.00000 0.31011 1019.99999
153.00000 0.31027 1015.72916
154.00000 0.31044 1011.45833
155.00000 0.31061 1007.18749
156.00000 0.31078 1002.91666
157.00000 0.31095 998.64583
158.00000 0.31112 994.37499
159.00000 0.31129 990.10416
160.00000 0.31146 985.83333
161.00000 0.31163 981.56249
162.00000 0.31180 977.29166
163.00000 0.31197 973.02083
164.00000 0.31214 968.74999
165.00000 0.31232 964.47916
166.00000 0.31249 960.20833
167.00000 0.31266 955.93749
168.00000 0.31283 951.66666
169.00000 0.31300 947.39583
170.00000 0.31317 943.12499
171.00000 0.31332 1663.31662
172.00000 0.31334 938.85416
173.00000 0.31351 934.58333
174.00000 0.31368 930.31249
175.00000 0.31385 926.04166
176.00000 0.31403 921.77083
177.00000 0.31420 917.49999
178.00000 0.31437 913.22916
179.00000 0.31454 908.95833
180.00000 0.31471 904.68749
181.00000 0.31488 900.41666
182.00000 0.31505 896.14583
183.00000 0.31523 891.87499
184.00000 0.31540 887.60416
185.00000 0.31557 883.33333
186.00000 0.31574 879.06249
187.00000 0.31591 874.79166
188.00000 0.31609 870.52083
189.00000 0.31626 866.24999
190.00000 0.31643 861.97916
191.00000 0.31660 857.70833
192.00000 0.31677 853.43749
193.00000 0.31695 849.16666
194.00000 0.31712 844.89583
195.00000 0.31729 840.62500
196.00000 0.31746 836.35416
197.00000 0.31747 1667.58745
198.00000 0.31764 832.08333
199.00000 0.31781 827.81250
200.00000 0.31798 823.54166
201.00000 0.31815 819.27083
202.00000 0.31832 815.00000
203.00000 0.31850 810.72916
204.00000 0.31867 806.45833
205.00000 0.31884 802.18750
206.00000 0.31901 797.91666
207.00000 0.31918 793.64583
208.00000 0.31936 789.37500
209.00000 0.31938 200.00000
210.00000 0.31938 200.00427
211.00000 0.31951 204.27083
212.00000 0.31953 785.10416
213.00000 0.31965 208.54167
214.00000 0.31970 780.83333
215.00000 0.31982 212.81250
216.00000 0.31987 776.56250
217.00000 0.32002 217.08333
218.00000 0.32004 772.29166
219.00000 0.32022 768.02083
220.00000 0.32025 221.35417
221.00000 0.32039 763.75000
222.00000 0.32049 225.62500
223.00000 0.32056 759.47916
224.00000 0.32073 755.20833
225.00000 0.32075 229.89583
226.00000 0.32090 750.93750
227.00000 0.32101 234.16667
228.00000 0.32107 746.66666
229.00000 0.32124 742.39583
230.00000 0.32128 238.43750
231.00000 0.32141 738.12500
232.00000 0.32154 1671.85828
233.00000 0.32156 242.70833
234.00000 0.32158 733.85416
235.00000 0.32175 729.58333
236.00000 0.32183 246.97917
237.00000 0.32192 725.31250
238.00000 0.32209 721.04166
239.00000 0.32211 251.25000
240.00000 0.32226 716.77083
241.00000 0.32239 255.52083
242.00000 0.32243 712.50000
243.00000 0.32260 708.22916
244.00000 0.32268 259.79167
245.00000 0.32277 703.95833
246.00000 0.32294 699.68750
247.00000 0.32296 264.06250
248.00000 0.32311 695.41666
249.00000 0.32324 268.33333
250.00000 0.32328 691.14583
251.00000 0.32345 686.87500
252.00000 0.32353 272.60417
253.00000 0.32361 682.60416
254.00000 0.32378 678.33333
255.00000 0.32382 276.87500
256.00000 0.32395 674.06250
257.00000 0.32410 281.14583
258.00000 0.32411 669.79166
259.00000 0.32428 665.52083
260.00000 0.32439 285.41667
261.00000 0.32445 661.25000
262.00000 0.32461 656.97916
263.00000 0.32467 289.68750
264.00000 0.32478 652.70833
265.00000 0.32494 648.43750
266.00000 0.32495 293.95833
267.00000 0.32511 644.16666
268.00000 0.32524 298.22917
269.00000 0.32527 639.89583
270.00000 0.32543 635.62500
271.00000 0.32552 302.50000
272.00000 0.32552 1676.12912
273.00000 0.32559 631.35416
274.00000 0.32576 627.08333
275.00000 0.32580 306.77083
276.00000 0.32592 622.81250
277.00000 0.32608 311.04167
278.00000 0.32608 618.54166
279.00000 0.32624 614.27083
280.00000 0.32636 315.31250
281.00000 0.32640 610.00000
282.00000 0.32655 605.72916
283.00000 0.32663 319.58333
284.00000 0.32671 601.45833
285.00000 0.32687 597.18750
286.00000 0.32691 323.85417
287.00000 0.32702 592.91666
288.00000 0.32718 328.12500
289.00000 0.32718 588.64583
290.00000 0.32733 584.37500
291.00000 0.32746 332.39583
292.00000 0.32748 580.10416
293.00000 0.32763 575.83333
294.00000 0.32773 336.66667
295.00000 0.32779 571.56250
296.00000 0.32793 567.29166
297.00000 0.32800 340.93750
298.00000 0.32808 563.02083
299.00000 0.32823 558.75000
300.00000 0.32827 345.20833
301.00000 0.32837 554.47916
302.00000 0.32852 550.20833
303.00000 0.32854 349.47917
304.00000 0.32866 545.93750
305.00000 0.32880 541.66666
306.00000 0.32881 353.75000
307.00000 0.32894 537.39583
308.00000 0.32907 358.02083
309.00000 0.32907 533.12500
310.00000 0.32921 528.85416
311.00000 0.32934 524.58333
312.00000 0.32934 362.29167
313.00000 0.32942 1680.39995
314.00000 0.32947 520.31250
315.00000 0.32960 516.04166
316.00000 0.32961 366.56250
317.00000 0.32972 511.77083
318.00000 0.32984 507.50000
319.00000 0.32988 370.83333
320.00000 0.32996 503.22916
321.00000 0.33008 498.95833
322.00000 0.33015 375.10417
323.00000 0.33020 494.68750
324.00000 0.33031 490.41666
325.00000 0.33041 486.14583
326.00000 0.33042 379.37500
327.00000 0.33052 481.87500
328.00000 0.33062 477.60416
329.00000 0.33070 383.64583
330.00000 0.33071 473.33333
331.00000 0.33080 469.06250
332.00000 0.33089 464.79166
333.00000 0.33089 387.91667
334.00000 0.33097 460.52083
335.00000 0.33103 392.18750
336.00000 0.33104 456.25000
337.00000 0.33111 451.97916
338.00000 0.33114 396.45833
339.00000 0.33117 447.70833
340.00000 0.33123 443.43750
341.00000 0.33123 400.72917
342.00000 0.33128 439.16666
343.00000 0.33129 405.00000
344.00000 0.33132 434.89583
345.00000 0.33134 409.27083
346.00000 0.33135 430.62500
347.00000 0.33136 413.54166
348.00000 0.33137 426.35416
349.00000 0.33138 422.08333
350.00000 0.33138 417.81250
351.00000 0.33324 1684.67078
352.00000 0.33699 1688.94162
353.00000 0.34067 1693.21245
354.00000 0.34428 1697.48328
355.00000 0.34783 1701.75412
356.00000 0.35132 1706.02495
357.00000 0.35474 1710.29578
358.00000 0.35812 1714.56662
359.00000 0.36143 1718.83745
360.00000 0.36470 1723.10828
361.00000 0.36792 1727.37912
362.00000 0.37108 1731.64995
363.00000 0.37420 1735.92078
364.00000 0.37728 1740.19162
365.00000 0.38032 1744.46245
366.00000 0.38331 1748.73328
367.00000 0.38626 1753.00412
368.00000 0.38918 1757.27495
369.00000 0.39206 1761.54578
370.00000 0.39490 1765.81662
371.00000 0.39770 1770.08745
372.00000 0.40047 1774.35828
373.00000 0.40321 1778.62912
374.00000 0.40591 1782.89995
375.00000 0.40859 1787.17078
376.00000 0.41123 1791.44162
377.00000 0.41385 1795.71245
378.00000 0.41643 1799.98328
379.00000 0.41899 1804.25411
380.00000 0.42152 1808.52495
381.00000 0.42403 1812.79578
382.00000 0.42651 1817.06661
383.00000 0.42896 1821.33745
384.00000 0.43139 1825.60828
385.00000 0.43380 1829.87911
386.00000 0.43619 1834.14995
387.00000 0.43855 1838.42078
388.00000 0.44089 1842.69161
389.00000 0.44322 1846.96245
390.00000 0.44552 1851.23328
391.00000 0.44780 1855.50411
392.00000 0.45007 1859.77495
393.00000 0.45232 1864.04578
394.00000 0.45456 1868.31661
395.00000 0.45678 1872.58745
396.00000 0.45899 1876.85828
397.00000 0.46118 1881.12911
398.00000 0.46336 1885.39995
399.00000 0.46554 1889.67078
400.00000 0.46770 1893.94161
401.00000 0.46986 1898.21245
402.00000 0.47202 1902.48328
403.00000 0.47417 1906.75411
404.00000 0.47633 1911.02495
405.00000 0.47849 1915.29578
406.00000 0.48066 1919.56661
407.00000 0.48285 1923.83745
408.00000 0.48506 1928.10828
409.00000 0.48730 1932.37911
410.00000 0.48959 1936.64995
411.00000 0.49195 1940.92078
412.00000 0.49440 1945.19161
413.00000 0.49699 1949.46245
414.00000 0.49980 1953.73328
415.00000 0.50300 1958.00411
416.00000 0.50714 1962.27495
417.00000 0.50763 1962.66320
418.00000 0.50874 1963.43972
419.00000 0.50897 1963.58090
420.00000 0.50946 1963.86327
421.00000 0.51070 1964.42801
422.00000 0.51099 1964.53069
423.00000 0.51174 1964.73605
424.00000 0.51192 1964.77339
425.00000 0.51241 1964.84807
426.00000 0.51255 1964.86164
427.00000 0.51257 1964.86411
428.00000 0.51263 1964.86905
429.00000 0.51266 1964.87119
430.00000 0.51272 1964.87507
431.00000 0.51283 1964.88128
432.00000 0.51306 1964.88741
433.00000 0.51351 1964.87443
434.00000 0.51440 1964.74645
435.00000 0.51529 1964.48059
436.00000 0.51703 1963.52657
437.00000 0.52043 1959.87490
438.00000 0.52209 1957.14983
439.00000 0.52275 1955.88589
440.00000 0.52394 1953.35801
441.00000 0.52566 1949.08717
442.00000 0.52714 1944.81634
443.00000 0.52845 1940.54551
444.00000 0.52966 1936.27467
445.00000 0.53077 1932.00384
446.00000 0.53181 1927.73301
447.00000 0.53279 1923.46217
448.00000 0.53372 1919.19134
449.00000 0.53461 1914.92051
450.00000 0.53546 1910.64967
451.00000 0.53629 1906.37884
452.00000 0.53708 1902.10801
453.00000 0.53785 1897.83717
454.00000 0.53860 1893.56634
455.00000 0.53933 1889.29551
456.00000 0.54005 1885.02467
457.00000 0.54074 1880.75384
458.00000 0.54142 1876.48301
459.00000 0.54209 1872.21217
460.00000 0.54275 1867.94134
461.00000 0.54339 1863.67051
462.00000 0.54402 1859.39967
463.00000 0.54465 1855.12884
464.00000 0.54526 1850.85801
465.00000 0.54587 1846.58717
466.00000 0.54646 1842.31634
467.00000 0.54705 1838.04551
468.00000 0.54764 1833.77467
469.00000 0.54821 1829.50384
470.00000 0.54878 1825.23301
471.00000 0.54934 1820.96217
472.00000 0.54990 1816.69134
473.00000 0.55046 1812.42051
474.00000 0.55100 1808.14967
475.00000 0.55155 1803.87884
476.00000 0.55208 1799.60801
477.00000 0.55262 1795.33717
478.00000 0.55315 1791.06634
479.00000 0.55367 1786.79551
480.00000 0.55419 1782.52467
481.00000 0.55471 1778.25384
482.00000 0.55523 1773.98301
483.00000 0.55574 1769.71217
484.00000 0.55624 1765.44134
485.00000 0.55675 1761.17051
486.00000 0.55725 1756.89967
487.00000 0.55775 1752.62884
488.00000 0.55825 1748.35801
489.00000 0.55874 1744.08717
490.00000 0.55923 1739.81634
491.00000 0.55972 1735.54551
492.00000 0.56020 1731.27467
493.00000 0.56069 1727.00384
494.00000 0.56117 1722.73301
495.00000 0.56165 1718.46217
496.00000 0.56212 1714.19134
497.00000 0.56260 1709.92051
498.00000 0.56307 1705.64967
499.00000 0.56354 1701.37884
500.00000 0.56401 1697.10801
501.00000 0.56447 1692.83717
502.00000 0.56494 1688.56634
503.00000 0.56540 1684.29551
504.00000 0.56586 1680.02467
505.00000 0.56632 1675.75384
506.00000 0.56678 1671.48301
507.00000 0.56724 1667.21217
508.00000 0.56769 1662.94134
509.00000 0.56815 1658.67051
510.00000 0.56860 1654.39967
511.00000 0.56905 1650.12884
512.00000 0.56950 1645.85801
513.00000 0.56994 1641.58718
514.00000 0.57039 1637.31634
515.00000 0.57084 1633.04551
516.00000 0.57128 1628.77468
517.00000 0.57172 1624.50384
518.00000 0.57216 1620.23301
519.00000 0.57260 1615.96218
520.00000 0.57304 1611.69134
521.00000 0.57348 1607.42051
522.00000 0.57391 1603.14968
523.00000 0.57435 1598.87884
524.00000 0.57478 1594.60801
525.00000 0.57522 1590.33718
526.00000 0.57565 1586.06634
527.00000 0.57608 1581.79551
528.00000 0.57651 1577.52468
529.00000 0.57694 1573.25384
530.00000 0.57736 1568.98301
531.00000 0.57779 1564.71218
532.00000 0.57821 1560.44134
533.00000 0.57864 1556.17051
534.00000 0.57906 1551.89968
535.00000 0.57948 1547.62884
536.00000 0.57990 1543.35801
537.00000 0.58032 1539.08718
538.00000 0.58074 1534.81634
539.00000 0.58116 1530.54551
540.00000 0.58157 1526.27468
541.00000 0.58199 1522.00384
542.00000 0.58240 1517.73301
543.00000 0.58281 1513.46218
544.00000 0.58323 1509.19134
545.00000 0.58364 1504.92051
546.00000 0.58405 1500.64968
547.00000 0.58446 1496.37884
548.00000 0.58486 1492.10801
549.00000 0.58527 1487.83718
550.00000 0.58568 1483.56634
551.00000 0.58608 1479.29551
552.00000 0.58648 1475.02468
553.00000 0.58688 1470.75384
554.00000 0.58729 1466.48301
555.00000 0.58768 1462.21218
556.00000 0.58808 1457.94134
557.00000 0.58848 1453.67051
558.00000 0.58888 1449.39968
559.00000 0.58927 1445.12884
560.00000 0.58966 1440.85801
561.00000 0.59006 1436.58718
562.00000 0.59045 1432.31634
563.00000 0.59084 1428.04551
564.00000 0.59123 1423.77468
565.00000 0.59161 1419.50384
566.00000 0.59200 1415.23301
567.00000 0.59238 1410.96218
568.00000 0.59277 1406.69134
569.00000 0.59315 1402.42051
570.00000 0.59353 1398.14968
571.00000 0.59391 1393.87884
572.00000 0.59429 1389.60801
573.00000 0.59466 1385.33718
574.00000 0.59504 1381.06634
575.00000 0.59541 1376.79551
576.00000 0.59578 1372.52468
577.00000 0.59615 1368.25384
578.00000 0.59652 1363.98301
579.00000 0.59689 1359.71218
580.00000 0.59725 1355.44134
581.00000 0.59762 1351.17051
582.00000 0.59798 1346.89968
583.00000 0.59834 1342.62884
584.00000 0.59870 1338.35801
585.00000 0.59906 1334.08718
586.00000 0.59941 1329.81634
587.00000 0.59977 1325.54551
588.00000 0.60012 1321.27468
589.00000 0.60047 1317.00384
590.00000 0.60082 1312.73301
591.00000 0.60117 1308.46218
592.00000 0.60151 1304.19134
593.00000 0.60186 1299.92051
594.00000 0.60220 1295.64968
595.00000 0.60254 1291.37884
596.00000 0.60288 1287.10801
597.00000 0.60321 1282.83718
598.00000 0.60355 1278.56634
599.00000 0.60388 1274.29551
600.00000 0.60421 1270.02468
601.00000 0.60454 1265.75384
602.00000 0.60487 1261.48301
603.00000 0.60519 1257.21218
604.00000 0.60552 1252.94134
605.00000 0.60584 1248.67051
606.00000 0.60616 1244.39968
607.00000 0.60648 1240.12884
608.00000 0.60680 1235.85801
609.00000 0.60711 1231.58718
610.00000 0.60743 1227.31634
611.00000 0.60774 1223.04551
612.00000 0.60805 1218.77468
613.00000 0.60836 1214.50385
614.00000 0.60867 1210.23301
615.00000 0.60897 1205.96218
616.00000 0.60928 1201.69135
617.00000 0.60958 1197.42051
618.00000 0.60988 1193.14968
619.00000 0.61018 1188.87885
620.00000 0.61048 1184.60801
621.00000 0.61078 1180.33718
622.00000 0.61107 1176.06635
623.00000 0.61137 1171.79551
624.00000 0.61166 1167.52468
625.00000 0.61195 1163.25385
626.00000 0.61225 1158.98301
627.00000 0.61252 1154.93396
628.00000 0.63787 673.32037
629.00000 0.63787 673.31610
630.00000 0.63802 669.04954
631.00000 0.63817 664.77870
632.00000 0.63832 660.50787
633.00000 0.63848 656.23704
634.00000 0.63863 651.96620
635.00000 0.63879 647.69537
636.00000 0.63895 643.42454
637.00000 0.63911 639.15370
638.00000 0.63927 634.88287
639.00000 0.63943 630.61204
640.00000 0.63960 626.34120
641.00000 0.63977 622.07037
642.00000 0.63993 617.79954
643.00000 0.64010 613.52870
644.00000 0.64028 609.25787
645.00000 0.64045 604.98704
646.00000 0.64062 600.71620
647.00000 0.64080 596.44537
648.00000 0.64098 592.17454
649.00000 0.64115 587.90370
650.00000 0.64133 583.63287
651.00000 0.64152 579.36204
652.00000 0.64170 575.09120
653.00000 0.64188 570.82037
654.00000 0.64207 566.54954
655.00000 0.64225 562.27870
656.00000 0.64244 558.00787
657.00000 0.64263 553.73704
658.00000 0.64282 549.46620
659.00000 0.64301 545.19537
660.00000 0.64320 540.92454
661.00000 0.64339 536.65370
662.00000 0.64359 532.38287
663.00000 0.64378 528.11204
664.00000 0.64398 523.84120
665.00000 0.64417 519.57037
666.00000 0.64437 515.29954
667.00000 0.64457 511.02870
668.00000 0.64477 506.75787
669.00000 0.64497 502.48704
670.00000 0.64517 498.21620
671.00000 0.64538 493.94537
672.00000 0.64558 489.67454
673.00000 0.64578 485.40370
674.00000 0.64599 481.13287
675.00000 0.64619 476.86204
676.00000 0.64640 472.59120
677.00000 0.64661 468.32037
678.00000 0.64682 464.04954
679.00000 0.64703 459.77870
680.00000 0.64724 455.50787
681.00000 0.64745 451.23704
682.00000 0.64766 446.96620
683.00000 0.64787 442.69537
684.00000 0.64808 438.42454
685.00000 0.64830 434.15370
686.00000 0.64851 429.88287
687.00000 0.64873 425.61204
688.00000 0.64894 421.34120
689.00000 0.64916 417.07037
690.00000 0.64938 412.79954
691.00000 0.64959 408.52870
692.00000 0.64981 404.25787
693.00000 0.65003 399.98704
694.00000 0.65025 395.71620
695.00000 0.65047 391.44537
696.00000 0.65069 387.17454
697.00000 0.65092 382.90370
698.00000 0.65114 378.63287
699.00000 0.65136 374.36204
700.00000 0.65158 370.09120
701.00000 0.65181 365.82037
702.00000 0.65203 361.54954
703.00000 0.65226 357.27870
704.00000 0.65249 353.00787
705.00000 0.65271 348.73704
706.00000 0.65294 344.46620
707.00000 0.65317 340.19537
708.00000 0.65340 335.92454
709.00000 0.65363 331.65370
710.00000 0.65386 327.38287
711.00000 0.65409 323.11204
712.00000 0.65432 318.84120
713.00000 0.65455 314.57037
714.00000 0.65478 310.29954
715.00000 0.65502 306.02870
716.00000 0.65525 301.75787
717.00000 0.65549 297.48704
718.00000 0.65572 293.21620
719.00000 0.65596 288.94537
720.00000 0.65619 284.67454
721.00000 0.65643 280.40370
722.00000 0.65666 276.13287
723.00000 0.65690 271.86204
724.00000 0.65714 267.59120
725.00000 0.65738 263.32037
726.00000 0.65762 259.04954
727.00000 0.65786 254.77870
728.00000 0.65809 250.50787
729.00000 0.65833 246.23704
730.00000 0.65857 241.96621
731.00000 0.65882 237.69537
732.00000 0.65906 233.42454
733.00000 0.65930 229.15371
734.00000 0.65954 224.88287
735.00000 0.65978 220.61204
736.00000 0.66002 216.34121
737.00000 0.66026 212.07037
738.00000 0.66050 207.79954
739.00000 0.66074 203.52871
740.00000 0.66094 200.00000
741.00000 0.68809 1154.93396
742.00000 0.68907 1152.59715
743.00000 0.69083 1148.32632
744.00000 0.69257 1144.05549
745.00000 0.69429 1139.78465
746.00000 0.69599 1135.51382
747.00000 0.69767 1131.24299
748.00000 0.69934 1126.97215
749.00000 0.70100 1122.70132
750.00000 0.70264 1118.43049
751.00000 0.70426 1114.15965
752.00000 0.70588 1109.88882
753.00000 0.70748 1105.61799
754.00000 0.70908 1101.34715
755.00000 0.71066 1097.07632
756.00000 0.71224 1092.80549
757.00000 0.71380 1088.53465
758.00000 0.71536 1084.26382
759.00000 0.71691 1079.99299
760.00000 0.71845 1075.72215
761.00000 0.71998 1071.45132
762.00000 0.72150 1067.18049
763.00000 0.72302 1062.90965
764.00000 0.72453 1058.63882
765.00000 0.72603 1054.36799
766.00000 0.72752 1050.09715
767.00000 0.72901 1045.82632
768.00000 0.73049 1041.55549
769.00000 0.73196 1037.28465
770.00000 0.73343 1033.01382
771.00000 0.73489 1028.74299
772.00000 0.73634 1024.47215
773.00000 0.73778 1020.20132
774.00000 0.73922 1015.93049
775.00000 0.74065 1011.65965
776.00000 0.74207 1007.38882
777.00000 0.74349 1003.11799
778.00000 0.74489 998.84715
779.00000 0.74629 994.57632
780.00000 0.74769 990.30549
781.00000 0.74907 986.03465
782.00000 0.75045 981.76382
783.00000 0.75182 977.49299
784.00000 0.75318 973.22215
785.00000 0.75454 968.95132
786.00000 0.75588 964.68049
787.00000 0.75722 960.40965
788.00000 0.75855 956.13882
789.00000 0.75987 951.86799
790.00000 0.76119 947.59715
791.00000 0.76219 673.32037
792.00000 0.76219 673.32464
793.00000 0.76250 943.32632
794.00000 0.76268 677.59120
795.00000 0.76317 681.86203
796.00000 0.76366 686.13287
797.00000 0.76379 939.05549
798.00000 0.76415 690.40370
799.00000 0.76465 694.67453
800.00000 0.76508 934.78466
801.00000 0.76514 698.94537
802.00000 0.76563 703.21620
803.00000 0.76612 707.48703
804.00000 0.76636 930.51382
805.00000 0.76661 711.75787
806.00000 0.76711 716.02870
807.00000 0.76760 720.29953
808.00000 0.76764 926.24299
809.00000 0.76809 724.57037
810.00000 0.76858 728.84120
811.00000 0.76890 921.97216
812.00000 0.76908 733.11203
813.00000 0.76957 737.38287
814.00000 0.77006 741.65370
815.00000 0.77015 917.70132
816.00000 0.77056 745.92453
817.00000 0.77105 750.19537
818.00000 0.77140 913.43049
819.00000 0.77154 754.46620
820.00000 0.77204 758.73703
821.00000 0.77253 763.00787
822.00000 0.77264 909.15966
823.00000 0.77303 767.27870
824.00000 0.77352 771.54953
825.00000 0.77387 904.88882
826.00000 0.77401 775.82037
827.00000 0.77451 780.09120
828.00000 0.77500 784.36203
829.00000 0.77508 900.61799
830.00000 0.77550 788.63287
831.00000 0.77599 792.90370
832.00000 0.77629 896.34716
833.00000 0.77648 797.17453
834.00000 0.77698 801.44537
835.00000 0.77747 805.71620
836.00000 0.77749 892.07632
837.00000 0.77797 809.98703
838.00000 0.77846 814.25787
839.00000 0.77868 887.80549
840.00000 0.77895 818.52870
841.00000 0.77945 822.79953
842.00000 0.77986 883.53466
843.00000 0.77994 827.07037
844.00000 0.78043 831.34120
845.00000 0.78093 835.61203
846.00000 0.78103 879.26382
847.00000 0.78142 839.88287
848.00000 0.78191 844.15370
849.00000 0.78219 874.99299
850.00000 0.78240 848.42453
851.00000 0.78289 852.69537
852.00000 0.78334 870.72216
853.00000 0.78339 856.96620
854.00000 0.78388 861.23703
855.00000 0.78437 865.50787
856.00000 0.78448 866.45132
857.00000 0.78448 866.45559
858.00000 0.78448 866.45132
