0.00000 0.00000 389.00000
1.00000 0.00000 551.00000
2.00000 0.00000 554.00000
3.00000 0.00000 557.00000
4.00000 0.00000 560.00000
5.00000 0.00000 563.00000
6.00000 0.00000 566.00000
7.00000 0.00000 569.00000
8.00000 0.00000 572.00000
9.00000 0.00000 575.00000
10.00000 0.00000 578.00000
11.00000 0.00000 581.00000
12.00000 0.00000 584.00000
13.00000 0.00000 587.00000
14.00000 0.00000 590.00000
15.00000 0.00000 593.00000
16.00000 0.00000 596.00000
17.00000 0.00000 599.00000
18.00000 0.00000 602.00000
19.00000 0.00000 605.00000
20.00000 0.00000 608.00000
21.00000 0.00000 611.00000
22.00000 0.00000 614.00000
23.00000 0.00000 617.00000
24.00000 0.00000 548.00000
25.00000 0.00000 545.00000
26.00000 0.00000 542.00000
27.00000 0.00000 539.00000
28.00000 0.00000 467.00000
29.00000 0.00000 470.00000
30.00000 0.00000 473.00000
31.00000 0.00000 476.00000
32.00000 0.00000 479.00000
33.00000 0.00000 482.00000
34.00000 0.00000 485.00000
35.00000 0.00000 488.00000
36.00000 0.00000 491.00000
37.00000 0.00000 494.00000
38.00000 0.00000 497.00000
39.00000 0.00000 620.00000
40.00000 0.00000 500.00000
41.00000 0.00000 506.00000
42.00000 0.00000 509.00000
43.00000 0.00000 512.00000
44.00000 0.00000 515.00000
45.00000 0.00000 518.00000
46.00000 0.00000 521.00000
47.00000 0.00000 524.00000
48.00000 0.00000 527.00000
49.00000 0.00000 530.00000
50.00000 0.00000 533.00000
51.00000 0.00000 536.00000
52.00000 0.00000 503.00000
53.00000 0.00000 623.00000
54.00000 0.00000 626.00000
55.00000 0.00000 629.00000
56.00000 0.00000 716.00000
57.00000 0.00000 719.00000
58.00000 0.00000 722.00000
59.00000 0.00000 725.00000
60.00000 0.00000 728.00000
61.00000 0.00000 731.00000
62.00000 0.00000 734.00000
63.00000 0.00000 737.00000
64.00000 0.00000 740.00000
65.00000 0.00000 743.00000
66.00000 0.00000 746.00000
67.00000 0.00000 713.00000
68.00000 0.00000 749.00000
69.00000 0.00000 755.00000
70.00000 0.00000 758.00000
71.00000 0.00000 761.00000
72.00000 0.00000 764.00000
73.00000 0.00000 767.00000
74.00000 0.00000 770.00000
75.00000 0.00000 773.00000
76.00000 0.00000 776.00000
77.00000 0.00000 779.00000
78.00000 0.00000 782.00000
79.00000 0.00000 785.00000
80.00000 0.00000 752.00000
81.00000 0.00000 464.00000
82.00000 0.00000 710.00000
83.00000 0.00000 704.00000
84.00000 0.00000 632.00000
85.00000 0.00000 635.00000
86.00000 0.00000 638.00000
87.00000 0.00000 641.00000
88.00000 0.00000 644.00000
89.00000 0.00000 647.00000
90.00000 0.00000 650.00000
91.00000 0.00000 653.00000
92.00000 0.00000 656.00000
93.00000 0.00000 659.00000
94.00000 0.00000 662.00000
95.00000 0.00000 707.00000
96.00000 0.00000 665.00000
97.00000 0.00000 671.00000
98.00000 0.00000 674.00000
99.00000 0.00000 677.00000
100.00000 0.00000 680.00000
101.00000 0.00000 683.00000
102.00000 0.00000 686.00000
103.00000 0.00000 689.00000
104.00000 0.00000 692.00000
105.00000 0.00000 695.00000
106.00000 0.00000 698.00000
107.00000 0.00000 701.00000
108.00000 0.00000 668.00000
109.00000 0.00000 788.00000
110.00000 0.00000 461.00000
111.00000 0.00000 455.00000
112.00000 0.00000 218.00000
113.00000 0.00000 221.00000
114.00000 0.00000 224.00000
115.00000 0.00000 227.00000
116.00000 0.00000 230.00000
117.00000 0.00000 233.00000
118.00000 0.00000 236.00000
119.00000 0.00000 239.00000
120.00000 0.00000 242.00000
121.00000 0.00000 245.00000
122.00000 0.00000 248.00000
123.00000 0.00000 251.00000
124.00000 0.00000 254.00000
125.00000 0.00000 257.00000
126.00000 0.00000 260.00000
127.00000 0.00000 263.00000
128.00000 0.00000 266.00000
129.00000 0.00000 269.00000
130.00000 0.00000 272.00000
131.00000 0.00000 275.00000
132.00000 0.00000 278.00000
133.00000 0.00000 281.00000
134.00000 0.00000 284.00000
135.00000 0.00000 215.00000
136.00000 0.00000 212.00000
137.00000 0.00000 209.00000
138.00000 0.00000 206.00000
139.00000 0.00000 1526.00000
140.00000 0.00000 1523.00000
141.00000 0.00000 1520.00000
142.00000 0.00000 1517.00000
143.00000 0.00000 1514.00000
144.00000 0.00000 1511.00000
145.00000 0.00000 1508.00000
146.00000 0.00000 1505.00000
147.00000 0.00000 1502.00000
148.00000 0.00000 1499.00000
149.00000 0.00000 1496.00000
150.00000 0.00000 287.00000
151.00000 0.00000 1493.00000
152.00000 0.00000 1487.00000
153.00000 0.00000 1484.00000
154.00000 0.00000 1481.00000
155.00000 0.00000 1478.00000
156.00000 0.00000 1475.00000
157.00000 0.00000 1472.00000
158.00000 0.00000 1469.00000
159.00000 0.00000 1466.00000
160.00000 0.00000 1463.00000
161.00000 0.00000 200.00000
162.00000 0.00000 203.00000
163.00000 0.00000 1490.00000
164.00000 0.00000 290.00000
165.00000 0.00000 293.00000
166.00000 0.00000 296.00000
167.00000 0.00000 383.00000
168.00000 0.00000 386.00000
169.00000 0.00000 1460.00000
170.00000 0.00000 392.00000
171.00000 0.00000 395.00000
172.00000 0.00000 398.00000
173.00000 0.00000 401.00000
174.00000 0.00000 404.00000
175.00000 0.00000 407.00000
176.00000 0.00000 410.00000
177.00000 0.00000 413.00000
178.00000 0.00000 380.00000
179.00000 0.00000 416.00000
180.00000 0.00000 422.00000
181.00000 0.00000 425.00000
182.00000 0.00000 428.00000
183.00000 0.00000 431.00000
184.00000 0.00000 434.00000
185.00000 0.00000 437.00000
186.00000 0.00000 440.00000
187.00000 0.00000 443.00000
188.00000 0.00000 446.00000
189.00000 0.00000 449.00000
190.00000 0.00000 452.00000
191.00000 0.00000 419.00000
192.00000 0.00000 458.00000
193.00000 0.00000 377.00000
194.00000 0.00000 371.00000
195.00000 0.00000 299.00000
196.00000 0.00000 302.00000
197.00000 0.00000 305.00000
198.00000 0.00000 308.00000
199.00000 0.00000 311.00000
200.00000 0.00000 314.00000
201.00000 0.00000 317.00000
202.00000 0.00000 320.00000
203.00000 0.00000 323.00000
204.00000 0.00000 326.00000
205.00000 0.00000 329.00000
206.00000 0.00000 374.00000
207.00000 0.00000 332.00000
208.00000 0.00000 338.00000
209.00000 0.00000 341.00000
210.00000 0.00000 344.00000
211.00000 0.00000 347.00000
212.00000 0.00000 350.00000
213.00000 0.00000 353.00000
214.00000 0.00000 356.00000
215.00000 0.00000 359.00000
216.00000 0.00000 362.00000
217.00000 0.00000 365.00000
218.00000 0.00000 368.00000
219.00000 0.00000 335.00000
220.00000 0.00000 1529.00000
221.00000 0.00000 791.00000
222.00000 0.00000 797.00000
223.00000 0.00000 1217.00000
224.00000 0.00000 1220.00000
225.00000 0.00000 1223.00000
226.00000 0.00000 1226.00000
227.00000 0.00000 1229.00000
228.00000 0.00000 1232.00000
229.00000 0.00000 1235.00000
230.00000 0.00000 1238.00000
231.00000 0.00000 1241.00000
232.00000 0.00000 1244.00000
233.00000 0.00000 1247.00000
234.00000 0.00000 1250.00000
235.00000 0.00000 1253.00000
236.00000 0.00000 1256.00000
237.00000 0.00000 1259.00000
238.00000 0.00000 1262.00000
239.00000 0.00000 1265.00000
240.00000 0.00000 1268.00000
241.00000 0.00000 1271.00000
242.00000 0.00000 1274.00000
243.00000 0.00000 1277.00000
244.00000 0.00000 1280.00000
245.00000 0.00000 1283.00000
246.00000 0.00000 1214.00000
247.00000 0.00000 1211.00000
248.00000 0.00000 1208.00000
249.00000 0.00000 1205.00000
250.00000 0.00000 1133.00000
251.00000 0.00000 1136.00000
252.00000 0.00000 1139.00000
253.00000 0.00000 1142.00000
254.00000 0.00000 1145.00000
255.00000 0.00000 1148.00000
256.00000 0.00000 1151.00000
257.00000 0.00000 1154.00000
258.00000 0.00000 1157.00000
259.00000 0.00000 1160.00000
260.00000 0.00000 1163.00000
261.00000 0.00000 1286.00000
262.00000 0.00000 1166.00000
263.00000 0.00000 1172.00000
264.00000 0.00000 1175.00000
265.00000 0.00000 1178.00000
266.00000 0.00000 1181.00000
267.00000 0.00000 1184.00000
268.00000 0.00000 1187.00000
269.00000 0.00000 1190.00000
270.00000 0.00000 1193.00000
271.00000 0.00000 1196.00000
272.00000 0.00000 1199.00000
273.00000 0.00000 1202.00000
274.00000 0.00000 1169.00000
275.00000 0.00000 1289.00000
276.00000 0.00000 1292.00000
277.00000 0.00000 1295.00000
278.00000 0.00000 1382.00000
279.00000 0.00000 1385.00000
280.00000 0.00000 1388.00000
281.00000 0.00000 1391.00000
282.00000 0.00000 1394.00000
283.00000 0.00000 1397.00000
284.00000 0.00000 1400.00000
285.00000 0.00000 1403.00000
286.00000 0.00000 1406.00000
287.00000 0.00000 1409.00000
288.00000 0.00000 1412.00000
289.00000 0.00000 1379.00000
290.00000 0.00000 1415.00000
291.00000 0.00000 1421.00000
292.00000 0.00000 1424.00000
293.00000 0.00000 1427.00000
294.00000 0.00000 1430.00000
295.00000 0.00000 1433.00000
296.00000 0.00000 1436.00000
297.00000 0.00000 1439.00000
298.00000 0.00000 1442.00000
299.00000 0.00000 1445.00000
300.00000 0.00000 1448.00000
301.00000 0.00000 1451.00000
302.00000 0.00000 1418.00000
303.00000 0.00000 1130.00000
304.00000 0.00000 1376.00000
305.00000 0.00000 1370.00000
306.00000 0.00000 1298.00000
307.00000 0.00000 1301.00000
308.00000 0.00000 1304.00000
309.00000 0.00000 1307.00000
310.00000 0.00000 1310.00000
311.00000 0.00000 1313.00000
312.00000 0.00000 1316.00000
313.00000 0.00000 1319.00000
314.00000 0.00000 1322.00000
315.00000 0.00000 1325.00000
316.00000 0.00000 1328.00000
317.00000 0.00000 1373.00000
318.00000 0.00000 1331.00000
319.00000 0.00000 1337.00000
320.00000 0.00000 1340.00000
321.00000 0.00000 1343.00000
322.00000 0.00000 1346.00000
323.00000 0.00000 1349.00000
324.00000 0.00000 1352.00000
325.00000 0.00000 1355.00000
326.00000 0.00000 1358.00000
327.00000 0.00000 1361.00000
328.00000 0.00000 1364.00000
329.00000 0.00000 1367.00000
330.00000 0.00000 1334.00000
331.00000 0.00000 794.00000
332.00000 0.00000 1127.00000
333.00000 0.00000 1121.00000
334.00000 0.00000 884.00000
335.00000 0.00000 887.00000
336.00000 0.00000 890.00000
337.00000 0.00000 893.00000
338.00000 0.00000 896.00000
339.00000 0.00000 899.00000
340.00000 0.00000 902.00000
341.00000 0.00000 905.00000
342.00000 0.00000 908.00000
343.00000 0.00000 911.00000
344.00000 0.00000 914.00000
345.00000 0.00000 917.00000
346.00000 0.00000 920.00000
347.00000 0.00000 923.00000
348.00000 0.00000 926.00000
349.00000 0.00000 929.00000
350.00000 0.00000 932.00000
351.00000 0.00000 935.00000
352.00000 0.00000 938.00000
353.00000 0.00000 941.00000
354.00000 0.00000 944.00000
355.00000 0.00000 947.00000
356.00000 0.00000 950.00000
357.00000 0.00000 881.00000
358.00000 0.00000 878.00000
359.00000 0.00000 875.00000
360.00000 0.00000 872.00000
361.00000 0.00000 800.00000
362.00000 0.00000 803.00000
363.00000 0.00000 806.00000
364.00000 0.00000 809.00000
365.00000 0.00000 812.00000
366.00000 0.00000 815.00000
367.00000 0.00000 818.00000
368.00000 0.00000 821.00000
369.00000 0.00000 824.00000
370.00000 0.00000 827.00000
371.00000 0.00000 830.00000
372.00000 0.00000 953.00000
373.00000 0.00000 833.00000
374.00000 0.00000 839.00000
375.00000 0.00000 842.00000
376.00000 0.00000 845.00000
377.00000 0.00000 848.00000
378.00000 0.00000 851.00000
379.00000 0.00000 854.00000
380.00000 0.00000 857.00000
381.00000 0.00000 860.00000
382.00000 0.00000 863.00000
383.00000 0.00000 866.00000
384.00000 0.00000 869.00000
385.00000 0.00000 836.00000
386.00000 0.00000 956.00000
387.00000 0.00000 959.00000
388.00000 0.00000 962.00000
389.00000 0.00000 1049.00000
390.00000 0.00000 1052.00000
391.00000 0.00000 1055.00000
392.00000 0.00000 1058.00000
393.00000 0.00000 1061.00000
394.00000 0.00000 1064.00000
395.00000 0.00000 1067.00000
396.00000 0.00000 1070.00000
397.00000 0.00000 1073.00000
398.00000 0.00000 1076.00000
399.00000 0.00000 1079.00000
400.00000 0.00000 1046.00000
401.00000 0.00000 1082.00000
402.00000 0.00000 1088.00000
403.00000 0.00000 1091.00000
404.00000 0.00000 1094.00000
405.00000 0.00000 1097.00000
406.00000 0.00000 1100.00000
407.00000 0.00000 1103.00000
408.00000 0.00000 1106.00000
409.00000 0.00000 1109.00000
410.00000 0.00000 1112.00000
411.00000 0.00000 1115.00000
412.00000 0.00000 1118.00000
413.00000 0.00000 1085.00000
414.00000 0.00000 1124.00000
415.00000 0.00000 1043.00000
416.00000 0.00000 1037.00000
417.00000 0.00000 965.00000
418.00000 0.00000 968.00000
419.00000 0.00000 971.00000
420.00000 0.00000 974.00000
421.00000 0.00000 977.00000
422.00000 0.00000 980.00000
423.00000 0.00000 983.00000
424.00000 0.00000 986.00000
425.00000 0.00000 989.00000
426.00000 0.00000 992.00000
427.00000 0.00000 995.00000
428.00000 0.00000 1040.00000
429.00000 0.00000 998.00000
430.00000 0.00000 1004.00000
431.00000 0.00000 1007.00000
432.00000 0.00000 1010.00000
433.00000 0.00000 1013.00000
434.00000 0.00000 1016.00000
435.00000 0.00000 1019.00000
436.00000 0.00000 1022.00000
437.00000 0.00000 1025.00000
438.00000 0.00000 1028.00000
439.00000 0.00000 1031.00000
440.00000 0.00000 1034.00000
441.00000 0.00000 1001.00000
442.00000 0.00000 1454.00000
443.00000 0.00000 1532.00000
444.00000 0.00000 1538.00000
445.00000 0.00000 1670.00000
446.00000 0.00000 1667.00000
447.00000 0.00000 1664.00000
448.00000 0.00000 1661.00000
449.00000 0.00000 1658.00000
450.00000 0.00000 1655.00000
451.00000 0.00000 1652.00000
452.00000 0.00000 1649.00000
453.00000 0.00000 1646.00000
454.00000 0.00000 1673.00000
455.00000 0.00000 1643.00000
456.00000 0.00000 1637.00000
457.00000 0.00000 1634.00000
458.00000 0.00000 1631.00000
459.00000 0.00000 1628.00000
460.00000 0.00000 1625.00000
461.00000 0.00000 1622.00000
462.00000 0.00000 1619.00000
463.00000 0.00000 1616.00000
464.00000 0.00000 1613.00000
465.00000 0.00000 1640.00000
466.00000 0.00000 1676.00000
467.00000 0.00000 1679.00000
468.00000 0.00000 1682.00000
469.00000 0.00000 1724.00000
470.00000 0.00000 1728.25285
471.00000 0.00000 1728.25289
472.00000 0.00000 1728.25290
473.00000 0.00000 1728.25291
474.00000 0.00000 1728.25291
475.00000 0.00000 1728.25291
476.00000 0.00000 1728.25291
477.00000 0.00000 1721.00000
478.00000 0.00000 1718.00000
479.00000 0.00000 1715.00000
480.00000 0.00000 1712.00000
481.00000 0.00000 1709.00000
482.00000 0.00000 1706.00000
483.00000 0.00000 1703.00000
484.00000 0.00000 1700.00000
485.00000 0.00000 1697.00000
486.00000 0.00000 1694.00000
487.00000 0.00000 1691.00000
488.00000 0.00000 1688.00000
489.00000 0.00000 1685.00000
490.00000 0.00000 1610.00000
491.00000 0.00000 1535.00000
492.00000 0.00000 1457.00000
493.00000 0.00000 1595.00000
494.00000 0.00000 1550.00000
495.00000 0.00000 1553.00000
496.00000 0.00000 1556.00000
497.00000 0.00000 1559.00000
498.00000 0.00000 1562.00000
499.00000 0.00000 1565.00000
500.00000 0.00000 1568.00000
501.00000 0.00000 1571.00000
502.00000 0.00000 1547.00000
503.00000 0.00000 1577.00000
504.00000 0.00000 1583.00000
505.00000 0.00000 1586.00000
506.00000 0.00000 1589.00000
507.00000 0.00000 1592.00000
508.00000 0.00000 1598.00000
509.00000 0.00000 1601.00000
510.00000 0.00000 1604.00000
511.00000 0.00000 1607.00000
512.00000 0.00000 1580.00000
513.00000 0.00000 1544.00000
514.00000 0.00000 1574.00000
515.00000 0.00000 1541.00000
516.00000 0.00042 1728.24802
517.00000 0.00124 1728.23841
518.00000 0.00289 1728.21929
519.00000 0.00618 1728.18039
520.00000 0.01275 1728.09171
521.00000 0.01929 1727.96612
522.00000 0.02254 1727.89091
523.00000 0.03145 1727.60854
524.00000 0.03771 1727.32617
525.00000 0.04030 1727.18499
526.00000 0.05120 1726.40847
527.00000 0.05911 1725.63196
528.00000 0.06245 1725.24370
529.00000 0.07683 1723.10828
530.00000 0.09630 1718.83745
531.00000 0.11049 1714.56662
532.00000 0.12200 1710.29578
533.00000 0.13182 1706.02495
534.00000 0.14048 1701.75412
535.00000 0.14825 1697.48328
536.00000 0.15534 1693.21245
537.00000 0.15679 200.00000
538.00000 0.15679 200.00427
539.00000 0.15760 204.27083
540.00000 0.15850 208.54167
541.00000 0.15953 212.81250
542.00000 0.16074 217.08333
543.00000 0.16186 1688.94162
544.00000 0.16190 221.35417
545.00000 0.16250 225.62500
546.00000 0.16304 229.89583
547.00000 0.16354 234.16667
548.00000 0.16401 238.43750
549.00000 0.16446 242.70833
550.00000 0.16488 246.97917
551.00000 0.16529 251.25000
552.00000 0.16568 255.52083
553.00000 0.16606 259.79167
554.00000 0.16643 264.06250
555.00000 0.16680 268.33333
556.00000 0.16715 272.60417
557.00000 0.16749 276.87500
558.00000 0.16783 281.14583
559.00000 0.16793 1684.67078
560.00000 0.16816 285.41667
561.00000 0.16848 289.68750
562.00000 0.16880 293.95833
563.00000 0.16911 298.22917
564.00000 0.16941 302.50000
565.00000 0.16971 306.77083
566.00000 0.17001 311.04167
567.00000 0.17029 315.31250
568.00000 0.17058 319.58333
569.00000 0.17086 323.85417
570.00000 0.17113 328.12500
571.00000 0.17140 332.39583
572.00000 0.17166 336.66667
573.00000 0.17192 340.93750
574.00000 0.17217 345.20833
575.00000 0.17242 349.47917
576.00000 0.17266 353.75000
577.00000 0.17289 358.02083
578.00000 0.17312 362.29167
579.00000 0.17334 366.56250
580.00000 0.17356 370.83333
581.00000 0.17360 1680.39995
582.00000 0.17377 375.10417
583.00000 0.17397 379.37500
584.00000 0.17417 383.64583
585.00000 0.17436 387.91667
586.00000 0.17454 392.18750
587.00000 0.17472 396.45833
588.00000 0.17490 400.72917
589.00000 0.17507 405.00000
590.00000 0.17524 409.27083
591.00000 0.17540 413.54166
592.00000 0.17557 417.81250
593.00000 0.17573 422.08333
594.00000 0.17589 426.35416
595.00000 0.17604 430.62500
596.00000 0.17620 434.89583
597.00000 0.17635 439.16666
598.00000 0.17650 443.43750
599.00000 0.17665 447.70833
600.00000 0.17680 451.97916
601.00000 0.17695 456.25000
602.00000 0.17710 460.52083
603.00000 0.17724 464.79166
604.00000 0.17738 469.06250
605.00000 0.17753 473.33333
606.00000 0.17767 477.60416
607.00000 0.17781 481.87500
608.00000 0.17795 486.14583
609.00000 0.17809 490.41666
610.00000 0.17823 494.68750
611.00000 0.17837 498.95833
612.00000 0.17850 503.22916
613.00000 0.17864 507.50000
614.00000 0.17878 511.77083
615.00000 0.17891 516.04166
616.00000 0.17894 1676.12912
617.00000 0.17905 520.31250
618.00000 0.17918 524.58333
619.00000 0.17932 528.85416
620.00000 0.17945 533.12500
621.00000 0.17959 537.39583
622.00000 0.17972 541.66666
623.00000 0.17985 545.93750
624.00000 0.17999 550.20833
625.00000 0.18012 554.47916
626.00000 0.18025 558.75000
627.00000 0.18038 563.02083
628.00000 0.18051 567.29166
629.00000 0.18064 571.56250
630.00000 0.18078 575.83333
631.00000 0.18091 580.10416
632.00000 0.18104 584.37500
633.00000 0.18117 588.64583
634.00000 0.18130 592.91666
635.00000 0.18143 597.18750
636.00000 0.18156 601.45833
637.00000 0.18169 605.72916
638.00000 0.18182 610.00000
639.00000 0.18195 614.27083
640.00000 0.18208 618.54166
641.00000 0.18221 622.81250
642.00000 0.18234 627.08333
643.00000 0.18247 631.35416
644.00000 0.18260 635.62500
645.00000 0.18273 639.89583
646.00000 0.18286 644.16666
647.00000 0.18299 648.43750
648.00000 0.18311 652.70833
649.00000 0.18324 656.97916
650.00000 0.18337 661.25000
651.00000 0.18350 665.52083
652.00000 0.18363 669.79166
653.00000 0.18376 674.06250
654.00000 0.18389 678.33333
655.00000 0.18398 1671.85828
656.00000 0.18402 682.60416
657.00000 0.18415 686.87500
658.00000 0.18428 691.14583
659.00000 0.18441 695.41666
660.00000 0.18454 699.68750
661.00000 0.18467 703.95833
662.00000 0.18480 708.22916
663.00000 0.18493 712.50000
664.00000 0.18505 716.77083
665.00000 0.18518 721.04166
666.00000 0.18531 725.31250
667.00000 0.18544 729.58333
668.00000 0.18557 733.85416
669.00000 0.18570 738.12500
670.00000 0.18583 742.39583
671.00000 0.18596 746.66666
672.00000 0.18609 750.93750
673.00000 0.18622 755.20833
674.00000 0.18635 759.47916
675.00000 0.18648 763.75000
676.00000 0.18661 768.02083
677.00000 0.18674 772.29166
678.00000 0.18687 776.56250
679.00000 0.18700 780.83333
680.00000 0.18714 785.10416
681.00000 0.18727 789.37500
682.00000 0.18740 793.64583
683.00000 0.18753 797.91666
684.00000 0.18766 802.18750
685.00000 0.18779 806.45833
686.00000 0.18792 810.72916
687.00000 0.18805 815.00000
688.00000 0.18818 819.27083
689.00000 0.18831 823.54166
690.00000 0.18845 827.81250
691.00000 0.18858 832.08333
692.00000 0.18871 836.35416
693.00000 0.18876 1667.58745
694.00000 0.18884 840.62500
695.00000 0.18897 844.89583
696.00000 0.18911 849.16666
697.00000 0.18924 853.43749
698.00000 0.18937 857.70833
699.00000 0.18950 861.97916
700.00000 0.18964 866.24999
701.00000 0.18977 870.52083
702.00000 0.18990 874.79166
703.00000 0.19004 879.06249
704.00000 0.19017 883.33333
705.00000 0.19030 887.60416
706.00000 0.19044 891.87499
707.00000 0.19057 896.14583
708.00000 0.19070 900.41666
709.00000 0.19084 904.68749
710.00000 0.19097 908.95833
711.00000 0.19111 913.22916
712.00000 0.19124 917.49999
713.00000 0.19137 921.77083
714.00000 0.19151 926.04166
715.00000 0.19164 930.31249
716.00000 0.19178 934.58333
717.00000 0.19191 938.85416
718.00000 0.19205 943.12499
719.00000 0.19218 947.39583
720.00000 0.19232 951.66666
721.00000 0.19246 955.93749
722.00000 0.19259 960.20833
723.00000 0.19273 964.47916
724.00000 0.19286 968.74999
725.00000 0.19300 973.02083
726.00000 0.19314 977.29166
727.00000 0.19327 981.56249
728.00000 0.19331 1663.31662
729.00000 0.19341 985.83333
730.00000 0.19355 990.10416
731.00000 0.19369 994.37499
732.00000 0.19382 998.64583
733.00000 0.19396 1002.91666
734.00000 0.19410 1007.18749
735.00000 0.19424 1011.45833
736.00000 0.19437 1015.72916
737.00000 0.19451 1019.99999
738.00000 0.19465 1024.27083
739.00000 0.19479 1028.54166
740.00000 0.19493 1032.81249
741.00000 0.19507 1037.08333
742.00000 0.19521 1041.35416
743.00000 0.19535 1045.62499
744.00000 0.19549 1049.89583
745.00000 0.19563 1054.16666
746.00000 0.19577 1058.43749
747.00000 0.19591 1062.70833
748.00000 0.19605 1066.97916
749.00000 0.19619 1071.24999
750.00000 0.19633 1075.52083
751.00000 0.19647 1079.79166
752.00000 0.19661 1084.06249
753.00000 0.19675 1088.33333
754.00000 0.19689 1092.60416
755.00000 0.19704 1096.87499
756.00000 0.19718 1101.14583
757.00000 0.19732 1105.41666
758.00000 0.19746 1109.68749
759.00000 0.19761 1113.95833
760.00000 0.19765 1659.04578
761.00000 0.19775 1118.22916
762.00000 0.19789 1122.49999
763.00000 0.19804 1126.77083
764.00000 0.19818 1131.04166
765.00000 0.19832 1135.31249
766.00000 0.19847 1139.58333
767.00000 0.19861 1143.85416
768.00000 0.19876 1148.12499
769.00000 0.19890 1152.39583
770.00000 0.19904 1156.66666
771.00000 0.19919 1160.93749
772.00000 0.19934 1165.20833
773.00000 0.19948 1169.47916
774.00000 0.19963 1173.74999
775.00000 0.19977 1178.02083
776.00000 0.19992 1182.29166
777.00000 0.20006 1186.56249
778.00000 0.20021 1190.83333
779.00000 0.20036 1195.10416
780.00000 0.20051 1199.37499
781.00000 0.20065 1203.64583
782.00000 0.20080 1207.91666
783.00000 0.20095 1212.18749
784.00000 0.20110 1216.45833
785.00000 0.20124 1220.72916
786.00000 0.20139 1224.99999
787.00000 0.20154 1229.27083
788.00000 0.20169 1233.54166
789.00000 0.20181 1654.77495
790.00000 0.20184 1237.81249
791.00000 0.20199 1242.08333
792.00000 0.20214 1246.35416
793.00000 0.20229 1250.62499
794.00000 0.20244 1254.89583
795.00000 0.20259 1259.16666
796.00000 0.20274 1263.43749
797.00000 0.20289 1267.70833
798.00000 0.20304 1271.97916
799.00000 0.20319 1276.24999
800.00000 0.20335 1280.52082
801.00000 0.20350 1284.79166
802.00000 0.20365 1289.06249
803.00000 0.20380 1293.33332
804.00000 0.20396 1297.60416
805.00000 0.20411 1301.87499
806.00000 0.20426 1306.14582
807.00000 0.20441 1310.41666
808.00000 0.20457 1314.68749
809.00000 0.20472 1318.95832
810.00000 0.20488 1323.22916
811.00000 0.20503 1327.49999
812.00000 0.20519 1331.77082
813.00000 0.20534 1336.04166
814.00000 0.20550 1340.31249
815.00000 0.20565 1344.58332
816.00000 0.20579 1650.50412
817.00000 0.20581 1348.85416
818.00000 0.20596 1353.12499
819.00000 0.20612 1357.39582
820.00000 0.20627 1361.66666
821.00000 0.20643 1365.93749
822.00000 0.20659 1370.20832
823.00000 0.20675 1374.47916
824.00000 0.20690 1378.74999
825.00000 0.20706 1383.02082
826.00000 0.20722 1387.29166
827.00000 0.20738 1391.56249
828.00000 0.20754 1395.83332
829.00000 0.20769 1400.10416
830.00000 0.20785 1404.37499
831.00000 0.20801 1408.64582
832.00000 0.20817 1412.91666
833.00000 0.20833 1417.18749
834.00000 0.20849 1421.45832
835.00000 0.20865 1425.72916
836.00000 0.20881 1429.99999
837.00000 0.20897 1434.27082
838.00000 0.20913 1438.54166
839.00000 0.20929 1442.81249
840.00000 0.20946 1447.08332
841.00000 0.20962 1451.35416
842.00000 0.20962 1646.23328
843.00000 0.20978 1455.62499
844.00000 0.20994 1459.89582
845.00000 0.21010 1464.16666
846.00000 0.21027 1468.43749
847.00000 0.21043 1472.70832
848.00000 0.21059 1476.97916
849.00000 0.21075 1481.24999
850.00000 0.21092 1485.52082
851.00000 0.21108 1489.79166
852.00000 0.21125 1494.06249
853.00000 0.21141 1498.33332
854.00000 0.21157 1502.60416
855.00000 0.21174 1506.87499
856.00000 0.21190 1511.14582
857.00000 0.21207 1515.41666
858.00000 0.21223 1519.68749
859.00000 0.21240 1523.95832
860.00000 0.21256 1528.22916
861.00000 0.21273 1532.49999
862.00000 0.21290 1536.77082
863.00000 0.21306 1541.04166
864.00000 0.21323 1545.31249
865.00000 0.21331 1641.96245
866.00000 0.21339 1549.58332
867.00000 0.21356 1553.85416
868.00000 0.21373 1558.12499
869.00000 0.21389 1562.39582
870.00000 0.21406 1566.66666
871.00000 0.21423 1570.93749
872.00000 0.21440 1575.20832
873.00000 0.21456 1579.47916
874.00000 0.21473 1583.74999
875.00000 0.21490 1588.02082
876.00000 0.21507 1592.29166
877.00000 0.21524 1596.56249
878.00000 0.21540 1600.83332
879.00000 0.21557 1605.10416
880.00000 0.21574 1609.37499
881.00000 0.21591 1613.64582
882.00000 0.21608 1617.91666
883.00000 0.21625 1622.18749
884.00000 0.21642 1626.45832
885.00000 0.21658 1630.72916
886.00000 0.21675 1634.99999
887.00000 0.21686 1637.69162
888.00000 0.21686 1637.69589
889.00000 0.21686 1637.69162
890.00000 0.99360 866.45132
891.00000 0.99360 866.45559
892.00000 0.99360 866.45132
893.00000 0.99364 865.50787
894.00000 0.99385 861.23703
895.00000 0.99389 870.72216
896.00000 0.99405 856.96620
897.00000 0.99420 874.99299
898.00000 0.99425 852.69537
899.00000 0.99444 848.42453
900.00000 0.99451 879.26382
901.00000 0.99463 844.15370
902.00000 0.99482 839.88287
903.00000 0.99484 883.53466
904.00000 0.99500 835.61203
905.00000 0.99517 887.80549
906.00000 0.99517 831.34120
907.00000 0.99535 827.07037
908.00000 0.99552 822.79953
909.00000 0.99552 892.07632
910.00000 0.99568 818.52870
911.00000 0.99584 814.25787
912.00000 0.99589 896.34716
913.00000 0.99600 809.98703
914.00000 0.99615 805.71620
915.00000 0.99626 900.61799
916.00000 0.99630 801.44537
917.00000 0.99644 797.17453
918.00000 0.99658 792.90370
919.00000 0.99666 904.88882
920.00000 0.99672 788.63287
921.00000 0.99685 784.36203
922.00000 0.99698 780.09120
923.00000 0.99708 909.15966
924.00000 0.99711 775.82037
925.00000 0.99723 771.54953
926.00000 0.99735 767.27870
927.00000 0.99746 763.00787
928.00000 0.99752 913.43049
929.00000 0.99757 758.73703
930.00000 0.99768 754.46620
931.00000 0.99779 750.19537
932.00000 0.99789 745.92453
933.00000 0.99798 741.65370
934.00000 0.99798 917.70132
935.00000 0.99808 737.38287
936.00000 0.99817 733.11203
937.00000 0.99826 728.84120
938.00000 0.99834 724.57037
939.00000 0.99842 720.29953
940.00000 0.99848 921.97216
941.00000 0.99850 716.02870
942.00000 0.99858 711.75787
943.00000 0.99865 707.48703
944.00000 0.99872 703.21620
945.00000 0.99879 698.94537
946.00000 0.99885 694.67453
947.00000 0.99891 690.40370
948.00000 0.99897 686.13287
949.00000 0.99901 926.24299
950.00000 0.99903 681.86203
951.00000 0.99909 677.59120
952.00000 0.99914 673.32037
953.00000 0.99914 673.32464
954.00000 0.99958 930.51382
955.00000 0.99988 932.64924
956.00000 0.99989 932.74630
957.00000 0.99992 932.94043
958.00000 0.99998 933.32869
959.00000 0.99999 933.41212
960.00000 0.99999 933.39928
961.00000 1.00000 833.00000
962.00000 1.00000 845.00000
963.00000 1.00000 842.00000
964.00000 1.00000 836.00000
965.00000 1.00000 830.00000
966.00000 1.00000 839.00000
967.00000 1.00000 788.00000
968.00000 1.00000 824.00000
969.00000 1.00000 821.00000
970.00000 1.00000 818.00000
971.00000 1.00000 815.00000
972.00000 1.00000 812.00000
973.00000 1.00000 809.00000
974.00000 1.00000 806.00000
975.00000 1.00000 803.00000
976.00000 1.00000 800.00000
977.00000 1.00000 797.00000
978.00000 1.00000 794.00000
979.00000 1.00000 791.00000
980.00000 1.00000 848.00000
981.00000 1.00000 785.00000
982.00000 1.00000 827.00000
983.00000 1.00000 851.00000
984.00000 1.00000 881.00000
985.00000 1.00000 857.00000
986.00000 1.00000 923.00000
987.00000 1.00000 920.00000
988.00000 1.00000 917.00000
989.00000 1.00000 914.00000
990.00000 1.00000 911.00000
991.00000 1.00000 908.00000
992.00000 1.00000 905.00000
993.00000 1.00000 902.00000
994.00000 1.00000 899.00000
995.00000 1.00000 896.00000
996.00000 1.00000 854.00000
997.00000 1.00000 893.00000
998.00000 1.00000 887.00000
999.00000 1.00000 884.00000
1000.00000 1.00000 782.00000
1001.00000 1.00000 878.00000
1002.00000 1.00000 875.00000
1003.00000 1.00000 872.00000
1004.00000 1.00000 869.00000
1005.00000 1.00000 866.00000
1006.00000 1.00000 863.00000
1007.00000 1.00000 860.00000
1008.00000 1.00000 890.00000
1009.00000 1.00000 779.00000
1010.00000 1.00000 677.00000
1011.00000 1.00000 773.00000
1012.00000 1.00000 692.00000
1013.00000 1.00000 689.00000
1014.00000 1.00000 686.00000
1015.00000 1.00000 683.00000
1016.00000 1.00000 680.00000
1017.00000 1.00000 674.00000
1018.00000 1.00000 926.00000
1019.00000 1.00000 933.43779
1020.00000 1.00000 933.44245
1021.00000 1.00000 933.45179
1022.00000 1.00000 695.00000
1023.00000 1.00000 933.45349
1024.00000 1.00000 933.46367
1025.00000 1.00000 933.46490
1026.00000 1.00000 933.46737
1027.00000 1.00000 933.46782
1028.00000 1.00000 933.46872
1029.00000 1.00000 933.46888
1030.00000 1.00000 933.46921
1031.00000 1.00000 933.46986
1032.00000 1.00000 933.46998
1033.00000 1.00000 933.46998
1034.00000 1.00000 933.45688
1035.00000 1.00000 776.00000
1036.00000 1.00000 698.00000
1037.00000 1.00000 704.00000
1038.00000 1.00000 770.00000
1039.00000 1.00000 767.00000
1040.00000 1.00000 764.00000
1041.00000 1.00000 761.00000
1042.00000 1.00000 758.00000
1043.00000 1.00000 755.00000
1044.00000 1.00000 752.00000
1045.00000 1.00000 749.00000
1046.00000 1.00000 746.00000
1047.00000 1.00000 743.00000
1048.00000 1.00000 701.00000
1049.00000 1.00000 740.00000
1050.00000 1.00000 734.00000
1051.00000 1.00000 731.00000
1052.00000 1.00000 728.00000
1053.00000 1.00000 725.00000
1054.00000 1.00000 722.00000
1055.00000 1.00000 719.00000
1056.00000 1.00000 716.00000
1057.00000 1.00000 713.00000
1058.00000 1.00000 710.00000
1059.00000 1.00000 707.00000
1060.00000 1.00000 737.00000
1061.00000 1.00000 929.00000
