0.00000 0.00000 449.00000
1.00000 0.00000 1037.00000
2.00000 0.00000 1034.00000
3.00000 0.00000 1031.00000
4.00000 0.00000 1028.00000
5.00000 0.00000 1025.00000
6.00000 0.00000 1022.00000
7.00000 0.00000 1040.00000
8.00000 0.00000 1019.00000
9.00000 0.00000 1013.00000
10.00000 0.00000 1010.00000
11.00000 0.00000 1007.00000
12.00000 0.00000 1004.00000
13.00000 0.00000 1001.00000
14.00000 0.00000 998.00000
15.00000 0.00000 1016.00000
16.00000 0.00000 995.00000
17.00000 0.00000 1043.00000
18.00000 0.00000 1049.00000
19.00000 0.00000 1091.00000
20.00000 0.00000 1088.00000
21.00000 0.00000 1085.00000
22.00000 0.00000 1082.00000
23.00000 0.00000 1079.00000
24.00000 0.00000 1076.00000
25.00000 0.00000 1046.00000
26.00000 0.00000 1073.00000
27.00000 0.00000 1067.00000
28.00000 0.00000 1064.00000
29.00000 0.00000 1061.00000
30.00000 0.00000 1058.00000
31.00000 0.00000 1055.00000
32.00000 0.00000 1052.00000
33.00000 0.00000 1070.00000
34.00000 0.00000 1094.00000
35.00000 0.00000 992.00000
36.00000 0.00000 986.00000
37.00000 0.00000 929.00000
38.00000 0.00000 926.00000
39.00000 0.00000 923.00000
40.00000 0.00000 920.00000
41.00000 0.00000 917.00000
42.00000 0.00000 914.00000
43.00000 0.00000 932.00000
44.00000 0.00000 911.00000
45.00000 0.00000 905.00000
46.00000 0.00000 902.00000
47.00000 0.00000 899.00000
48.00000 0.00000 896.00000
49.00000 0.00000 893.00000
50.00000 0.00000 890.00000
51.00000 0.00000 908.00000
52.00000 0.00000 989.00000
53.00000 0.00000 935.00000
54.00000 0.00000 941.00000
55.00000 0.00000 983.00000
56.00000 0.00000 980.00000
57.00000 0.00000 977.00000
58.00000 0.00000 974.00000
59.00000 0.00000 971.00000
60.00000 0.00000 968.00000
61.00000 0.00000 938.00000
62.00000 0.00000 965.00000
63.00000 0.00000 959.00000
64.00000 0.00000 956.00000
65.00000 0.00000 953.00000
66.00000 0.00000 950.00000
67.00000 0.00000 947.00000
68.00000 0.00000 944.00000
69.00000 0.00000 962.00000
70.00000 0.00000 887.00000
71.00000 0.00000 1097.00000
72.00000 0.00000 1103.00000
73.00000 0.00000 1253.00000
74.00000 0.00000 1250.00000
75.00000 0.00000 1247.00000
76.00000 0.00000 1244.00000
77.00000 0.00000 1241.00000
78.00000 0.00000 1238.00000
79.00000 0.00000 1256.00000
80.00000 0.00000 1235.00000
81.00000 0.00000 1229.00000
82.00000 0.00000 1226.00000
83.00000 0.00000 1223.00000
84.00000 0.00000 1220.00000
85.00000 0.00000 1217.00000
86.00000 0.00000 1214.00000
87.00000 0.00000 1232.00000
88.00000 0.00000 1211.00000
89.00000 0.00000 1259.00000
90.00000 0.00000 1265.00000
91.00000 0.00000 1307.00000
92.00000 0.00000 1304.00000
93.00000 0.00000 1301.00000
94.00000 0.00000 1298.00000
95.00000 0.00000 1295.00000
96.00000 0.00000 1292.00000
97.00000 0.00000 1262.00000
98.00000 0.00000 1289.00000
99.00000 0.00000 1283.00000
100.00000 0.00000 1280.00000
101.00000 0.00000 1277.00000
102.00000 0.00000 1274.00000
103.00000 0.00000 1271.00000
104.00000 0.00000 1268.00000
105.00000 0.00000 1286.00000
106.00000 0.00000 1100.00000
107.00000 0.00000 1208.00000
108.00000 0.00000 1202.00000
109.00000 0.00000 1145.00000
110.00000 0.00000 1142.00000
111.00000 0.00000 1139.00000
112.00000 0.00000 1136.00000
113.00000 0.00000 1133.00000
114.00000 0.00000 1130.00000
115.00000 0.00000 1148.00000
116.00000 0.00000 1127.00000
117.00000 0.00000 1121.00000
118.00000 0.00000 1118.00000
119.00000 0.00000 1115.00000
120.00000 0.00000 1112.00000
121.00000 0.00000 1109.00000
122.00000 0.00000 1106.00000
123.00000 0.00000 1124.00000
124.00000 0.00000 1205.00000
125.00000 0.00000 1151.00000
126.00000 0.00000 1157.00000
127.00000 0.00000 1199.00000
128.00000 0.00000 1196.00000
129.00000 0.00000 1193.00000
130.00000 0.00000 1190.00000
131.00000 0.00000 1187.00000
132.00000 0.00000 1184.00000
133.00000 0.00000 1154.00000
134.00000 0.00000 1181.00000
135.00000 0.00000 1175.00000
136.00000 0.00000 1172.00000
137.00000 0.00000 1169.00000
138.00000 0.00000 1166.00000
139.00000 0.00000 1163.00000
140.00000 0.00000 1160.00000
141.00000 0.00000 1178.00000
142.00000 0.00000 884.00000
143.00000 0.00000 881.00000
144.00000 0.00000 878.00000
145.00000 0.00000 602.00000
146.00000 0.00000 599.00000
147.00000 0.00000 596.00000
148.00000 0.00000 593.00000
149.00000 0.00000 590.00000
150.00000 0.00000 587.00000
151.00000 0.00000 605.00000
152.00000 0.00000 584.00000
153.00000 0.00000 578.00000
154.00000 0.00000 575.00000
155.00000 0.00000 572.00000
156.00000 0.00000 569.00000
157.00000 0.00000 566.00000
158.00000 0.00000 563.00000
159.00000 0.00000 581.00000
160.00000 0.00000 560.00000
161.00000 0.00000 608.00000
162.00000 0.00000 614.00000
163.00000 0.00000 656.00000
164.00000 0.00000 653.00000
165.00000 0.00000 650.00000
166.00000 0.00000 647.00000
167.00000 0.00000 644.00000
168.00000 0.00000 641.00000
169.00000 0.00000 611.00000
170.00000 0.00000 638.00000
171.00000 0.00000 632.00000
172.00000 0.00000 629.00000
173.00000 0.00000 626.00000
174.00000 0.00000 623.00000
175.00000 0.00000 620.00000
176.00000 0.00000 617.00000
177.00000 0.00000 635.00000
178.00000 0.00000 659.00000
179.00000 0.00000 557.00000
180.00000 0.00000 551.00000
181.00000 0.00000 494.00000
182.00000 0.00000 491.00000
183.00000 0.00000 488.00000
184.00000 0.00000 485.00000
185.00000 0.00000 482.00000
186.00000 0.00000 479.00000
187.00000 0.00000 497.00000
188.00000 0.00000 476.00000
189.00000 0.00000 470.00000
190.00000 0.00000 467.00000
191.00000 0.00000 464.00000
192.00000 0.00000 461.00000
193.00000 0.00000 458.00000
194.00000 0.00000 455.00000
195.00000 0.00000 473.00000
196.00000 0.00000 554.00000
197.00000 0.00000 500.00000
198.00000 0.00000 506.00000
199.00000 0.00000 548.00000
200.00000 0.00000 545.00000
201.00000 0.00000 542.00000
202.00000 0.00000 539.00000
203.00000 0.00000 536.00000
204.00000 0.00000 533.00000
205.00000 0.00000 503.00000
206.00000 0.00000 530.00000
207.00000 0.00000 524.00000
208.00000 0.00000 521.00000
209.00000 0.00000 518.00000
210.00000 0.00000 515.00000
211.00000 0.00000 512.00000
212.00000 0.00000 509.00000
213.00000 0.00000 527.00000
214.00000 0.00000 662.00000
215.00000 0.00000 665.00000
216.00000 0.00000 668.00000
217.00000 0.00000 821.00000
218.00000 0.00000 818.00000
219.00000 0.00000 815.00000
220.00000 0.00000 812.00000
221.00000 0.00000 809.00000
222.00000 0.00000 806.00000
223.00000 0.00000 824.00000
224.00000 0.00000 803.00000
225.00000 0.00000 797.00000
226.00000 0.00000 794.00000
227.00000 0.00000 791.00000
228.00000 0.00000 788.00000
229.00000 0.00000 785.00000
230.00000 0.00000 782.00000
231.00000 0.00000 800.00000
232.00000 0.00000 779.00000
233.00000 0.00000 827.00000
234.00000 0.00000 833.00000
235.00000 0.00000 875.00000
236.00000 0.00000 872.00000
237.00000 0.00000 869.00000
238.00000 0.00000 866.00000
239.00000 0.00000 863.00000
240.00000 0.00000 860.00000
241.00000 0.00000 830.00000
242.00000 0.00000 857.00000
243.00000 0.00000 851.00000
244.00000 0.00000 848.00000
245.00000 0.00000 845.00000
246.00000 0.00000 842.00000
247.00000 0.00000 839.00000
248.00000 0.00000 836.00000
249.00000 0.00000 854.00000
250.00000 0.00000 776.00000
251.00000 0.00000 773.00000
252.00000 0.00000 770.00000
253.00000 0.00000 710.00000
254.00000 0.00000 707.00000
255.00000 0.00000 704.00000
256.00000 0.00000 701.00000
257.00000 0.00000 698.00000
258.00000 0.00000 695.00000
259.00000 0.00000 713.00000
260.00000 0.00000 692.00000
261.00000 0.00000 686.00000
262.00000 0.00000 683.00000
263.00000 0.00000 680.00000
264.00000 0.00000 677.00000
265.00000 0.00000 674.00000
266.00000 0.00000 671.00000
267.00000 0.00000 689.00000
268.00000 0.00000 716.00000
269.00000 0.00000 719.00000
270.00000 0.00000 722.00000
271.00000 0.00000 767.00000
272.00000 0.00000 764.00000
273.00000 0.00000 761.00000
274.00000 0.00000 758.00000
275.00000 0.00000 755.00000
276.00000 0.00000 752.00000
277.00000 0.00000 749.00000
278.00000 0.00000 746.00000
279.00000 0.00000 743.00000
280.00000 0.00000 740.00000
281.00000 0.00000 737.00000
282.00000 0.00000 734.00000
283.00000 0.00000 731.00000
284.00000 0.00000 728.00000
285.00000 0.00000 725.00000
286.00000 0.00000 1310.00000
287.00000 0.00000 452.00000
288.00000 0.00000 1313.00000
289.00000 0.00000 1319.00000
290.00000 0.00000 1904.00000
291.00000 0.00000 1901.00000
292.00000 0.00000 1898.00000
293.00000 0.00000 1895.00000
294.00000 0.00000 1892.00000
295.00000 0.00000 1889.00000
296.00000 0.00000 1907.00000
297.00000 0.00000 1886.00000
298.00000 0.00000 1880.00000
299.00000 0.00000 1877.00000
300.00000 0.00000 1874.00000
301.00000 0.00000 1871.00000
302.00000 0.00000 1868.00000
303.00000 0.00000 1865.00000
304.00000 0.00000 1883.00000
305.00000 0.00000 1862.00000
306.00000 0.00000 1910.00000
307.00000 0.00000 1916.00000
308.00000 0.00000 1958.00000
309.00000 0.00000 1955.00000
310.00000 0.00000 1952.00000
311.00000 0.00000 1949.00000
312.00000 0.00000 1946.00000
313.00000 0.00000 1943.00000
314.00000 0.00000 1913.00000
315.00000 0.00000 1940.00000
316.00000 0.00000 1934.00000
317.00000 0.00000 1931.00000
318.00000 0.00000 1928.00000
319.00000 0.00000 1925.00000
320.00000 0.00000 1922.00000
321.00000 0.00000 1919.00000
322.00000 0.00000 1937.00000
323.00000 0.00000 1961.00000
324.00000 0.00000 1859.00000
325.00000 0.00000 1853.00000
326.00000 0.00000 1796.00000
327.00000 0.00000 1793.00000
328.00000 0.00000 1790.00000
329.00000 0.00000 1787.00000
330.00000 0.00000 1784.00000
331.00000 0.00000 1781.00000
332.00000 0.00000 1799.00000
333.00000 0.00000 1778.00000
334.00000 0.00000 1772.00000
335.00000 0.00000 1769.00000
336.00000 0.00000 1766.00000
337.00000 0.00000 1763.00000
338.00000 0.00000 1760.00000
339.00000 0.00000 1757.00000
340.00000 0.00000 1775.00000
341.00000 0.00000 1856.00000
342.00000 0.00000 1802.00000
343.00000 0.00000 1808.00000
344.00000 0.00000 1850.00000
345.00000 0.00000 1847.00000
346.00000 0.00000 1844.00000
347.00000 0.00000 1841.00000
348.00000 0.00000 1838.00000
349.00000 0.00000 1835.00000
350.00000 0.00000 1805.00000
351.00000 0.00000 1832.00000
352.00000 0.00000 1826.00000
353.00000 0.00000 1823.00000
354.00000 0.00000 1820.00000
355.00000 0.00000 1817.00000
356.00000 0.00000 1814.00000
357.00000 0.00000 1811.00000
358.00000 0.00000 1829.00000
359.00000 0.00000 1754.00000
360.00000 0.00000 1964.00000
361.00000 0.00000 1970.00000
362.00000 0.00000 2120.00000
363.00000 0.00000 2117.00000
364.00000 0.00000 2114.00000
365.00000 0.00000 2111.00000
366.00000 0.00000 2108.00000
367.00000 0.00000 2105.00000
368.00000 0.00000 2123.00000
369.00000 0.00000 2102.00000
370.00000 0.00000 2096.00000
371.00000 0.00000 2093.00000
372.00000 0.00000 2090.00000
373.00000 0.00000 2087.00000
374.00000 0.00000 2084.00000
375.00000 0.00000 2081.00000
376.00000 0.00000 2099.00000
377.00000 0.00000 2078.00000
378.00000 0.00000 2126.00000
379.00000 0.00000 2132.00000
380.00000 0.00000 2174.00000
381.00000 0.00000 2171.00000
382.00000 0.00000 2168.00000
383.00000 0.00000 2165.00000
384.00000 0.00000 2162.00000
385.00000 0.00000 2159.00000
386.00000 0.00000 2129.00000
387.00000 0.00000 2156.00000
388.00000 0.00000 2150.00000
389.00000 0.00000 2147.00000
390.00000 0.00000 2144.00000
391.00000 0.00000 2141.00000
392.00000 0.00000 2138.00000
393.00000 0.00000 2135.00000
394.00000 0.00000 2153.00000
395.00000 0.00000 1967.00000
396.00000 0.00000 2075.00000
397.00000 0.00000 2069.00000
398.00000 0.00000 2012.00000
399.00000 0.00000 2009.00000
400.00000 0.00000 2006.00000
401.00000 0.00000 2003.00000
402.00000 0.00000 2000.00000
403.00000 0.00000 1997.00000
404.00000 0.00000 2015.00000
405.00000 0.00000 1994.00000
406.00000 0.00000 1988.00000
407.00000 0.00000 1985.00000
408.00000 0.00000 1982.00000
409.00000 0.00000 1979.00000
410.00000 0.00000 1976.00000
411.00000 0.00000 1973.00000
412.00000 0.00000 1991.00000
413.00000 0.00000 2072.00000
414.00000 0.00000 2018.00000
415.00000 0.00000 2024.00000
416.00000 0.00000 2066.00000
417.00000 0.00000 2063.00000
418.00000 0.00000 2060.00000
419.00000 0.00000 2057.00000
420.00000 0.00000 2054.00000
421.00000 0.00000 2051.00000
422.00000 0.00000 2021.00000
423.00000 0.00000 2048.00000
424.00000 0.00000 2042.00000
425.00000 0.00000 2039.00000
426.00000 0.00000 2036.00000
427.00000 0.00000 2033.00000
428.00000 0.00000 2030.00000
429.00000 0.00000 2027.00000
430.00000 0.00000 2045.00000
431.00000 0.00000 1751.00000
432.00000 0.00000 1748.00000
433.00000 0.00000 1745.00000
434.00000 0.00000 1469.00000
435.00000 0.00000 1466.00000
436.00000 0.00000 1463.00000
437.00000 0.00000 1460.00000
438.00000 0.00000 1457.00000
439.00000 0.00000 1454.00000
440.00000 0.00000 1472.00000
441.00000 0.00000 1451.00000
442.00000 0.00000 1445.00000
443.00000 0.00000 1442.00000
444.00000 0.00000 1439.00000
445.00000 0.00000 1436.00000
446.00000 0.00000 1433.00000
447.00000 0.00000 1430.00000
448.00000 0.00000 1448.00000
449.00000 0.00000 1427.00000
450.00000 0.00000 1475.00000
451.00000 0.00000 1481.00000
452.00000 0.00000 1523.00000
453.00000 0.00000 1520.00000
454.00000 0.00000 1517.00000
455.00000 0.00000 1514.00000
456.00000 0.00000 1511.00000
457.00000 0.00000 1508.00000
458.00000 0.00000 1478.00000
459.00000 0.00000 1505.00000
460.00000 0.00000 1499.00000
461.00000 0.00000 1496.00000
462.00000 0.00000 1493.00000
463.00000 0.00000 1490.00000
464.00000 0.00000 1487.00000
465.00000 0.00000 1484.00000
466.00000 0.00000 1502.00000
467.00000 0.00000 1526.00000
468.00000 0.00000 1424.00000
469.00000 0.00000 1418.00000
470.00000 0.00000 1361.00000
471.00000 0.00000 1358.00000
472.00000 0.00000 1355.00000
473.00000 0.00000 1352.00000
474.00000 0.00000 1349.00000
475.00000 0.00000 1346.00000
476.00000 0.00000 1364.00000
477.00000 0.00000 1343.00000
478.00000 0.00000 1337.00000
479.00000 0.00000 1334.00000
480.00000 0.00000 1331.00000
481.00000 0.00000 1328.00000
482.00000 0.00000 1325.00000
483.00000 0.00000 1322.00000
484.00000 0.00000 1340.00000
485.00000 0.00000 1421.00000
486.00000 0.00000 1367.00000
487.00000 0.00000 1373.00000
488.00000 0.00000 1415.00000
489.00000 0.00000 1412.00000
490.00000 0.00000 1409.00000
491.00000 0.00000 1406.00000
492.00000 0.00000 1403.00000
493.00000 0.00000 1400.00000
494.00000 0.00000 1370.00000
495.00000 0.00000 1397.00000
496.00000 0.00000 1391.00000
497.00000 0.00000 1388.00000
498.00000 0.00000 1385.00000
499.00000 0.00000 1382.00000
500.00000 0.00000 1379.00000
501.00000 0.00000 1376.00000
502.00000 0.00000 1394.00000
503.00000 0.00000 1529.00000
504.00000 0.00000 1532.00000
505.00000 0.00000 1535.00000
506.00000 0.00000 1688.00000
507.00000 0.00000 1685.00000
508.00000 0.00000 1682.00000
509.00000 0.00000 1679.00000
510.00000 0.00000 1676.00000
511.00000 0.00000 1673.00000
512.00000 0.00000 1691.00000
513.00000 0.00000 1670.00000
514.00000 0.00000 1664.00000
515.00000 0.00000 1661.00000
516.00000 0.00000 1658.00000
517.00000 0.00000 1655.00000
518.00000 0.00000 1652.00000
519.00000 0.00000 1649.00000
520.00000 0.00000 1667.00000
521.00000 0.00000 1646.00000
522.00000 0.00000 1694.00000
523.00000 0.00000 1700.00000
524.00000 0.00000 1742.00000
525.00000 0.00000 1739.00000
526.00000 0.00000 1736.00000
527.00000 0.00000 1733.00000
528.00000 0.00000 1730.00000
529.00000 0.00000 1727.00000
530.00000 0.00000 1697.00000
531.00000 0.00000 1724.00000
532.00000 0.00000 1718.00000
533.00000 0.00000 1715.00000
534.00000 0.00000 1712.00000
535.00000 0.00000 1709.00000
536.00000 0.00000 1706.00000
537.00000 0.00000 1703.00000
538.00000 0.00000 1721.00000
539.00000 0.00000 1643.00000
540.00000 0.00000 1640.00000
541.00000 0.00000 1637.00000
542.00000 0.00000 1577.00000
543.00000 0.00000 1574.00000
544.00000 0.00000 1571.00000
545.00000 0.00000 1568.00000
546.00000 0.00000 1565.00000
547.00000 0.00000 1562.00000
548.00000 0.00000 1580.00000
549.00000 0.00000 1559.00000
550.00000 0.00000 1553.00000
551.00000 0.00000 1550.00000
552.00000 0.00000 1547.00000
553.00000 0.00000 1544.00000
554.00000 0.00000 1541.00000
555.00000 0.00000 1538.00000
556.00000 0.00000 1556.00000
557.00000 0.00000 1583.00000
558.00000 0.00000 1586.00000
559.00000 0.00000 1589.00000
560.00000 0.00000 1634.00000
561.00000 0.00000 1631.00000
562.00000 0.00000 1628.00000
563.00000 0.00000 1625.00000
564.00000 0.00000 1622.00000
565.00000 0.00000 1619.00000
566.00000 0.00000 1616.00000
567.00000 0.00000 1613.00000
568.00000 0.00000 1610.00000
569.00000 0.00000 1607.00000
570.00000 0.00000 1604.00000
571.00000 0.00000 1601.00000
572.00000 0.00000 1598.00000
573.00000 0.00000 1595.00000
574.00000 0.00000 1592.00000
575.00000 0.00000 1316.00000
576.00000 0.00000 2177.00000
577.00000 0.00000 2180.00000
578.00000 0.00000 443.00000
579.00000 0.00000 239.00000
580.00000 0.00000 242.00000
581.00000 0.00000 245.00000
582.00000 0.00000 248.00000
583.00000 0.00000 251.00000
584.00000 0.00000 254.00000
585.00000 0.00000 257.00000
586.00000 0.00000 260.00000
587.00000 0.00000 263.00000
588.00000 0.00000 266.00000
589.00000 0.00000 269.00000
590.00000 0.00000 272.00000
591.00000 0.00000 275.00000
592.00000 0.00000 278.00000
593.00000 0.00000 284.00000
594.00000 0.00000 287.00000
595.00000 0.00000 290.00000
596.00000 0.00000 293.00000
597.00000 0.00000 296.00000
598.00000 0.00000 236.00000
599.00000 0.00000 233.00000
600.00000 0.00000 230.00000
601.00000 0.00000 227.00000
602.00000 0.00000 2183.06693
603.00000 0.00000 2183.06699
604.00000 0.00000 2183.06711
605.00000 0.00000 2183.06713
606.00000 0.00000 2183.06717
607.00000 0.00000 2183.06722
608.00000 0.00000 2183.06722
609.00000 0.00000 2183.06723
610.00000 0.00000 2183.06723
611.00000 0.00000 299.00000
612.00000 0.00000 2183.06723
613.00000 0.00000 200.00000
614.00000 0.00000 203.00000
615.00000 0.00000 206.00000
616.00000 0.00000 209.00000
617.00000 0.00000 212.00000
618.00000 0.00000 215.00000
619.00000 0.00000 218.00000
620.00000 0.00000 221.00000
621.00000 0.00000 224.00000
622.00000 0.00000 446.00000
623.00000 0.00000 302.00000
624.00000 0.00000 281.00000
625.00000 0.00000 308.00000
626.00000 0.00000 383.00000
627.00000 0.00000 386.00000
628.00000 0.00000 389.00000
629.00000 0.00000 392.00000
630.00000 0.00000 305.00000
631.00000 0.00000 398.00000
632.00000 0.00000 401.00000
633.00000 0.00000 404.00000
634.00000 0.00000 407.00000
635.00000 0.00000 380.00000
636.00000 0.00000 410.00000
637.00000 0.00000 416.00000
638.00000 0.00000 419.00000
639.00000 0.00000 422.00000
640.00000 0.00000 425.00000
641.00000 0.00000 428.00000
642.00000 0.00000 431.00000
643.00000 0.00000 434.00000
644.00000 0.00000 437.00000
645.00000 0.00000 440.00000
646.00000 0.00000 413.00000
647.00000 0.00000 377.00000
648.00000 0.00000 395.00000
649.00000 0.00000 371.00000
650.00000 0.00000 311.00000
651.00000 0.00000 314.00000
652.00000 0.00000 317.00000
653.00000 0.00000 374.00000
654.00000 0.00000 323.00000
655.00000 0.00000 326.00000
656.00000 0.00000 329.00000
657.00000 0.00000 332.00000
658.00000 0.00000 335.00000
659.00000 0.00000 338.00000
660.00000 0.00000 320.00000
661.00000 0.00000 344.00000
662.00000 0.00000 347.00000
663.00000 0.00000 350.00000
664.00000 0.00000 341.00000
665.00000 0.00000 353.00000
666.00000 0.00000 356.00000
667.00000 0.00000 359.00000
668.00000 0.00000 362.00000
669.00000 0.00000 365.00000
670.00000 0.00000 368.00000
671.00000 0.00001 2183.06628
672.00000 0.00001 2183.06611
673.00000 0.00001 2183.06660
674.00000 0.00002 2183.06522
675.00000 0.00003 2183.06477
676.00000 0.00006 2183.06230
677.00000 0.00007 2183.06106
678.00000 0.00015 2183.05427
679.00000 0.00018 2183.05088
680.00000 0.00039 2183.03221
681.00000 0.00152 2182.92953
682.00000 0.00207 2182.87819
683.00000 0.00499 2182.59582
684.00000 0.01861 2181.04279
685.00000 0.02437 2180.26628
686.00000 0.02706 2179.87802
687.00000 0.04025 2177.74260
688.00000 0.05151 2175.60719
689.00000 0.07050 2171.33635
690.00000 0.08649 2167.06552
691.00000 0.10052 2162.79469
692.00000 0.11314 2158.52385
693.00000 0.12468 2154.25302
694.00000 0.13535 2149.98219
695.00000 0.14532 2145.71135
696.00000 0.15469 2141.44052
697.00000 0.16356 2137.16969
698.00000 0.17198 2132.89885
699.00000 0.18002 2128.62802
700.00000 0.18770 2124.35719
701.00000 0.19508 2120.08635
702.00000 0.20218 2115.81552
703.00000 0.20903 2111.54469
704.00000 0.21564 2107.27385
705.00000 0.22205 2103.00302
706.00000 0.22825 2098.73219
707.00000 0.23427 2094.46135
708.00000 0.24013 2090.19052
709.00000 0.24582 2085.91969
710.00000 0.25137 2081.64885
711.00000 0.25678 2077.37802
712.00000 0.26205 2073.10719
713.00000 0.26721 2068.83635
714.00000 0.27225 2064.56552
715.00000 0.27717 2060.29469
716.00000 0.28199 2056.02385
717.00000 0.28672 2051.75302
718.00000 0.29135 2047.48219
719.00000 0.29588 2043.21135
720.00000 0.30033 2038.94052
721.00000 0.30470 2034.66969
722.00000 0.30899 2030.39885
723.00000 0.31321 2026.12802
724.00000 0.31735 2021.85719
725.00000 0.32142 2017.58635
726.00000 0.32542 2013.31552
727.00000 0.32936 2009.04469
728.00000 0.33324 2004.77385
729.00000 0.33705 2000.50302
730.00000 0.34081 1996.23219
731.00000 0.34451 1991.96135
732.00000 0.34816 1987.69052
733.00000 0.35176 1983.41969
734.00000 0.35530 1979.14885
735.00000 0.35880 1974.87802
736.00000 0.36225 1970.60719
737.00000 0.36565 1966.33635
738.00000 0.36901 1962.06552
739.00000 0.37232 1957.79469
740.00000 0.37559 1953.52385
741.00000 0.37882 1949.25302
742.00000 0.38201 1944.98219
743.00000 0.38516 1940.71135
744.00000 0.38828 1936.44052
745.00000 0.39135 1932.16969
746.00000 0.39439 1927.89885
747.00000 0.39740 1923.62802
748.00000 0.40037 1919.35719
749.00000 0.40331 1915.08635
750.00000 0.40621 1910.81552
751.00000 0.40909 1906.54469
752.00000 0.41193 1902.27385
753.00000 0.41474 1898.00302
754.00000 0.41753 1893.73219
755.00000 0.42028 1889.46135
756.00000 0.42301 1885.19052
757.00000 0.42570 1880.91969
758.00000 0.42837 1876.64885
759.00000 0.43102 1872.37802
760.00000 0.43364 1868.10719
761.00000 0.43623 1863.83636
762.00000 0.43880 1859.56552
763.00000 0.44134 1855.29469
764.00000 0.44386 1851.02386
765.00000 0.44636 1846.75302
766.00000 0.44883 1842.48219
767.00000 0.45128 1838.21136
768.00000 0.45371 1833.94052
769.00000 0.45612 1829.66969
770.00000 0.45850 1825.39886
771.00000 0.46087 1821.12802
772.00000 0.46321 1816.85719
773.00000 0.46554 1812.58636
774.00000 0.46784 1808.31552
775.00000 0.47013 1804.04469
776.00000 0.47239 1799.77386
777.00000 0.47464 1795.50302
778.00000 0.47687 1791.23219
779.00000 0.47908 1786.96136
780.00000 0.48127 1782.69052
781.00000 0.48345 1778.41969
782.00000 0.48561 1774.14886
783.00000 0.48775 1769.87802
784.00000 0.48987 1765.60719
785.00000 0.49198 1761.33636
786.00000 0.49407 1757.06552
787.00000 0.49615 1752.79469
788.00000 0.49821 1748.52386
789.00000 0.50025 1744.25302
790.00000 0.50228 1739.98219
791.00000 0.50430 1735.71136
792.00000 0.50630 1731.44052
793.00000 0.50828 1727.16969
794.00000 0.51025 1722.89886
795.00000 0.51221 1718.62802
796.00000 0.51415 1714.35719
797.00000 0.51608 1710.08636
798.00000 0.51800 1705.81552
799.00000 0.51990 1701.54469
800.00000 0.52179 1697.27386
801.00000 0.52367 1693.00302
802.00000 0.52553 1688.73219
803.00000 0.52738 1684.46136
804.00000 0.52922 1680.19052
805.00000 0.53105 1675.91969
806.00000 0.53286 1671.64886
807.00000 0.53466 1667.37802
808.00000 0.53645 1663.10719
809.00000 0.53823 1658.83636
810.00000 0.54000 1654.56552
811.00000 0.54176 1650.29469
812.00000 0.54350 1646.02386
813.00000 0.54523 1641.75302
814.00000 0.54696 1637.48219
815.00000 0.54867 1633.21136
816.00000 0.55037 1628.94052
817.00000 0.55206 1624.66969
818.00000 0.55374 1620.39886
819.00000 0.55541 1616.12802
820.00000 0.55707 1611.85719
821.00000 0.55872 1607.58636
822.00000 0.56037 1603.31552
823.00000 0.56200 1599.04469
824.00000 0.56362 1594.77386
825.00000 0.56523 1590.50302
826.00000 0.56683 1586.23219
827.00000 0.56842 1581.96136
828.00000 0.57001 1577.69052
829.00000 0.57158 1573.41969
830.00000 0.57315 1569.14886
831.00000 0.57470 1564.87802
832.00000 0.57625 1560.60719
833.00000 0.57779 1556.33636
834.00000 0.57932 1552.06552
835.00000 0.58084 1547.79469
836.00000 0.58236 1543.52386
837.00000 0.58386 1539.25302
838.00000 0.58536 1534.98219
839.00000 0.58685 1530.71136
840.00000 0.58833 1526.44052
841.00000 0.58980 1522.16969
842.00000 0.59127 1517.89886
843.00000 0.59272 1513.62802
844.00000 0.59417 1509.35719
845.00000 0.59561 1505.08636
846.00000 0.59705 1500.81552
847.00000 0.59847 1496.54469
848.00000 0.59989 1492.27386
849.00000 0.60131 1488.00302
850.00000 0.60271 1483.73219
851.00000 0.60411 1479.46136
852.00000 0.60550 1475.19052
853.00000 0.60688 1470.91969
854.00000 0.60826 1466.64886
855.00000 0.60963 1462.37802
856.00000 0.61099 1458.10719
857.00000 0.61234 1453.83636
858.00000 0.61369 1449.56552
859.00000 0.61405 200.00427
860.00000 0.61405 200.00000
861.00000 0.61440 204.27083
862.00000 0.61475 208.54167
863.00000 0.61503 1445.29469
864.00000 0.61509 212.81250
865.00000 0.61544 217.08333
866.00000 0.61579 221.35417
867.00000 0.61614 225.62500
868.00000 0.61637 1441.02386
869.00000 0.61649 229.89583
870.00000 0.61684 234.16667
871.00000 0.61719 238.43750
872.00000 0.61754 242.70833
873.00000 0.61770 1436.75303
874.00000 0.61789 246.97917
875.00000 0.61824 251.25000
876.00000 0.61860 255.52083
877.00000 0.61895 259.79167
878.00000 0.61902 1432.48219
879.00000 0.61930 264.06250
880.00000 0.61965 268.33333
881.00000 0.62001 272.60417
882.00000 0.62034 1428.21136
883.00000 0.62036 276.87500
884.00000 0.62072 281.14583
885.00000 0.62107 285.41667
886.00000 0.62143 289.68750
887.00000 0.62165 1423.94053
888.00000 0.62178 293.95833
889.00000 0.62214 298.22917
890.00000 0.62249 302.50000
891.00000 0.62285 306.77083
892.00000 0.62295 1419.66969
893.00000 0.62321 311.04167
894.00000 0.62357 315.31250
895.00000 0.62393 319.58333
896.00000 0.62425 1415.39886
897.00000 0.62428 323.85417
898.00000 0.62464 328.12500
899.00000 0.62500 332.39583
900.00000 0.62536 336.66667
901.00000 0.62554 1411.12803
902.00000 0.62572 340.93750
903.00000 0.62609 345.20833
904.00000 0.62645 349.47917
905.00000 0.62681 353.75000
906.00000 0.62682 1406.85719
907.00000 0.62717 358.02083
908.00000 0.62754 362.29167
909.00000 0.62790 366.56250
910.00000 0.62810 1402.58636
911.00000 0.62826 370.83333
912.00000 0.62863 375.10417
913.00000 0.62899 379.37500
914.00000 0.62936 383.64583
915.00000 0.62938 1398.31553
916.00000 0.62973 387.91667
917.00000 0.63009 392.18750
918.00000 0.63046 396.45833
919.00000 0.63064 1394.04469
920.00000 0.63083 400.72917
921.00000 0.63120 405.00000
922.00000 0.63156 409.27083
923.00000 0.63190 1389.77386
924.00000 0.63193 413.54166
925.00000 0.63230 417.81250
926.00000 0.63267 422.08333
927.00000 0.63305 426.35416
928.00000 0.63316 1385.50303
929.00000 0.63342 430.62500
930.00000 0.63379 434.89583
931.00000 0.63416 439.16666
932.00000 0.63441 1381.23219
933.00000 0.63453 443.43750
934.00000 0.63491 447.70833
935.00000 0.63528 451.97916
936.00000 0.63565 1376.96136
937.00000 0.63566 456.25000
938.00000 0.63603 460.52083
939.00000 0.63641 464.79166
940.00000 0.63679 469.06250
941.00000 0.63689 1372.69053
942.00000 0.63716 473.33333
943.00000 0.63754 477.60416
944.00000 0.63792 481.87500
945.00000 0.63812 1368.41969
946.00000 0.63830 486.14583
947.00000 0.63868 490.41666
948.00000 0.63906 494.68750
949.00000 0.63935 1364.14886
950.00000 0.63944 498.95833
951.00000 0.63982 503.22916
952.00000 0.64020 507.50000
953.00000 0.64057 1359.87803
954.00000 0.64059 511.77083
955.00000 0.64097 516.04166
956.00000 0.64136 520.31250
957.00000 0.64174 524.58333
958.00000 0.64179 1355.60719
959.00000 0.64213 528.85416
960.00000 0.64251 533.12500
961.00000 0.64290 537.39583
962.00000 0.64300 1351.33636
963.00000 0.64329 541.66666
964.00000 0.64367 545.93750
965.00000 0.64406 550.20833
966.00000 0.64420 1347.06553
967.00000 0.64445 554.47916
968.00000 0.64484 558.75000
969.00000 0.64523 563.02083
970.00000 0.64540 1342.79469
971.00000 0.64562 567.29166
972.00000 0.64602 571.56250
973.00000 0.64641 575.83333
974.00000 0.64660 1338.52386
975.00000 0.64680 580.10416
976.00000 0.64720 584.37500
977.00000 0.64759 588.64583
978.00000 0.64778 1334.25303
979.00000 0.64799 592.91666
980.00000 0.64838 597.18750
981.00000 0.64878 601.45833
982.00000 0.64897 1329.98219
983.00000 0.64918 605.72916
984.00000 0.64958 610.00000
985.00000 0.64998 614.27083
986.00000 0.65015 1325.71136
987.00000 0.65038 618.54166
988.00000 0.65078 622.81250
989.00000 0.65118 627.08333
990.00000 0.65132 1321.44053
991.00000 0.65158 631.35416
992.00000 0.65199 635.62500
993.00000 0.65239 639.89583
994.00000 0.65249 1317.16969
995.00000 0.65279 644.16666
996.00000 0.65320 648.43750
997.00000 0.65361 652.70833
998.00000 0.65365 1312.89886
999.00000 0.65401 656.97916
1000.00000 0.65442 661.25000
1001.00000 0.65481 1308.62803
1002.00000 0.65483 665.52083
1003.00000 0.65524 669.79166
1004.00000 0.65565 674.06250
1005.00000 0.65597 1304.35719
1006.00000 0.65606 678.33333
1007.00000 0.65647 682.60416
1008.00000 0.65689 686.87500
1009.00000 0.65711 1300.08636
1010.00000 0.65730 691.14583
1011.00000 0.65771 695.41666
1012.00000 0.65813 699.68750
1013.00000 0.65826 1295.81553
1014.00000 0.65855 703.95833
1015.00000 0.65896 708.22916
1016.00000 0.65938 712.50000
1017.00000 0.65940 1291.54469
1018.00000 0.65980 716.77083
1019.00000 0.66022 721.04166
1020.00000 0.66053 1287.27386
1021.00000 0.66064 725.31250
1022.00000 0.66106 729.58333
1023.00000 0.66148 733.85416
1024.00000 0.66166 1283.00303
1025.00000 0.66191 738.12500
1026.00000 0.66233 742.39583
1027.00000 0.66276 746.66666
1028.00000 0.66279 1278.73219
1029.00000 0.66318 750.93750
1030.00000 0.66361 755.20833
1031.00000 0.66391 1274.46136
1032.00000 0.66404 759.47916
1033.00000 0.66447 763.75000
1034.00000 0.66490 768.02083
1035.00000 0.66502 1270.19053
1036.00000 0.66533 772.29166
1037.00000 0.66576 776.56250
1038.00000 0.66613 1265.91969
1039.00000 0.66619 780.83333
1040.00000 0.66663 785.10416
1041.00000 0.66706 789.37500
1042.00000 0.66724 1261.64886
1043.00000 0.66750 793.64583
1044.00000 0.66793 797.91666
1045.00000 0.66834 1257.37803
1046.00000 0.66837 802.18750
1047.00000 0.66881 806.45833
1048.00000 0.66925 810.72916
1049.00000 0.66944 1253.10719
1050.00000 0.66969 815.00000
1051.00000 0.67013 819.27083
1052.00000 0.67053 1248.83636
1053.00000 0.67058 823.54166
1054.00000 0.67102 827.81250
1055.00000 0.67146 832.08333
1056.00000 0.67162 1244.56553
1057.00000 0.67191 836.35416
1058.00000 0.67236 840.62500
1059.00000 0.67271 1240.29469
1060.00000 0.67281 844.89583
1061.00000 0.67326 849.16666
1062.00000 0.67371 853.43749
1063.00000 0.67379 1236.02386
1064.00000 0.67416 857.70833
1065.00000 0.67461 861.97916
1066.00000 0.67486 1231.75303
1067.00000 0.67506 866.24999
1068.00000 0.67552 870.52083
1069.00000 0.67594 1227.48219
1070.00000 0.67597 874.79166
1071.00000 0.67643 879.06249
1072.00000 0.67689 883.33333
1073.00000 0.67700 1223.21136
1074.00000 0.67735 887.60416
1075.00000 0.67781 891.87499
1076.00000 0.67807 1218.94053
1077.00000 0.67827 896.14583
1078.00000 0.67874 900.41666
1079.00000 0.67913 1214.66969
1080.00000 0.67920 904.68749
1081.00000 0.67967 908.95833
1082.00000 0.68013 913.22916
1083.00000 0.68018 1210.39886
1084.00000 0.68060 917.49999
1085.00000 0.68107 921.77083
1086.00000 0.68123 1206.12803
1087.00000 0.68154 926.04166
1088.00000 0.68201 930.31249
1089.00000 0.68228 1201.85719
1090.00000 0.68248 934.58333
1091.00000 0.68296 938.85416
1092.00000 0.68332 1197.58636
1093.00000 0.68343 943.12499
1094.00000 0.68391 947.39583
1095.00000 0.68436 1193.31553
1096.00000 0.68439 951.66666
1097.00000 0.68487 955.93749
1098.00000 0.68535 960.20833
1099.00000 0.68540 1189.04469
1100.00000 0.68583 964.47916
1101.00000 0.68632 968.74999
1102.00000 0.68643 1184.77386
1103.00000 0.68680 973.02083
1104.00000 0.68729 977.29166
1105.00000 0.68746 1180.50303
1106.00000 0.68777 981.56249
1107.00000 0.68826 985.83333
1108.00000 0.68848 1176.23219
1109.00000 0.68875 990.10416
1110.00000 0.68925 994.37499
1111.00000 0.68950 1171.96136
1112.00000 0.68974 998.64583
1113.00000 0.69023 1002.91666
1114.00000 0.69052 1167.69053
1115.00000 0.69073 1007.18749
1116.00000 0.69123 1011.45833
1117.00000 0.69153 1163.41969
1118.00000 0.69173 1015.72916
1119.00000 0.69223 1019.99999
1120.00000 0.69254 1159.14886
1121.00000 0.69273 1024.27083
1122.00000 0.69323 1028.54166
1123.00000 0.69355 1154.87803
1124.00000 0.69374 1032.81249
1125.00000 0.69424 1037.08333
1126.00000 0.69455 1150.60719
1127.00000 0.69475 1041.35416
1128.00000 0.69526 1045.62499
1129.00000 0.69555 1146.33636
1130.00000 0.69577 1049.89583
1131.00000 0.69629 1054.16666
1132.00000 0.69654 1142.06553
1133.00000 0.69680 1058.43749
1134.00000 0.69732 1062.70833
1135.00000 0.69754 1137.79469
1136.00000 0.69783 1066.97916
1137.00000 0.69835 1071.24999
1138.00000 0.69852 1133.52386
1139.00000 0.69887 1075.52083
1140.00000 0.69940 1079.79166
1141.00000 0.69951 1129.25303
1142.00000 0.69992 1084.06249
1143.00000 0.70045 1088.33333
1144.00000 0.70049 1124.98219
1145.00000 0.70097 1092.60416
1146.00000 0.70147 1120.71136
1147.00000 0.70150 1096.87499
1148.00000 0.70203 1101.14583
1149.00000 0.70244 1116.44053
1150.00000 0.70257 1105.41666
1151.00000 0.70310 1109.68749
1152.00000 0.70341 1112.17397
1153.00000 0.70341 1112.16969
1154.00000 0.70341 1112.16969
