0.00000 0.81613 691.14583
1.00000 0.81613 686.87500
2.00000 0.81613 695.41666
3.00000 0.81613 699.68750
4.00000 0.81613 682.60416
5.00000 0.81614 674.06250
6.00000 0.81614 703.95833
7.00000 0.81614 708.22916
8.00000 0.81614 678.33333
9.00000 0.81614 669.79166
10.00000 0.81615 665.52083
11.00000 0.81615 716.77083
12.00000 0.81615 712.50000
13.00000 0.81616 721.04166
14.00000 0.81616 661.25000
15.00000 0.81617 725.31250
16.00000 0.81617 656.97916
17.00000 0.81618 652.70833
18.00000 0.81618 729.58333
19.00000 0.81619 733.85416
20.00000 0.81619 648.43750
21.00000 0.81620 644.16666
22.00000 0.81621 738.12500
23.00000 0.81621 639.89583
24.00000 0.81622 742.39583
25.00000 0.81623 635.62500
26.00000 0.81624 631.35416
27.00000 0.81624 746.66666
28.00000 0.81625 750.93750
29.00000 0.81626 627.08333
30.00000 0.81627 755.20833
31.00000 0.81628 622.81250
32.00000 0.81629 759.47916
33.00000 0.81630 618.54166
34.00000 0.81631 763.75000
35.00000 0.81632 614.27083
36.00000 0.81633 768.02083
37.00000 0.81634 610.00000
38.00000 0.81635 772.29166
39.00000 0.81636 605.72916
40.00000 0.81638 776.56250
41.00000 0.81638 601.45833
42.00000 0.81640 780.83333
43.00000 0.81641 597.18750
44.00000 0.81643 785.10416
45.00000 0.81643 592.91666
46.00000 0.81645 789.37500
47.00000 0.81646 588.64583
48.00000 0.81648 793.64583
49.00000 0.81649 584.37500
50.00000 0.81651 797.91666
51.00000 0.81652 580.10416
52.00000 0.81654 802.18750
53.00000 0.81655 575.83333
54.00000 0.81658 806.45833
55.00000 0.81658 571.56250
56.00000 0.81661 810.72916
57.00000 0.81661 567.29166
58.00000 0.81665 815.00000
59.00000 0.81665 563.02083
60.00000 0.81668 819.27083
61.00000 0.81668 558.75000
62.00000 0.81672 554.47916
63.00000 0.81672 823.54166
64.00000 0.81676 550.20833
65.00000 0.81676 827.81250
66.00000 0.81679 545.93750
67.00000 0.81680 832.08333
68.00000 0.81683 541.66666
69.00000 0.81684 836.35416
70.00000 0.81688 537.39583
71.00000 0.81688 840.62500
72.00000 0.81692 533.12500
73.00000 0.81693 844.89583
74.00000 0.81696 528.85416
75.00000 0.81697 849.16666
76.00000 0.81700 524.58333
77.00000 0.81702 853.43749
78.00000 0.81705 520.31250
79.00000 0.81707 857.70833
80.00000 0.81710 516.04166
81.00000 0.81712 861.97916
82.00000 0.81714 511.77083
83.00000 0.81717 866.24999
84.00000 0.81719 507.50000
85.00000 0.81722 870.52083
86.00000 0.81724 503.22916
87.00000 0.81727 874.79166
88.00000 0.81729 498.95833
89.00000 0.81733 879.06249
90.00000 0.81735 494.68750
91.00000 0.81738 883.33333
92.00000 0.81740 490.41666
93.00000 0.81744 887.60416
94.00000 0.81745 486.14583
95.00000 0.81750 891.87499
96.00000 0.81751 481.87500
97.00000 0.81756 477.60416
98.00000 0.81756 896.14583
99.00000 0.81762 900.41666
100.00000 0.81762 473.33333
101.00000 0.81768 904.68749
102.00000 0.81768 469.06250
103.00000 0.81774 908.95833
104.00000 0.81774 464.79166
105.00000 0.81780 460.52083
106.00000 0.81781 913.22916
107.00000 0.81787 456.25000
108.00000 0.81788 917.49999
109.00000 0.81793 451.97916
110.00000 0.81794 921.77083
111.00000 0.81799 447.70833
112.00000 0.81801 926.04166
113.00000 0.81806 443.43750
114.00000 0.81808 930.31249
115.00000 0.81813 439.16666
116.00000 0.81816 934.58333
117.00000 0.81819 434.89583
118.00000 0.81823 938.85416
119.00000 0.81826 430.62500
120.00000 0.81831 943.12499
121.00000 0.81833 426.35416
122.00000 0.81838 947.39583
123.00000 0.81841 422.08333
124.00000 0.81846 951.66666
125.00000 0.81848 417.81250
126.00000 0.81854 955.93749
127.00000 0.81855 413.54166
128.00000 0.81862 960.20833
129.00000 0.81863 409.27083
130.00000 0.81870 405.00000
131.00000 0.81870 964.47916
132.00000 0.81878 400.72917
133.00000 0.81879 968.74999
134.00000 0.81886 396.45833
135.00000 0.81887 973.02083
136.00000 0.81894 392.18750
137.00000 0.81896 977.29166
138.00000 0.81902 387.91667
139.00000 0.81905 981.56249
140.00000 0.81910 383.64583
141.00000 0.81913 985.83333
142.00000 0.81918 379.37500
143.00000 0.81923 990.10416
144.00000 0.81927 375.10417
145.00000 0.81932 994.37499
146.00000 0.81935 370.83333
147.00000 0.81941 998.64583
148.00000 0.81944 366.56250
149.00000 0.81951 1002.91666
150.00000 0.81953 362.29167
151.00000 0.81960 1007.18749
152.00000 0.81962 358.02083
153.00000 0.81970 1011.45833
154.00000 0.81971 353.75000
155.00000 0.81980 1015.72916
156.00000 0.81980 349.47917
157.00000 0.81989 345.20833
158.00000 0.81990 1019.99999
159.00000 0.81998 340.93750
160.00000 0.82001 1024.27083
161.00000 0.82008 336.66667
162.00000 0.82011 1028.54166
163.00000 0.82017 332.39583
164.00000 0.82022 1032.81249
165.00000 0.82027 328.12500
166.00000 0.82032 1037.08333
167.00000 0.82037 323.85417
168.00000 0.82043 1041.35416
169.00000 0.82047 319.58333
170.00000 0.82054 1045.62499
171.00000 0.82057 315.31250
172.00000 0.82066 1049.89583
173.00000 0.82067 311.04167
174.00000 0.82077 1054.16666
175.00000 0.82077 306.77083
176.00000 0.82088 302.50000
177.00000 0.82089 1058.43749
178.00000 0.82098 298.22917
179.00000 0.82100 1062.70833
180.00000 0.82109 293.95833
181.00000 0.82112 1066.97916
182.00000 0.82120 289.68750
183.00000 0.82124 1071.24999
184.00000 0.82130 285.41667
185.00000 0.82136 1075.52083
186.00000 0.82141 281.14583
187.00000 0.82149 1079.79166
188.00000 0.82153 276.87500
189.00000 0.82161 1084.06249
190.00000 0.82164 272.60417
191.00000 0.82174 1088.33333
192.00000 0.82175 268.33333
193.00000 0.82187 1092.60416
194.00000 0.82187 264.06250
195.00000 0.82198 259.79167
196.00000 0.82200 1096.87499
197.00000 0.82210 255.52083
198.00000 0.82213 1101.14583
199.00000 0.82222 251.25000
200.00000 0.82227 1105.41666
201.00000 0.82234 246.97917
202.00000 0.82240 1109.68749
203.00000 0.82246 242.70833
204.00000 0.82248 1112.16969
205.00000 0.82248 1112.16542
206.00000 0.82248 1112.16969
207.00000 0.82258 238.43750
208.00000 0.82270 234.16667
209.00000 0.82283 229.89583
210.00000 0.82295 225.62500
211.00000 0.82308 221.35417
212.00000 0.82321 217.08333
213.00000 0.82334 212.81250
214.00000 0.82347 208.54167
215.00000 0.82360 204.27083
216.00000 0.82374 200.00000
217.00000 0.82374 200.00427
218.00000 0.82612 1107.89886
219.00000 0.82975 1103.62803
220.00000 0.83338 1099.35719
221.00000 0.83701 1095.08636
222.00000 0.84063 1090.81553
223.00000 0.84426 1086.54469
224.00000 0.84789 1082.27386
225.00000 0.85152 1078.00303
226.00000 0.85515 1073.73219
227.00000 0.85879 1069.46136
228.00000 0.86244 1065.19053
229.00000 0.86610 1060.91969
230.00000 0.86978 1056.64886
231.00000 0.87346 1052.37803
232.00000 0.87716 1048.10719
233.00000 0.88088 1043.83636
234.00000 0.88461 1039.56553
235.00000 0.88837 1035.29469
236.00000 0.89216 1031.02386
237.00000 0.89597 1026.75303
238.00000 0.89981 1022.48219
239.00000 0.90369 1018.21136
240.00000 0.90760 1013.94053
241.00000 0.91156 1009.66970
242.00000 0.91557 1005.39886
243.00000 0.91962 1001.12803
244.00000 0.92374 996.85720
245.00000 0.92792 992.58636
246.00000 0.93216 988.31553
247.00000 0.93649 984.04470
248.00000 0.94091 979.77386
249.00000 0.94543 975.50303
250.00000 0.95006 971.23220
251.00000 0.95483 966.96136
252.00000 0.95973 962.69053
253.00000 0.96481 958.41970
254.00000 0.97009 954.14886
255.00000 0.97560 949.87803
256.00000 0.98139 945.60720
257.00000 0.98752 941.33636
258.00000 0.99407 937.06553
259.00000 0.99469 936.67727
260.00000 0.99594 935.90076
261.00000 0.99851 934.34773
262.00000 0.99899 934.06536
263.00000 0.99995 933.50062
264.00000 0.99996 933.49128
265.00000 1.00000 683.00000
266.00000 1.00000 680.00000
267.00000 1.00000 677.00000
268.00000 1.00000 674.00000
269.00000 1.00000 671.00000
270.00000 1.00000 668.00000
271.00000 1.00000 662.00000
272.00000 1.00000 686.00000
273.00000 1.00000 659.00000
274.00000 1.00000 656.00000
275.00000 1.00000 653.00000
276.00000 1.00000 650.00000
277.00000 1.00000 665.00000
278.00000 1.00000 689.00000
279.00000 1.00000 695.00000
280.00000 1.00000 647.00000
281.00000 1.00000 698.00000
282.00000 1.00000 701.00000
283.00000 1.00000 704.00000
284.00000 1.00000 707.00000
285.00000 1.00000 710.00000
286.00000 1.00000 713.00000
287.00000 1.00000 716.00000
288.00000 1.00000 719.00000
289.00000 1.00000 722.00000
290.00000 1.00000 725.00000
291.00000 1.00000 728.00000
292.00000 1.00000 731.00000
293.00000 1.00000 692.00000
294.00000 1.00000 644.00000
295.00000 1.00000 638.00000
296.00000 1.00000 734.00000
297.00000 1.00000 554.00000
298.00000 1.00000 557.00000
299.00000 1.00000 560.00000
300.00000 1.00000 563.00000
301.00000 1.00000 566.00000
302.00000 1.00000 569.00000
303.00000 1.00000 572.00000
304.00000 1.00000 575.00000
305.00000 1.00000 578.00000
306.00000 1.00000 581.00000
307.00000 1.00000 584.00000
308.00000 1.00000 587.00000
309.00000 1.00000 590.00000
310.00000 1.00000 641.00000
311.00000 1.00000 593.00000
312.00000 1.00000 599.00000
313.00000 1.00000 602.00000
314.00000 1.00000 605.00000
315.00000 1.00000 608.00000
316.00000 1.00000 611.00000
317.00000 1.00000 614.00000
318.00000 1.00000 617.00000
319.00000 1.00000 620.00000
320.00000 1.00000 623.00000
321.00000 1.00000 626.00000
322.00000 1.00000 629.00000
323.00000 1.00000 632.00000
324.00000 1.00000 635.00000
325.00000 1.00000 596.00000
326.00000 1.00000 737.00000
327.00000 1.00000 743.00000
328.00000 1.00000 551.00000
329.00000 1.00000 842.00000
330.00000 1.00000 845.00000
331.00000 1.00000 848.00000
332.00000 1.00000 851.00000
333.00000 1.00000 854.00000
334.00000 1.00000 857.00000
335.00000 1.00000 860.00000
336.00000 1.00000 863.00000
337.00000 1.00000 866.00000
338.00000 1.00000 869.00000
339.00000 1.00000 872.00000
340.00000 1.00000 875.00000
341.00000 1.00000 878.00000
342.00000 1.00000 839.00000
343.00000 1.00000 881.00000
344.00000 1.00000 887.00000
345.00000 1.00000 890.00000
346.00000 1.00000 893.00000
347.00000 1.00000 896.00000
348.00000 1.00000 899.00000
349.00000 1.00000 902.00000
350.00000 1.00000 905.00000
351.00000 1.00000 908.00000
352.00000 1.00000 911.00000
353.00000 1.00000 914.00000
354.00000 1.00000 917.00000
355.00000 1.00000 920.00000
356.00000 1.00000 923.00000
357.00000 1.00000 884.00000
358.00000 1.00000 740.00000
359.00000 1.00000 836.00000
360.00000 1.00000 830.00000
361.00000 1.00000 746.00000
362.00000 1.00000 749.00000
363.00000 1.00000 752.00000
364.00000 1.00000 755.00000
365.00000 1.00000 758.00000
366.00000 1.00000 761.00000
367.00000 1.00000 764.00000
368.00000 1.00000 767.00000
369.00000 1.00000 770.00000
370.00000 1.00000 773.00000
371.00000 1.00000 776.00000
372.00000 1.00000 779.00000
373.00000 1.00000 782.00000
374.00000 1.00000 833.00000
375.00000 1.00000 785.00000
376.00000 1.00000 791.00000
377.00000 1.00000 794.00000
378.00000 1.00000 797.00000
379.00000 1.00000 800.00000
380.00000 1.00000 803.00000
381.00000 1.00000 806.00000
382.00000 1.00000 809.00000
383.00000 1.00000 812.00000
384.00000 1.00000 815.00000
385.00000 1.00000 818.00000
386.00000 1.00000 821.00000
387.00000 1.00000 824.00000
388.00000 1.00000 827.00000
389.00000 1.00000 788.00000
390.00000 1.00000 548.00000
391.00000 1.00000 539.00000
392.00000 1.00000 542.00000
393.00000 1.00000 263.00000
394.00000 1.00000 266.00000
395.00000 1.00000 269.00000
396.00000 1.00000 272.00000
397.00000 1.00000 275.00000
398.00000 1.00000 278.00000
399.00000 1.00000 281.00000
400.00000 1.00000 284.00000
401.00000 1.00000 287.00000
402.00000 1.00000 290.00000
403.00000 1.00000 293.00000
404.00000 1.00000 296.00000
405.00000 1.00000 299.00000
406.00000 1.00000 260.00000
407.00000 1.00000 302.00000
408.00000 1.00000 308.00000
409.00000 1.00000 311.00000
410.00000 1.00000 314.00000
411.00000 1.00000 317.00000
412.00000 1.00000 320.00000
413.00000 1.00000 323.00000
414.00000 1.00000 326.00000
415.00000 1.00000 329.00000
416.00000 1.00000 332.00000
417.00000 1.00000 335.00000
418.00000 1.00000 338.00000
419.00000 1.00000 341.00000
420.00000 1.00000 344.00000
421.00000 1.00000 305.00000
422.00000 1.00000 347.00000
423.00000 1.00000 257.00000
424.00000 1.00000 251.00000
425.00000 1.00000 933.47261
426.00000 1.00000 933.47231
427.00000 1.00000 933.47169
428.00000 1.00000 933.47045
429.00000 1.00000 933.47023
430.00000 1.00000 933.47019
431.00000 1.00000 933.47011
432.00000 1.00000 933.47009
433.00000 1.00000 933.47006
434.00000 1.00000 933.47000
435.00000 1.00000 933.47000
436.00000 1.00000 200.00000
437.00000 1.00000 203.00000
438.00000 1.00000 254.00000
439.00000 1.00000 206.00000
440.00000 1.00000 212.00000
441.00000 1.00000 215.00000
442.00000 1.00000 218.00000
443.00000 1.00000 221.00000
444.00000 1.00000 224.00000
445.00000 1.00000 227.00000
446.00000 1.00000 230.00000
447.00000 1.00000 233.00000
448.00000 1.00000 236.00000
449.00000 1.00000 239.00000
450.00000 1.00000 242.00000
451.00000 1.00000 245.00000
452.00000 1.00000 248.00000
453.00000 1.00000 209.00000
454.00000 1.00000 350.00000
455.00000 1.00000 353.00000
456.00000 1.00000 356.00000
457.00000 1.00000 458.00000
458.00000 1.00000 461.00000
459.00000 1.00000 464.00000
460.00000 1.00000 467.00000
461.00000 1.00000 470.00000
462.00000 1.00000 473.00000
463.00000 1.00000 476.00000
464.00000 1.00000 479.00000
465.00000 1.00000 482.00000
466.00000 1.00000 485.00000
467.00000 1.00000 488.00000
468.00000 1.00000 491.00000
469.00000 1.00000 494.00000
470.00000 1.00000 455.00000
471.00000 1.00000 497.00000
472.00000 1.00000 503.00000
473.00000 1.00000 506.00000
474.00000 1.00000 509.00000
475.00000 1.00000 512.00000
476.00000 1.00000 515.00000
477.00000 1.00000 518.00000
478.00000 1.00000 521.00000
479.00000 1.00000 524.00000
480.00000 1.00000 527.00000
481.00000 1.00000 530.00000
482.00000 1.00000 533.00000
483.00000 1.00000 536.00000
484.00000 1.00000 926.00000
485.00000 1.00000 500.00000
486.00000 1.00000 452.00000
487.00000 1.00000 449.00000
488.00000 1.00000 446.00000
489.00000 1.00000 359.00000
490.00000 1.00000 362.00000
491.00000 1.00000 365.00000
492.00000 1.00000 368.00000
493.00000 1.00000 371.00000
494.00000 1.00000 374.00000
495.00000 1.00000 377.00000
496.00000 1.00000 380.00000
497.00000 1.00000 383.00000
498.00000 1.00000 386.00000
499.00000 1.00000 389.00000
500.00000 1.00000 392.00000
501.00000 1.00000 395.00000
502.00000 1.00000 398.00000
503.00000 1.00000 401.00000
504.00000 1.00000 404.00000
505.00000 1.00000 407.00000
506.00000 1.00000 410.00000
507.00000 1.00000 413.00000
508.00000 1.00000 416.00000
509.00000 1.00000 419.00000
510.00000 1.00000 422.00000
511.00000 1.00000 425.00000
512.00000 1.00000 428.00000
513.00000 1.00000 431.00000
514.00000 1.00000 434.00000
515.00000 1.00000 437.00000
516.00000 1.00000 440.00000
517.00000 1.00000 443.00000
518.00000 1.00000 545.00000
519.00000 1.00000 929.00000
