0.00000 0.66180 1033.95834
1.00000 0.66180 1063.85418
2.00000 0.66180 1059.58334
3.00000 0.66180 1055.31251
4.00000 0.66180 1051.04168
5.00000 0.66180 1016.87501
6.00000 0.66180 1021.14584
7.00000 0.66180 1025.41668
8.00000 0.66180 1029.68751
9.00000 0.66180 1046.77084
10.00000 0.66180 1038.22918
11.00000 0.66180 1042.50001
12.00000 0.66181 1068.12501
13.00000 0.66181 1012.60418
14.00000 0.66181 1008.33335
15.00000 0.66181 1004.06251
16.00000 0.66181 999.79168
17.00000 0.66181 1076.66668
18.00000 0.66181 1080.93751
19.00000 0.66181 1072.39584
20.00000 0.66182 995.52085
21.00000 0.66182 991.25001
22.00000 0.66182 1085.20834
23.00000 0.66182 1089.47918
24.00000 0.66182 1093.75001
25.00000 0.66182 986.97918
26.00000 0.66183 982.70835
27.00000 0.66183 1106.56251
28.00000 0.66183 1102.29168
29.00000 0.66183 1098.02084
30.00000 0.66183 978.43751
31.00000 0.66184 969.89585
32.00000 0.66184 974.16668
33.00000 0.66184 1115.10418
34.00000 0.66184 1110.83334
35.00000 0.66185 1123.64584
36.00000 0.66185 965.62501
37.00000 0.66185 961.35418
38.00000 0.66185 1119.37501
39.00000 0.66186 1127.91668
40.00000 0.66186 957.08335
41.00000 0.66187 952.81251
42.00000 0.66187 1136.45834
43.00000 0.66187 1132.18751
44.00000 0.66187 948.54168
45.00000 0.66188 944.27085
46.00000 0.66188 1140.72918
47.00000 0.66189 940.00001
48.00000 0.66189 1149.27084
49.00000 0.66189 1145.00001
50.00000 0.66190 935.73345
51.00000 0.66190 1153.54168
52.00000 0.66190 935.72918
53.00000 0.66190 935.72918
54.00000 0.66191 934.58333
55.00000 0.66191 1157.81251
56.00000 0.66192 1166.35418
57.00000 0.66192 1162.08334
58.00000 0.66193 1170.62501
59.00000 0.66194 1174.89584
60.00000 0.66195 1179.16668
61.00000 0.66195 930.31249
62.00000 0.66196 1183.43751
63.00000 0.66197 1187.70834
64.00000 0.66198 1191.97918
65.00000 0.66199 1196.25001
66.00000 0.66200 1200.52084
67.00000 0.66200 926.04166
68.00000 0.66201 1204.79168
69.00000 0.66202 1209.06251
70.00000 0.66203 1213.33334
71.00000 0.66204 1217.60418
72.00000 0.66204 921.77083
73.00000 0.66205 1221.87501
74.00000 0.66206 1226.14584
75.00000 0.66207 1230.41668
76.00000 0.66209 1234.68751
77.00000 0.66209 917.49999
78.00000 0.66210 1238.95834
79.00000 0.66211 1243.22918
80.00000 0.66212 1247.50001
81.00000 0.66213 913.22916
82.00000 0.66214 1251.77084
83.00000 0.66215 1256.04168
84.00000 0.66216 1260.31251
85.00000 0.66218 1264.58334
86.00000 0.66218 908.95833
87.00000 0.66219 1268.85418
88.00000 0.66220 1273.12501
89.00000 0.66222 1277.39584
90.00000 0.66223 1281.66668
91.00000 0.66223 904.68749
92.00000 0.66225 1285.93751
93.00000 0.66226 1290.20834
94.00000 0.66227 900.41666
95.00000 0.66228 1294.47918
96.00000 0.66229 1298.75001
97.00000 0.66231 1303.02084
98.00000 0.66232 1307.29168
99.00000 0.66232 896.14583
100.00000 0.66234 1311.56251
101.00000 0.66235 1315.83334
102.00000 0.66236 891.87499
103.00000 0.66237 1320.10418
104.00000 0.66239 1324.37501
105.00000 0.66240 1328.64584
106.00000 0.66241 887.60416
107.00000 0.66242 1332.91668
108.00000 0.66244 1337.18751
109.00000 0.66245 1341.45834
110.00000 0.66246 883.33333
111.00000 0.66247 1345.72918
112.00000 0.66249 1350.00001
113.00000 0.66251 879.06249
114.00000 0.66251 1354.27084
115.00000 0.66253 1358.54168
116.00000 0.66254 1362.81251
117.00000 0.66255 874.79166
118.00000 0.66256 1367.08334
119.00000 0.66258 1371.35418
120.00000 0.66260 870.52083
121.00000 0.66260 1375.62501
122.00000 0.66262 1379.89584
123.00000 0.66264 1384.16668
124.00000 0.66265 866.24999
125.00000 0.66266 1388.43751
126.00000 0.66268 1392.70834
127.00000 0.66269 1396.97918
128.00000 0.66270 861.97916
129.00000 0.66271 1401.25001
130.00000 0.66273 1405.52084
131.00000 0.66274 857.70833
132.00000 0.66275 1409.79168
133.00000 0.66277 1414.06251
134.00000 0.66279 853.43749
135.00000 0.66279 1418.33334
136.00000 0.66282 1422.60418
137.00000 0.66284 1426.87501
138.00000 0.66284 849.16666
139.00000 0.66286 1431.14584
140.00000 0.66288 1435.41668
141.00000 0.66289 844.89583
142.00000 0.66290 1439.68751
143.00000 0.66292 1443.95834
144.00000 0.66294 1448.22917
145.00000 0.66294 840.62500
146.00000 0.66296 1452.50001
147.00000 0.66299 1456.77084
148.00000 0.66299 836.35416
149.00000 0.66301 1461.04167
150.00000 0.66303 1465.31251
151.00000 0.66304 832.08333
152.00000 0.66305 1469.58334
153.00000 0.66307 1473.85417
154.00000 0.66308 827.81250
155.00000 0.66310 1478.12501
156.00000 0.66312 1482.39584
157.00000 0.66313 823.54166
158.00000 0.66314 1486.66667
159.00000 0.66316 1490.93751
160.00000 0.66318 819.27083
161.00000 0.66319 1495.20834
162.00000 0.66321 1499.47917
163.00000 0.66323 815.00000
164.00000 0.66323 1503.75001
165.00000 0.66326 1508.02084
166.00000 0.66328 810.72916
167.00000 0.66328 1512.29167
168.00000 0.66331 1516.56251
169.00000 0.66333 806.45833
170.00000 0.66333 1520.83334
171.00000 0.66335 1525.10417
172.00000 0.66338 1529.37501
173.00000 0.66338 802.18750
174.00000 0.66340 1533.64584
175.00000 0.66343 1537.91667
176.00000 0.66343 797.91666
177.00000 0.66345 1542.18751
178.00000 0.66347 793.64583
179.00000 0.66348 1546.45834
180.00000 0.66350 1550.72917
181.00000 0.66352 789.37500
182.00000 0.66353 1555.00001
183.00000 0.66355 1559.27084
184.00000 0.66357 785.10416
185.00000 0.66358 1563.54167
186.00000 0.66360 1567.81251
187.00000 0.66362 780.83333
188.00000 0.66363 1572.08334
189.00000 0.66365 1576.35417
190.00000 0.66367 776.56250
191.00000 0.66368 1580.62501
192.00000 0.66370 1584.89584
193.00000 0.66372 772.29166
194.00000 0.66373 1589.16667
195.00000 0.66376 1593.43751
196.00000 0.66377 768.02083
197.00000 0.66378 1597.70834
198.00000 0.66381 1601.97917
199.00000 0.66382 763.75000
200.00000 0.66384 1606.25001
201.00000 0.66386 759.47916
202.00000 0.66386 1610.52084
203.00000 0.66389 1614.79167
204.00000 0.66391 755.20833
205.00000 0.66392 1619.06251
206.00000 0.66394 1623.33334
207.00000 0.66396 750.93750
208.00000 0.66397 1627.60417
209.00000 0.66400 1631.87501
210.00000 0.66401 746.66666
211.00000 0.66402 1636.14584
212.00000 0.66405 1640.41667
213.00000 0.66406 742.39583
214.00000 0.66408 1644.68751
215.00000 0.66410 738.12500
216.00000 0.66411 1648.95834
217.00000 0.66414 1653.22917
218.00000 0.66415 733.85416
219.00000 0.66416 1657.50001
220.00000 0.66419 1661.77084
221.00000 0.66420 729.58333
222.00000 0.66422 1666.04167
223.00000 0.66425 1670.31251
224.00000 0.66425 725.31250
225.00000 0.66428 1674.58334
226.00000 0.66429 721.04166
227.00000 0.66431 1678.85417
228.00000 0.66433 1683.12501
229.00000 0.66434 716.77083
230.00000 0.66436 1687.39584
231.00000 0.66439 712.50000
232.00000 0.66439 1691.66667
233.00000 0.66442 1695.93751
234.00000 0.66443 708.22916
235.00000 0.66445 1700.20834
236.00000 0.66448 703.95833
237.00000 0.66448 1704.47917
238.00000 0.66451 1708.75001
239.00000 0.66452 699.68750
240.00000 0.66454 1713.02084
241.00000 0.66457 1717.29167
242.00000 0.66457 695.41666
243.00000 0.66460 1721.56251
244.00000 0.66461 691.14583
245.00000 0.66463 1725.83334
246.00000 0.66466 1730.10417
247.00000 0.66466 686.87500
248.00000 0.66469 1734.37501
249.00000 0.66470 682.60416
250.00000 0.66472 1738.64584
251.00000 0.66475 1742.91667
252.00000 0.66475 678.33333
253.00000 0.66478 1747.18751
254.00000 0.66479 674.06250
255.00000 0.66482 1751.45834
256.00000 0.66483 669.79166
257.00000 0.66485 1755.72917
258.00000 0.66488 1760.00001
259.00000 0.66488 665.52083
260.00000 0.66491 1764.27084
261.00000 0.66492 661.25000
262.00000 0.66494 1768.54167
263.00000 0.66496 656.97916
264.00000 0.66497 1772.81251
265.00000 0.66501 652.70833
266.00000 0.66501 1777.08334
267.00000 0.66504 1781.35417
268.00000 0.66505 648.43750
269.00000 0.66507 1785.62501
270.00000 0.66509 644.16666
271.00000 0.66511 1789.89584
272.00000 0.66513 639.89583
273.00000 0.66514 1794.16667
274.00000 0.66517 1798.43751
275.00000 0.66517 635.62500
276.00000 0.66521 1802.70834
277.00000 0.66521 631.35416
278.00000 0.66524 1806.97917
279.00000 0.66525 627.08333
280.00000 0.66528 1811.25001
281.00000 0.66529 622.81250
282.00000 0.66531 1815.52084
283.00000 0.66533 618.54166
284.00000 0.66535 1819.79167
285.00000 0.66537 614.27083
286.00000 0.66539 1824.06251
287.00000 0.66540 610.00000
288.00000 0.66542 1828.33334
289.00000 0.66544 605.72916
290.00000 0.66546 1832.60417
291.00000 0.66548 601.45833
292.00000 0.66550 1836.87501
293.00000 0.66551 597.18750
294.00000 0.66554 1841.14584
295.00000 0.66555 592.91666
296.00000 0.66558 588.64583
297.00000 0.66558 1845.41667
298.00000 0.66562 1849.68751
299.00000 0.66562 584.37500
300.00000 0.66565 580.10416
301.00000 0.66566 1853.95834
302.00000 0.66569 575.83333
303.00000 0.66570 1858.22917
304.00000 0.66572 571.56250
305.00000 0.66574 1862.50001
306.00000 0.66575 567.29166
307.00000 0.66578 563.02083
308.00000 0.66578 1866.77084
309.00000 0.66582 558.75000
310.00000 0.66583 1871.04167
311.00000 0.66585 554.47916
312.00000 0.66588 550.20833
313.00000 0.66588 1875.31250
314.00000 0.66591 545.93750
315.00000 0.66592 1879.58334
316.00000 0.66593 541.66666
317.00000 0.66596 537.39583
318.00000 0.66597 1883.85417
319.00000 0.66599 533.12500
320.00000 0.66602 528.85416
321.00000 0.66603 1888.12500
322.00000 0.66604 524.58333
323.00000 0.66607 520.31250
324.00000 0.66608 1892.39584
325.00000 0.66609 516.04166
326.00000 0.66612 511.77083
327.00000 0.66614 507.50000
328.00000 0.66614 1896.66667
329.00000 0.66617 503.22916
330.00000 0.66619 498.95833
331.00000 0.66620 1900.93750
332.00000 0.66621 494.68750
333.00000 0.66623 490.41666
334.00000 0.66625 486.14583
335.00000 0.66627 1905.20834
336.00000 0.66627 481.87500
337.00000 0.66629 477.60416
338.00000 0.66631 473.33333
339.00000 0.66633 469.06250
340.00000 0.66634 1909.47917
341.00000 0.66635 464.79166
342.00000 0.66637 460.52083
343.00000 0.66638 456.25000
344.00000 0.66640 451.97916
345.00000 0.66641 447.70833
346.00000 0.66642 1913.75000
347.00000 0.66643 443.43750
348.00000 0.66644 439.16666
349.00000 0.66646 434.89583
350.00000 0.66647 430.62500
351.00000 0.66648 426.35416
352.00000 0.66649 422.08333
353.00000 0.66651 417.81250
354.00000 0.66652 1918.02084
355.00000 0.66652 413.54166
356.00000 0.66653 409.27083
357.00000 0.66654 405.00000
358.00000 0.66655 400.72917
359.00000 0.66656 396.45833
360.00000 0.66656 392.18750
361.00000 0.66657 387.91667
362.00000 0.66658 383.64583
363.00000 0.66659 379.37500
364.00000 0.66659 375.10417
365.00000 0.66660 370.83333
366.00000 0.66660 366.56250
367.00000 0.66661 362.29167
368.00000 0.66662 358.02083
369.00000 0.66662 349.47917
370.00000 0.66662 353.75000
371.00000 0.66663 1922.29167
372.00000 0.66663 345.20833
373.00000 0.66663 340.93750
374.00000 0.66664 336.66667
375.00000 0.66664 332.39583
376.00000 0.66664 328.12500
377.00000 0.66665 323.85417
378.00000 0.66665 319.58333
379.00000 0.66665 315.31250
380.00000 0.66665 306.77083
381.00000 0.66665 311.04167
382.00000 0.66666 264.06250
383.00000 0.66666 289.68750
384.00000 0.66666 285.41667
385.00000 0.66666 281.14583
386.00000 0.66666 276.87500
387.00000 0.66666 272.60417
388.00000 0.66666 268.33333
389.00000 0.66666 259.79167
390.00000 0.66666 302.50000
391.00000 0.66666 255.52083
392.00000 0.66666 298.22917
393.00000 0.66666 293.95833
394.00000 0.66667 238.43750
395.00000 0.66667 251.25000
396.00000 0.66667 229.89583
397.00000 0.66667 225.62500
398.00000 0.66667 221.35417
399.00000 0.66667 217.08333
400.00000 0.66667 212.81250
401.00000 0.66667 208.54167
402.00000 0.66667 204.27083
403.00000 0.66667 200.00427
404.00000 0.66667 242.70833
405.00000 0.66667 246.97917
406.00000 0.66667 234.16667
407.00000 0.66667 200.00000
408.00000 0.66671 200.00000
409.00000 0.66671 204.07039
410.00000 0.66672 208.34122
411.00000 0.66674 212.61205
412.00000 0.66675 216.88289
413.00000 0.66676 221.15372
414.00000 0.66677 1926.56250
415.00000 0.66678 225.42455
416.00000 0.66680 229.69539
417.00000 0.66682 233.96622
418.00000 0.66684 238.23705
419.00000 0.66686 242.50789
420.00000 0.66689 246.77872
421.00000 0.66692 251.04955
422.00000 0.66695 255.32039
423.00000 0.66699 259.59122
424.00000 0.66702 263.86205
425.00000 0.66702 1930.83334
426.00000 0.66706 1931.22160
427.00000 0.66707 1931.29219
428.00000 0.66707 268.13289
429.00000 0.66709 1931.43337
430.00000 0.66711 272.40372
431.00000 0.66714 1931.71574
432.00000 0.66715 1931.76708
433.00000 0.66716 276.67455
434.00000 0.66718 1931.86976
435.00000 0.66719 1931.88843
436.00000 0.66721 280.94539
437.00000 0.66722 1931.92639
438.00000 0.66722 1931.92710
439.00000 0.66722 1931.92799
440.00000 0.66722 1931.92663
441.00000 0.66722 1931.92577
442.00000 0.66723 1931.92952
443.00000 0.66723 1931.93164
444.00000 0.66724 1931.93204
445.00000 0.66726 285.21622
446.00000 0.66727 1931.91759
447.00000 0.66731 1931.82791
448.00000 0.66732 289.48705
449.00000 0.66736 1931.65764
450.00000 0.66738 293.75789
451.00000 0.66745 1931.07754
452.00000 0.66745 298.02872
453.00000 0.66752 302.29955
454.00000 0.66759 306.57039
455.00000 0.66764 1928.97429
456.00000 0.66767 310.84122
457.00000 0.66775 315.11205
458.00000 0.66784 319.38289
459.00000 0.66784 1925.64218
460.00000 0.66791 1924.37824
461.00000 0.66793 323.65372
462.00000 0.66802 327.92455
463.00000 0.66803 1921.85036
464.00000 0.66812 332.19539
465.00000 0.66821 1917.57953
466.00000 0.66823 336.46622
467.00000 0.66833 340.73705
468.00000 0.66837 1913.30869
469.00000 0.66845 345.00789
470.00000 0.66852 1909.03786
471.00000 0.66856 349.27872
472.00000 0.66867 1904.76703
473.00000 0.66869 353.54955
474.00000 0.66881 1900.49619
475.00000 0.66881 357.82039
476.00000 0.66894 362.09122
477.00000 0.66894 1896.22536
478.00000 0.66907 1891.95453
479.00000 0.66908 366.36205
480.00000 0.66920 1887.68369
481.00000 0.66922 370.63289
482.00000 0.66933 1883.41286
483.00000 0.66936 374.90372
484.00000 0.66945 1879.14203
485.00000 0.66951 379.17455
486.00000 0.66957 1874.87119
487.00000 0.66967 383.44539
488.00000 0.66969 1870.60036
489.00000 0.66981 1866.32953
490.00000 0.66983 387.71622
491.00000 0.66993 1862.05869
492.00000 0.66999 391.98705
493.00000 0.67005 1857.78786
494.00000 0.67016 396.25789
495.00000 0.67016 1853.51703
496.00000 0.67028 1849.24619
497.00000 0.67033 400.52872
498.00000 0.67039 1844.97536
499.00000 0.67051 1840.70453
500.00000 0.67051 404.79955
501.00000 0.67062 1836.43369
502.00000 0.67069 409.07039
503.00000 0.67074 1832.16286
504.00000 0.67085 1827.89203
505.00000 0.67088 413.34122
506.00000 0.67097 1823.62119
507.00000 0.67107 417.61205
508.00000 0.67108 1819.35036
509.00000 0.67119 1815.07953
510.00000 0.67127 421.88289
511.00000 0.67131 1810.80869
512.00000 0.67142 1806.53786
513.00000 0.67147 426.15372
514.00000 0.67153 1802.26703
515.00000 0.67165 1797.99619
516.00000 0.67167 430.42455
517.00000 0.67176 1793.72536
518.00000 0.67187 1789.45453
519.00000 0.67188 434.69539
520.00000 0.67199 1785.18369
521.00000 0.67209 438.96622
522.00000 0.67210 1780.91286
523.00000 0.67221 1776.64203
524.00000 0.67231 443.23705
525.00000 0.67233 1772.37119
526.00000 0.67244 1768.10036
527.00000 0.67253 447.50789
528.00000 0.67256 1763.82953
529.00000 0.67267 1759.55869
530.00000 0.67276 451.77872
531.00000 0.67278 1755.28786
532.00000 0.67290 1751.01703
533.00000 0.67299 456.04955
534.00000 0.67301 1746.74619
535.00000 0.67313 1742.47536
536.00000 0.67322 460.32039
537.00000 0.67324 1738.20453
538.00000 0.67336 1733.93369
539.00000 0.67346 464.59122
540.00000 0.67347 1729.66286
541.00000 0.67359 1725.39203
542.00000 0.67370 1721.12119
543.00000 0.67370 468.86205
544.00000 0.67382 1716.85036
545.00000 0.67394 1712.57953
546.00000 0.67395 473.13289
547.00000 0.67405 1708.30869
548.00000 0.67417 1704.03786
549.00000 0.67420 477.40372
550.00000 0.67429 1699.76703
551.00000 0.67441 1695.49619
552.00000 0.67445 481.67455
553.00000 0.67452 1691.22536
554.00000 0.67464 1686.95453
555.00000 0.67471 485.94539
556.00000 0.67476 1682.68369
557.00000 0.67488 1678.41286
558.00000 0.67497 490.21622
559.00000 0.67500 1674.14203
560.00000 0.67512 1669.87119
561.00000 0.67524 494.48705
562.00000 0.67524 1665.60036
563.00000 0.67536 1661.32953
564.00000 0.67548 1657.05869
565.00000 0.67551 498.75789
566.00000 0.67560 1652.78786
567.00000 0.67572 1648.51703
568.00000 0.67578 503.02872
569.00000 0.67584 1644.24619
570.00000 0.67597 1639.97536
571.00000 0.67606 507.29955
572.00000 0.67609 1635.70453
573.00000 0.67621 1631.43369
574.00000 0.67633 1627.16286
575.00000 0.67634 511.57039
576.00000 0.67646 1622.89203
577.00000 0.67658 1618.62119
578.00000 0.67662 515.84122
579.00000 0.67671 1614.35036
580.00000 0.67683 1610.07953
581.00000 0.67690 520.11205
582.00000 0.67696 1605.80869
583.00000 0.67708 1601.53786
584.00000 0.67719 524.38289
585.00000 0.67721 1597.26703
586.00000 0.67734 1592.99619
587.00000 0.67746 1588.72536
588.00000 0.67749 528.65372
589.00000 0.67759 1584.45453
590.00000 0.67772 1580.18369
591.00000 0.67778 532.92455
592.00000 0.67785 1575.91286
593.00000 0.67798 1571.64203
594.00000 0.67808 537.19538
595.00000 0.67811 1567.37120
596.00000 0.67824 1563.10036
597.00000 0.67837 1558.82953
598.00000 0.67838 541.46622
599.00000 0.67850 1554.55870
600.00000 0.67863 1550.28786
601.00000 0.67869 545.73705
602.00000 0.67877 1546.01703
603.00000 0.67890 1541.74620
604.00000 0.67899 550.00788
605.00000 0.67903 1537.47536
606.00000 0.67917 1533.20453
607.00000 0.67930 554.27872
608.00000 0.67930 1528.93370
609.00000 0.67944 1524.66286
610.00000 0.67957 1520.39203
611.00000 0.67962 558.54955
612.00000 0.67971 1516.12120
613.00000 0.67985 1511.85036
614.00000 0.67993 562.82038
615.00000 0.67998 1507.57953
616.00000 0.68012 1503.30870
617.00000 0.68025 567.09122
618.00000 0.68026 1499.03786
619.00000 0.68040 1494.76703
620.00000 0.68054 1490.49620
621.00000 0.68057 571.36205
622.00000 0.68068 1486.22536
623.00000 0.68082 1481.95453
624.00000 0.68090 575.63288
625.00000 0.68096 1477.68370
626.00000 0.68111 1473.41286
627.00000 0.68122 579.90372
628.00000 0.68125 1469.14203
629.00000 0.68140 1464.87120
630.00000 0.68154 1460.60036
631.00000 0.68155 584.17455
632.00000 0.68169 1456.32953
633.00000 0.68183 1452.05870
634.00000 0.68188 588.44538
635.00000 0.68198 1447.78786
636.00000 0.68213 1443.51703
637.00000 0.68221 592.71622
638.00000 0.68228 1439.24620
639.00000 0.68243 1434.97536
640.00000 0.68255 596.98705
641.00000 0.68258 1430.70453
642.00000 0.68273 1426.43370
643.00000 0.68288 1422.16286
644.00000 0.68289 601.25788
645.00000 0.68303 1417.89203
646.00000 0.68318 1413.62120
647.00000 0.68322 605.52872
648.00000 0.68334 1409.35036
649.00000 0.68349 1405.07953
650.00000 0.68357 609.79955
651.00000 0.68365 1400.80870
652.00000 0.68381 1396.53786
653.00000 0.68391 614.07038
654.00000 0.68397 1392.26703
655.00000 0.68412 1387.99620
656.00000 0.68425 618.34122
657.00000 0.68428 1383.72536
658.00000 0.68444 1379.45453
659.00000 0.68460 622.61205
660.00000 0.68461 1375.18370
661.00000 0.68477 1370.91286
662.00000 0.68493 1366.64203
663.00000 0.68495 626.88288
664.00000 0.68510 1362.37120
665.00000 0.68526 1358.10036
666.00000 0.68530 631.15372
667.00000 0.68543 1353.82953
668.00000 0.68560 1349.55870
669.00000 0.68565 635.42455
670.00000 0.68577 1345.28786
671.00000 0.68593 1341.01703
672.00000 0.68601 639.69538
673.00000 0.68611 1336.74620
674.00000 0.68628 1332.47536
675.00000 0.68636 643.96622
676.00000 0.68645 1328.20453
677.00000 0.68663 1323.93370
678.00000 0.68672 648.23705
679.00000 0.68680 1319.66286
680.00000 0.68698 1315.39203
681.00000 0.68708 652.50788
682.00000 0.68716 1311.12120
683.00000 0.68733 1306.85036
684.00000 0.68744 656.77872
685.00000 0.68752 1302.57953
686.00000 0.68770 1298.30870
687.00000 0.68780 661.04955
688.00000 0.68788 1294.03786
689.00000 0.68806 1289.76703
690.00000 0.68816 665.32038
691.00000 0.68825 1285.49620
692.00000 0.68844 1281.22536
693.00000 0.68852 669.59122
694.00000 0.68863 1276.95453
695.00000 0.68882 1272.68370
696.00000 0.68889 673.86205
697.00000 0.68901 1268.41286
698.00000 0.68920 1264.14203
699.00000 0.68926 678.13288
700.00000 0.68939 1259.87120
701.00000 0.68959 1255.60036
702.00000 0.68962 682.40372
703.00000 0.68979 1251.32953
704.00000 0.68999 1247.05870
705.00000 0.68999 686.67455
706.00000 0.69019 1242.78786
707.00000 0.69036 690.94538
708.00000 0.69039 1238.51703
709.00000 0.69059 1234.24620
710.00000 0.69073 695.21622
711.00000 0.69080 1229.97536
712.00000 0.69101 1225.70453
713.00000 0.69110 699.48705
714.00000 0.69122 1221.43370
715.00000 0.69143 1217.16286
716.00000 0.69147 703.75788
717.00000 0.69164 1212.89203
718.00000 0.69185 1208.62120
719.00000 0.69185 708.02872
720.00000 0.69207 1204.35036
721.00000 0.69222 712.29955
722.00000 0.69229 1200.07953
723.00000 0.69251 1195.80870
724.00000 0.69260 716.57038
725.00000 0.69273 1191.53786
726.00000 0.69296 1187.26703
727.00000 0.69297 720.84122
728.00000 0.69319 1182.99620
729.00000 0.69335 725.11205
730.00000 0.69342 1178.72536
731.00000 0.69365 1174.45453
732.00000 0.69372 729.38288
733.00000 0.69388 1170.18370
734.00000 0.69410 733.65372
735.00000 0.69412 1165.91286
736.00000 0.69436 1161.64203
737.00000 0.69448 737.92455
738.00000 0.69460 1157.37120
739.00000 0.69484 1153.10036
740.00000 0.69485 742.19538
741.00000 0.69509 1148.82953
742.00000 0.69523 746.46622
743.00000 0.69534 1144.55870
744.00000 0.69559 1140.28787
745.00000 0.69561 750.73705
746.00000 0.69584 1136.01703
747.00000 0.69599 755.00788
748.00000 0.69610 1131.74620
749.00000 0.69636 1127.47537
750.00000 0.69637 759.27872
751.00000 0.69662 1123.20453
752.00000 0.69675 763.54955
753.00000 0.69689 1118.93370
754.00000 0.69713 767.82038
755.00000 0.69716 1114.66287
756.00000 0.69743 1110.39203
757.00000 0.69751 772.09122
758.00000 0.69770 1106.12120
759.00000 0.69789 776.36205
760.00000 0.69798 1101.85037
761.00000 0.69826 1097.57953
762.00000 0.69827 780.63288
763.00000 0.69855 1093.30870
764.00000 0.69865 784.90372
765.00000 0.69884 1089.03787
766.00000 0.69903 789.17455
767.00000 0.69913 1084.76703
768.00000 0.69942 793.44538
769.00000 0.69943 1080.49620
770.00000 0.69973 1076.22537
771.00000 0.69980 797.71622
772.00000 0.70003 1071.95453
773.00000 0.70018 801.98705
774.00000 0.70034 1067.68370
775.00000 0.70056 806.25788
776.00000 0.70065 1063.41287
777.00000 0.70094 810.52872
778.00000 0.70097 1059.14203
779.00000 0.70129 1054.87120
780.00000 0.70132 814.79955
781.00000 0.70162 1050.60037
782.00000 0.70170 819.07038
783.00000 0.70194 1046.32953
784.00000 0.70208 823.34122
785.00000 0.70228 1042.05870
786.00000 0.70246 827.61205
787.00000 0.70262 1037.78787
788.00000 0.70284 831.88288
789.00000 0.70296 1033.51703
790.00000 0.70322 836.15372
791.00000 0.70331 1029.24620
792.00000 0.70360 840.42455
793.00000 0.70367 1024.97537
794.00000 0.70398 844.69538
795.00000 0.70403 1020.70453
796.00000 0.70436 848.96622
797.00000 0.70439 1016.43370
798.00000 0.70474 853.23705
799.00000 0.70476 1012.16287
800.00000 0.70512 857.50788
801.00000 0.70514 1007.89203
802.00000 0.70550 861.77872
803.00000 0.70552 1003.62120
804.00000 0.70587 866.04955
805.00000 0.70591 999.35037
806.00000 0.70625 870.32038
807.00000 0.70630 995.07953
808.00000 0.70663 874.59122
809.00000 0.70671 990.80870
810.00000 0.70700 878.86205
811.00000 0.70711 986.53787
812.00000 0.70738 883.13288
813.00000 0.70753 982.26703
814.00000 0.70775 887.40372
815.00000 0.70795 977.99620
816.00000 0.70813 891.67455
817.00000 0.70838 973.72537
818.00000 0.70850 895.94538
819.00000 0.70882 969.45453
820.00000 0.70888 900.21622
821.00000 0.70925 904.48705
822.00000 0.70926 965.18370
823.00000 0.70962 908.75788
824.00000 0.70971 960.91287
825.00000 0.70999 913.02872
826.00000 0.71017 956.64203
827.00000 0.71036 917.29955
828.00000 0.71064 952.37120
829.00000 0.71073 921.57038
830.00000 0.71110 925.84122
831.00000 0.71112 948.10037
832.00000 0.71147 930.11205
833.00000 0.71160 943.82953
834.00000 0.71184 934.38288
835.00000 0.71210 939.55870
836.00000 0.71221 938.65372
837.00000 0.71221 938.64944
838.00000 0.71221 938.65372
