0.00000 0.00000 1138.99690
1.00000 0.00000 494.00000
2.00000 0.00000 497.00000
3.00000 0.00000 500.00000
4.00000 0.00000 503.00000
5.00000 0.00000 506.00000
6.00000 0.00000 509.00000
7.00000 0.00000 512.00000
8.00000 0.00000 515.00000
9.00000 0.00000 518.00000
10.00000 0.00000 521.00000
11.00000 0.00000 524.00000
12.00000 0.00000 527.00000
13.00000 0.00000 530.00000
14.00000 0.00000 533.00000
15.00000 0.00000 536.00000
16.00000 0.00000 491.00000
17.00000 0.00000 488.00000
18.00000 0.00000 485.00000
19.00000 0.00000 482.00000
20.00000 0.00000 434.00000
21.00000 0.00000 437.00000
22.00000 0.00000 440.00000
23.00000 0.00000 443.00000
24.00000 0.00000 446.00000
25.00000 0.00000 449.00000
26.00000 0.00000 452.00000
27.00000 0.00000 539.00000
28.00000 0.00000 455.00000
29.00000 0.00000 461.00000
30.00000 0.00000 464.00000
31.00000 0.00000 467.00000
32.00000 0.00000 470.00000
33.00000 0.00000 473.00000
34.00000 0.00000 476.00000
35.00000 0.00000 479.00000
36.00000 0.00000 458.00000
37.00000 0.00000 542.00000
38.00000 0.00000 545.00000
39.00000 0.00000 548.00000
40.00000 0.00000 611.00000
41.00000 0.00000 614.00000
42.00000 0.00000 617.00000
43.00000 0.00000 620.00000
44.00000 0.00000 623.00000
45.00000 0.00000 626.00000
46.00000 0.00000 629.00000
47.00000 0.00000 608.00000
48.00000 0.00000 632.00000
49.00000 0.00000 638.00000
50.00000 0.00000 641.00000
51.00000 0.00000 644.00000
52.00000 0.00000 647.00000
53.00000 0.00000 650.00000
54.00000 0.00000 653.00000
55.00000 0.00000 656.00000
56.00000 0.00000 635.00000
57.00000 0.00000 431.00000
58.00000 0.00000 605.00000
59.00000 0.00000 599.00000
60.00000 0.00000 551.00000
61.00000 0.00000 554.00000
62.00000 0.00000 557.00000
63.00000 0.00000 560.00000
64.00000 0.00000 563.00000
65.00000 0.00000 566.00000
66.00000 0.00000 569.00000
67.00000 0.00000 602.00000
68.00000 0.00000 572.00000
69.00000 0.00000 578.00000
70.00000 0.00000 581.00000
71.00000 0.00000 584.00000
72.00000 0.00000 587.00000
73.00000 0.00000 590.00000
74.00000 0.00000 593.00000
75.00000 0.00000 596.00000
76.00000 0.00000 575.00000
77.00000 0.00000 659.00000
78.00000 0.00000 428.00000
79.00000 0.00000 422.00000
80.00000 0.00000 257.00000
81.00000 0.00000 260.00000
82.00000 0.00000 263.00000
83.00000 0.00000 266.00000
84.00000 0.00000 269.00000
85.00000 0.00000 272.00000
86.00000 0.00000 275.00000
87.00000 0.00000 278.00000
88.00000 0.00000 281.00000
89.00000 0.00000 284.00000
90.00000 0.00000 287.00000
91.00000 0.00000 290.00000
92.00000 0.00000 293.00000
93.00000 0.00000 296.00000
94.00000 0.00000 299.00000
95.00000 0.00000 254.00000
96.00000 0.00000 251.00000
97.00000 0.00000 248.00000
98.00000 0.00000 245.00000
99.00000 0.00000 1138.99689
100.00000 0.00000 200.00000
101.00000 0.00000 203.00000
102.00000 0.00000 206.00000
103.00000 0.00000 209.00000
104.00000 0.00000 212.00000
105.00000 0.00000 215.00000
106.00000 0.00000 302.00000
107.00000 0.00000 218.00000
108.00000 0.00000 224.00000
109.00000 0.00000 227.00000
110.00000 0.00000 230.00000
111.00000 0.00000 233.00000
112.00000 0.00000 236.00000
113.00000 0.00000 239.00000
114.00000 0.00000 242.00000
115.00000 0.00000 221.00000
116.00000 0.00000 305.00000
117.00000 0.00000 308.00000
118.00000 0.00000 311.00000
119.00000 0.00000 374.00000
120.00000 0.00000 377.00000
121.00000 0.00000 380.00000
122.00000 0.00000 383.00000
123.00000 0.00000 386.00000
124.00000 0.00000 389.00000
125.00000 0.00000 392.00000
126.00000 0.00000 371.00000
127.00000 0.00000 395.00000
128.00000 0.00000 401.00000
129.00000 0.00000 404.00000
130.00000 0.00000 407.00000
131.00000 0.00000 410.00000
132.00000 0.00000 413.00000
133.00000 0.00000 416.00000
134.00000 0.00000 419.00000
135.00000 0.00000 398.00000
136.00000 0.00000 425.00000
137.00000 0.00000 368.00000
138.00000 0.00000 362.00000
139.00000 0.00000 314.00000
140.00000 0.00000 317.00000
141.00000 0.00000 320.00000
142.00000 0.00000 323.00000
143.00000 0.00000 326.00000
144.00000 0.00000 329.00000
145.00000 0.00000 332.00000
146.00000 0.00000 365.00000
147.00000 0.00000 335.00000
148.00000 0.00000 341.00000
149.00000 0.00000 344.00000
150.00000 0.00000 347.00000
151.00000 0.00000 350.00000
152.00000 0.00000 353.00000
153.00000 0.00000 356.00000
154.00000 0.00000 359.00000
155.00000 0.00000 338.00000
156.00000 0.00000 1138.99689
157.00000 0.00000 662.00000
158.00000 0.00000 668.00000
159.00000 0.00000 968.00000
160.00000 0.00000 971.00000
161.00000 0.00000 974.00000
162.00000 0.00000 977.00000
163.00000 0.00000 980.00000
164.00000 0.00000 983.00000
165.00000 0.00000 986.00000
166.00000 0.00000 989.00000
167.00000 0.00000 992.00000
168.00000 0.00000 995.00000
169.00000 0.00000 998.00000
170.00000 0.00000 1001.00000
171.00000 0.00000 1004.00000
172.00000 0.00000 1007.00000
173.00000 0.00000 1010.00000
174.00000 0.00000 965.00000
175.00000 0.00000 962.00000
176.00000 0.00000 959.00000
177.00000 0.00000 956.00000
178.00000 0.00000 908.00000
179.00000 0.00000 911.00000
180.00000 0.00000 914.00000
181.00000 0.00000 917.00000
182.00000 0.00000 920.00000
183.00000 0.00000 923.00000
184.00000 0.00000 926.00000
185.00000 0.00000 1013.00000
186.00000 0.00000 929.00000
187.00000 0.00000 935.00000
188.00000 0.00000 938.00000
189.00000 0.00000 941.00000
190.00000 0.00000 944.00000
191.00000 0.00000 947.00000
192.00000 0.00000 950.00000
193.00000 0.00000 953.00000
194.00000 0.00000 932.00000
195.00000 0.00000 1016.00000
196.00000 0.00000 1019.00000
197.00000 0.00000 1022.00000
198.00000 0.00000 1085.00000
199.00000 0.00000 1088.00000
200.00000 0.00000 1091.00000
201.00000 0.00000 1094.00000
202.00000 0.00000 1097.00000
203.00000 0.00000 1100.00000
204.00000 0.00000 1103.00000
205.00000 0.00000 1082.00000
206.00000 0.00000 1106.00000
207.00000 0.00000 1112.00000
208.00000 0.00000 1115.00000
209.00000 0.00000 1118.00000
210.00000 0.00000 1121.00000
211.00000 0.00000 1124.00000
212.00000 0.00000 1127.00000
213.00000 0.00000 1130.00000
214.00000 0.00000 1109.00000
215.00000 0.00000 905.00000
216.00000 0.00000 1079.00000
217.00000 0.00000 1073.00000
218.00000 0.00000 1025.00000
219.00000 0.00000 1028.00000
220.00000 0.00000 1031.00000
221.00000 0.00000 1034.00000
222.00000 0.00000 1037.00000
223.00000 0.00000 1040.00000
224.00000 0.00000 1043.00000
225.00000 0.00000 1076.00000
226.00000 0.00000 1046.00000
227.00000 0.00000 1052.00000
228.00000 0.00000 1055.00000
229.00000 0.00000 1058.00000
230.00000 0.00000 1061.00000
231.00000 0.00000 1064.00000
232.00000 0.00000 1067.00000
233.00000 0.00000 1070.00000
234.00000 0.00000 1049.00000
235.00000 0.00000 665.00000
236.00000 0.00000 902.00000
237.00000 0.00000 896.00000
238.00000 0.00000 731.00000
239.00000 0.00000 734.00000
240.00000 0.00000 737.00000
241.00000 0.00000 740.00000
242.00000 0.00000 743.00000
243.00000 0.00000 746.00000
244.00000 0.00000 749.00000
245.00000 0.00000 752.00000
246.00000 0.00000 755.00000
247.00000 0.00000 758.00000
248.00000 0.00000 761.00000
249.00000 0.00000 764.00000
250.00000 0.00000 767.00000
251.00000 0.00000 770.00000
252.00000 0.00000 773.00000
253.00000 0.00000 728.00000
254.00000 0.00000 725.00000
255.00000 0.00000 722.00000
256.00000 0.00000 719.00000
257.00000 0.00000 671.00000
258.00000 0.00000 674.00000
259.00000 0.00000 677.00000
260.00000 0.00000 680.00000
261.00000 0.00000 683.00000
262.00000 0.00000 686.00000
263.00000 0.00000 689.00000
264.00000 0.00000 776.00000
265.00000 0.00000 692.00000
266.00000 0.00000 698.00000
267.00000 0.00000 701.00000
268.00000 0.00000 704.00000
269.00000 0.00000 707.00000
270.00000 0.00000 710.00000
271.00000 0.00000 713.00000
272.00000 0.00000 716.00000
273.00000 0.00000 695.00000
274.00000 0.00000 779.00000
275.00000 0.00000 782.00000
276.00000 0.00000 785.00000
277.00000 0.00000 848.00000
278.00000 0.00000 851.00000
279.00000 0.00000 854.00000
280.00000 0.00000 857.00000
281.00000 0.00000 860.00000
282.00000 0.00000 863.00000
283.00000 0.00000 866.00000
284.00000 0.00000 845.00000
285.00000 0.00000 869.00000
286.00000 0.00000 875.00000
287.00000 0.00000 878.00000
288.00000 0.00000 881.00000
289.00000 0.00000 884.00000
290.00000 0.00000 887.00000
291.00000 0.00000 890.00000
292.00000 0.00000 893.00000
293.00000 0.00000 872.00000
294.00000 0.00000 899.00000
295.00000 0.00000 842.00000
296.00000 0.00000 836.00000
297.00000 0.00000 788.00000
298.00000 0.00000 791.00000
299.00000 0.00000 794.00000
300.00000 0.00000 797.00000
301.00000 0.00000 800.00000
302.00000 0.00000 803.00000
303.00000 0.00000 806.00000
304.00000 0.00000 839.00000
305.00000 0.00000 809.00000
306.00000 0.00000 815.00000
307.00000 0.00000 818.00000
308.00000 0.00000 821.00000
309.00000 0.00000 824.00000
310.00000 0.00000 827.00000
311.00000 0.00000 830.00000
312.00000 0.00000 833.00000
313.00000 0.00000 812.00000
314.00000 0.00000 1133.00000
315.00000 0.00000 1136.00000
316.00000 0.00000 1138.99702
317.00000 0.00000 1138.99910
318.00000 0.00000 1138.99692
319.00000 0.00000 1138.99721
320.00000 0.00000 1138.99759
321.00000 0.00002 1139.00517
322.00000 0.00004 1139.01730
323.00000 0.00079 1139.40556
324.00000 0.00229 1140.18207
325.00000 0.00305 1140.57033
326.00000 0.01136 1144.84117
327.00000 0.01969 1149.11200
328.00000 0.02800 1153.38283
329.00000 0.03625 1157.65367
330.00000 0.04439 1161.92450
331.00000 0.05239 1166.19533
332.00000 0.06024 1170.46617
333.00000 0.06794 1174.73700
334.00000 0.07549 1179.00783
335.00000 0.08293 1183.27866
336.00000 0.09026 1187.54950
337.00000 0.09750 1191.82033
338.00000 0.10468 1196.09116
339.00000 0.11181 1200.36200
340.00000 0.11891 1204.63283
341.00000 0.12598 1208.90366
342.00000 0.13303 1213.17450
343.00000 0.14007 1217.44533
344.00000 0.14711 1221.71616
345.00000 0.15415 1225.98700
346.00000 0.16119 1230.25783
347.00000 0.16823 1234.52866
348.00000 0.17529 1238.79950
349.00000 0.18236 1243.07033
350.00000 0.18944 1247.34116
351.00000 0.19654 1251.61200
352.00000 0.20365 1255.88283
353.00000 0.21078 1260.15366
354.00000 0.21793 1264.42450
355.00000 0.22510 1268.69533
356.00000 0.23229 1272.96616
357.00000 0.23951 1277.23700
358.00000 0.24675 1281.50783
359.00000 0.25402 1285.77866
360.00000 0.26131 1290.04950
361.00000 0.26864 1294.32033
362.00000 0.27600 1298.59116
363.00000 0.28339 1302.86200
364.00000 0.29082 1307.13283
365.00000 0.29828 1311.39939
366.00000 0.29828 1311.40366
367.00000 0.29959 1307.29168
368.00000 0.30094 1303.02084
369.00000 0.30228 1298.75001
370.00000 0.30362 1294.47918
371.00000 0.30496 1290.20834
372.00000 0.30630 1285.93751
373.00000 0.30763 1281.66668
374.00000 0.30896 1277.39584
375.00000 0.31028 1273.12501
376.00000 0.31160 1268.85418
377.00000 0.31292 1264.58334
378.00000 0.31424 1260.31251
379.00000 0.31555 1256.04168
380.00000 0.31686 1251.77084
381.00000 0.31817 1247.50001
382.00000 0.31948 1243.22918
383.00000 0.32078 1238.95834
384.00000 0.32208 1234.68751
385.00000 0.32338 1230.41668
386.00000 0.32467 1226.14584
387.00000 0.32596 1221.87501
388.00000 0.32725 1217.60418
389.00000 0.32854 1213.33334
390.00000 0.32983 1209.06251
391.00000 0.33111 1204.79168
392.00000 0.33240 1200.52084
393.00000 0.33368 1196.25001
394.00000 0.33495 1191.97918
395.00000 0.33623 1187.70834
396.00000 0.33751 1183.43751
397.00000 0.33878 1179.16668
398.00000 0.34005 1174.89584
399.00000 0.34132 1170.62501
400.00000 0.34259 1166.35418
401.00000 0.34386 1162.08334
402.00000 0.34512 1157.81251
403.00000 0.34639 1153.54168
404.00000 0.34765 1149.27084
405.00000 0.34892 1145.00001
406.00000 0.35018 1140.72918
407.00000 0.35144 1136.45834
408.00000 0.35270 1132.18751
409.00000 0.35396 1127.91668
410.00000 0.35522 1123.64584
411.00000 0.35648 1119.37501
412.00000 0.35774 1115.10418
413.00000 0.35900 1110.83334
414.00000 0.36024 200.00427
415.00000 0.36024 200.00000
416.00000 0.36026 1106.56251
417.00000 0.36034 204.27083
418.00000 0.36044 208.54167
419.00000 0.36055 212.81250
420.00000 0.36066 217.08333
421.00000 0.36077 221.35417
422.00000 0.36089 225.62500
423.00000 0.36102 229.89583
424.00000 0.36114 234.16667
425.00000 0.36128 238.43750
426.00000 0.36141 242.70833
427.00000 0.36152 1102.29168
428.00000 0.36155 246.97917
429.00000 0.36169 251.25000
430.00000 0.36184 255.52083
431.00000 0.36199 259.79167
432.00000 0.36214 264.06250
433.00000 0.36230 268.33333
434.00000 0.36246 272.60417
435.00000 0.36262 276.87500
436.00000 0.36278 1098.02084
437.00000 0.36279 281.14583
438.00000 0.36296 285.41667
439.00000 0.36313 289.68750
440.00000 0.36330 293.95833
441.00000 0.36348 298.22917
442.00000 0.36366 302.50000
443.00000 0.36385 306.77083
444.00000 0.36404 1093.75001
445.00000 0.36404 311.04167
446.00000 0.36423 315.31250
447.00000 0.36442 319.58333
448.00000 0.36462 323.85417
449.00000 0.36482 328.12500
450.00000 0.36502 332.39583
451.00000 0.36522 336.66667
452.00000 0.36530 1089.47918
453.00000 0.36543 340.93750
454.00000 0.36564 345.20833
455.00000 0.36585 349.47917
456.00000 0.36606 353.75000
457.00000 0.36628 358.02083
458.00000 0.36650 362.29167
459.00000 0.36656 1085.20834
460.00000 0.36672 366.56250
461.00000 0.36695 370.83333
462.00000 0.36718 375.10417
463.00000 0.36741 379.37500
464.00000 0.36764 383.64583
465.00000 0.36782 1080.93751
466.00000 0.36787 387.91667
467.00000 0.36811 392.18750
468.00000 0.36835 396.45833
469.00000 0.36859 400.72917
470.00000 0.36883 405.00000
471.00000 0.36908 409.27083
472.00000 0.36908 1076.66668
473.00000 0.36933 413.54166
474.00000 0.36958 417.81250
475.00000 0.36983 422.08333
476.00000 0.37008 426.35416
477.00000 0.37034 430.62500
478.00000 0.37034 1072.39584
479.00000 0.37060 434.89583
480.00000 0.37086 439.16666
481.00000 0.37112 443.43750
482.00000 0.37139 447.70833
483.00000 0.37161 1068.12501
484.00000 0.37165 451.97916
485.00000 0.37192 456.25000
486.00000 0.37219 460.52083
487.00000 0.37247 464.79166
488.00000 0.37274 469.06250
489.00000 0.37287 1063.85418
490.00000 0.37302 473.33333
491.00000 0.37330 477.60416
492.00000 0.37358 481.87500
493.00000 0.37386 486.14583
494.00000 0.37414 490.41666
495.00000 0.37414 1059.58334
496.00000 0.37443 494.68750
497.00000 0.37472 498.95833
498.00000 0.37501 503.22916
499.00000 0.37530 507.50000
500.00000 0.37540 1055.31251
501.00000 0.37559 511.77083
502.00000 0.37588 516.04166
503.00000 0.37618 520.31250
504.00000 0.37648 524.58333
505.00000 0.37667 1051.04168
506.00000 0.37678 528.85416
507.00000 0.37708 533.12500
508.00000 0.37739 537.39583
509.00000 0.37769 541.66666
510.00000 0.37794 1046.77084
511.00000 0.37800 545.93750
512.00000 0.37831 550.20833
513.00000 0.37862 554.47916
514.00000 0.37893 558.75000
515.00000 0.37921 1042.50001
516.00000 0.37924 563.02083
517.00000 0.37956 567.29166
518.00000 0.37988 571.56250
519.00000 0.38019 575.83333
520.00000 0.38049 1038.22918
521.00000 0.38051 580.10416
522.00000 0.38084 584.37500
523.00000 0.38116 588.64583
524.00000 0.38148 592.91666
525.00000 0.38176 1033.95834
526.00000 0.38181 597.18750
527.00000 0.38214 601.45833
528.00000 0.38247 605.72916
529.00000 0.38280 610.00000
530.00000 0.38304 1029.68751
531.00000 0.38313 614.27083
532.00000 0.38347 618.54166
533.00000 0.38380 622.81250
534.00000 0.38414 627.08333
535.00000 0.38432 1025.41668
536.00000 0.38448 631.35416
537.00000 0.38482 635.62500
538.00000 0.38516 639.89583
539.00000 0.38550 644.16666
540.00000 0.38561 1021.14584
541.00000 0.38585 648.43750
542.00000 0.38620 652.70833
543.00000 0.38654 656.97916
544.00000 0.38689 661.25000
545.00000 0.38689 1016.87501
546.00000 0.38724 665.52083
547.00000 0.38760 669.79166
548.00000 0.38795 674.06250
549.00000 0.38818 1012.60418
550.00000 0.38830 678.33333
551.00000 0.38866 682.60416
552.00000 0.38902 686.87500
553.00000 0.38938 691.14583
554.00000 0.38948 1008.33335
555.00000 0.38974 695.41666
556.00000 0.39010 699.68750
557.00000 0.39046 703.95833
558.00000 0.39077 1004.06251
559.00000 0.39083 708.22916
560.00000 0.39119 712.50000
561.00000 0.39156 716.77083
562.00000 0.39193 721.04166
563.00000 0.39207 999.79168
564.00000 0.39230 725.31250
565.00000 0.39267 729.58333
566.00000 0.39305 733.85416
567.00000 0.39338 995.52085
568.00000 0.39342 738.12500
569.00000 0.39380 742.39583
570.00000 0.39418 746.66666
571.00000 0.39455 750.93750
572.00000 0.39469 991.25001
573.00000 0.39494 755.20833
574.00000 0.39532 759.47916
575.00000 0.39570 763.75000
576.00000 0.39600 986.97918
577.00000 0.39608 768.02083
578.00000 0.39647 772.29166
579.00000 0.39686 776.56250
580.00000 0.39725 780.83333
581.00000 0.39732 982.70835
582.00000 0.39763 785.10416
583.00000 0.39803 789.37500
584.00000 0.39842 793.64583
585.00000 0.39864 978.43751
586.00000 0.39881 797.91666
587.00000 0.39921 802.18750
588.00000 0.39960 806.45833
589.00000 0.39997 974.16668
590.00000 0.40000 810.72916
591.00000 0.40040 815.00000
592.00000 0.40080 819.27083
593.00000 0.40120 823.54166
594.00000 0.40131 969.89585
595.00000 0.40161 827.81250
596.00000 0.40201 832.08333
597.00000 0.40242 836.35416
598.00000 0.40265 965.62501
599.00000 0.40282 840.62500
600.00000 0.40323 844.89583
601.00000 0.40364 849.16666
602.00000 0.40400 961.35418
603.00000 0.40405 853.43749
604.00000 0.40447 857.70833
605.00000 0.40488 861.97916
606.00000 0.40530 866.24999
607.00000 0.40535 957.08335
608.00000 0.40571 870.52083
609.00000 0.40613 874.79166
610.00000 0.40655 879.06249
611.00000 0.40671 952.81251
612.00000 0.40697 883.33333
613.00000 0.40739 887.60416
614.00000 0.40782 891.87499
615.00000 0.40808 948.54168
616.00000 0.40824 896.14583
617.00000 0.40867 900.41666
618.00000 0.40909 904.68749
619.00000 0.40946 944.27085
620.00000 0.40952 908.95833
621.00000 0.40995 913.22916
622.00000 0.41038 917.49999
623.00000 0.41082 921.77083
624.00000 0.41084 940.00001
625.00000 0.41125 926.04166
626.00000 0.41169 930.31249
627.00000 0.41212 934.58333
628.00000 0.41224 935.73345
629.00000 0.41224 935.72918
630.00000 0.41224 935.72918
