0.00000 0.98251 938.65372
1.00000 0.98251 938.64944
2.00000 0.98266 934.38288
3.00000 0.98282 930.11205
4.00000 0.98298 925.84122
5.00000 0.98314 921.57038
6.00000 0.98330 917.29955
7.00000 0.98346 913.02872
8.00000 0.98361 908.75788
9.00000 0.98377 904.48705
10.00000 0.98381 938.65372
11.00000 0.98389 938.64944
12.00000 0.98392 900.21622
13.00000 0.98408 895.94538
14.00000 0.98424 891.67455
15.00000 0.98439 887.40372
16.00000 0.98454 883.13288
17.00000 0.98470 878.86205
18.00000 0.98485 874.59122
19.00000 0.98500 870.32038
20.00000 0.98516 866.04955
21.00000 0.98531 861.77872
22.00000 0.98546 857.50788
23.00000 0.98561 853.23705
24.00000 0.98576 848.96622
25.00000 0.98591 844.69538
26.00000 0.98606 840.42455
27.00000 0.98621 836.15372
28.00000 0.98636 831.88288
29.00000 0.98651 827.61205
30.00000 0.98666 823.34122
31.00000 0.98681 819.07038
32.00000 0.98696 814.79955
33.00000 0.98701 938.38278
34.00000 0.98710 810.52872
35.00000 0.98725 806.25788
36.00000 0.98740 801.98705
37.00000 0.98754 797.71622
38.00000 0.98769 793.44538
39.00000 0.98783 789.17455
40.00000 0.98797 784.90372
41.00000 0.98812 780.63288
42.00000 0.98826 776.36205
43.00000 0.98840 772.09122
44.00000 0.98855 767.82038
45.00000 0.98869 763.54955
46.00000 0.98883 759.27872
47.00000 0.98897 755.00788
48.00000 0.98911 750.73705
49.00000 0.98925 746.46622
50.00000 0.98939 742.19538
51.00000 0.98953 737.92455
52.00000 0.98967 733.65372
53.00000 0.98980 729.38288
54.00000 0.98994 725.11205
55.00000 0.99008 720.84122
56.00000 0.99021 716.57038
57.00000 0.99028 937.84946
58.00000 0.99035 712.29955
59.00000 0.99048 708.02872
60.00000 0.99062 703.75788
61.00000 0.99075 699.48705
62.00000 0.99088 695.21622
63.00000 0.99102 690.94538
64.00000 0.99115 686.67455
65.00000 0.99128 682.40372
66.00000 0.99141 678.13288
67.00000 0.99154 673.86205
68.00000 0.99167 669.59122
69.00000 0.99180 665.32038
70.00000 0.99193 661.04955
71.00000 0.99206 656.77872
72.00000 0.99218 652.50788
73.00000 0.99231 648.23705
74.00000 0.99244 643.96622
75.00000 0.99256 639.69538
76.00000 0.99269 635.42455
77.00000 0.99281 631.15372
78.00000 0.99293 626.88288
79.00000 0.99306 622.61205
80.00000 0.99318 618.34122
81.00000 0.99330 614.07038
82.00000 0.99342 609.79955
83.00000 0.99354 605.52872
84.00000 0.99366 601.25788
85.00000 0.99378 596.98705
86.00000 0.99389 592.71622
87.00000 0.99401 588.44538
88.00000 0.99408 936.78282
89.00000 0.99413 584.17455
90.00000 0.99424 579.90372
91.00000 0.99436 575.63288
92.00000 0.99447 571.36205
93.00000 0.99458 567.09122
94.00000 0.99470 562.82038
95.00000 0.99481 558.54955
96.00000 0.99492 554.27872
97.00000 0.99503 550.00788
98.00000 0.99513 545.73705
99.00000 0.99524 541.46622
100.00000 0.99535 537.19538
101.00000 0.99545 532.92455
102.00000 0.99556 528.65372
103.00000 0.99566 524.38289
104.00000 0.99577 520.11205
105.00000 0.99587 515.84122
106.00000 0.99597 511.57039
107.00000 0.99607 507.29955
108.00000 0.99617 503.02872
109.00000 0.99627 498.75789
110.00000 0.99637 494.48705
111.00000 0.99646 490.21622
112.00000 0.99656 485.94539
113.00000 0.99665 481.67455
114.00000 0.99674 477.40372
115.00000 0.99684 473.13289
116.00000 0.99693 468.86205
117.00000 0.99702 464.59122
118.00000 0.99710 460.32039
119.00000 0.99719 456.04955
120.00000 0.99728 451.77872
121.00000 0.99736 447.50789
122.00000 0.99745 443.23705
123.00000 0.99753 438.96622
124.00000 0.99761 434.69539
125.00000 0.99769 430.42455
126.00000 0.99777 426.15372
127.00000 0.99785 421.88289
128.00000 0.99792 417.61205
129.00000 0.99800 413.34122
130.00000 0.99807 409.07039
131.00000 0.99814 404.79955
132.00000 0.99821 400.52872
133.00000 0.99828 396.25789
134.00000 0.99835 391.98705
135.00000 0.99841 934.64954
136.00000 0.99842 387.71622
137.00000 0.99848 383.44539
138.00000 0.99855 379.17455
139.00000 0.99861 374.90372
140.00000 0.99867 370.63289
141.00000 0.99873 366.36205
142.00000 0.99879 362.09122
143.00000 0.99885 357.82039
144.00000 0.99890 353.54955
145.00000 0.99896 349.27872
146.00000 0.99901 345.00789
147.00000 0.99906 340.73705
148.00000 0.99911 336.46622
149.00000 0.99916 332.19539
150.00000 0.99920 327.92455
151.00000 0.99925 323.65372
152.00000 0.99929 319.38289
153.00000 0.99933 315.11205
154.00000 0.99937 310.84122
155.00000 0.99941 306.57039
156.00000 0.99945 302.29955
157.00000 0.99949 298.02872
158.00000 0.99952 293.75789
159.00000 0.99955 289.48705
160.00000 0.99958 285.21622
161.00000 0.99961 280.94539
162.00000 0.99964 276.67455
163.00000 0.99967 272.40372
164.00000 0.99970 268.13289
165.00000 0.99972 263.86205
166.00000 0.99974 259.59122
167.00000 0.99977 255.32039
168.00000 0.99979 251.04955
169.00000 0.99981 246.77872
170.00000 0.99982 242.50789
171.00000 0.99984 238.23705
172.00000 0.99986 233.96622
173.00000 0.99986 933.58290
174.00000 0.99987 229.69539
175.00000 0.99989 225.42455
176.00000 0.99990 221.15372
177.00000 0.99991 216.88289
178.00000 0.99992 212.61205
179.00000 0.99993 208.34122
180.00000 0.99994 933.51624
181.00000 0.99994 204.07039
182.00000 0.99995 200.00000
183.00000 0.99998 933.48290
184.00000 0.99999 933.47457
185.00000 1.00000 692.00000
186.00000 1.00000 689.00000
187.00000 1.00000 686.00000
188.00000 1.00000 683.00000
189.00000 1.00000 680.00000
190.00000 1.00000 674.00000
191.00000 1.00000 659.00000
192.00000 1.00000 671.00000
193.00000 1.00000 668.00000
194.00000 1.00000 665.00000
195.00000 1.00000 662.00000
196.00000 1.00000 677.00000
197.00000 1.00000 695.00000
198.00000 1.00000 728.00000
199.00000 1.00000 701.00000
200.00000 1.00000 704.00000
201.00000 1.00000 707.00000
202.00000 1.00000 710.00000
203.00000 1.00000 713.00000
204.00000 1.00000 716.00000
205.00000 1.00000 719.00000
206.00000 1.00000 722.00000
207.00000 1.00000 725.00000
208.00000 1.00000 656.00000
209.00000 1.00000 731.00000
210.00000 1.00000 734.00000
211.00000 1.00000 698.00000
212.00000 1.00000 653.00000
213.00000 1.00000 617.00000
214.00000 1.00000 647.00000
215.00000 1.00000 563.00000
216.00000 1.00000 566.00000
217.00000 1.00000 569.00000
218.00000 1.00000 572.00000
219.00000 1.00000 575.00000
220.00000 1.00000 578.00000
221.00000 1.00000 581.00000
222.00000 1.00000 584.00000
223.00000 1.00000 587.00000
224.00000 1.00000 590.00000
225.00000 1.00000 593.00000
226.00000 1.00000 596.00000
227.00000 1.00000 599.00000
228.00000 1.00000 650.00000
229.00000 1.00000 602.00000
230.00000 1.00000 608.00000
231.00000 1.00000 611.00000
232.00000 1.00000 614.00000
233.00000 1.00000 737.00000
234.00000 1.00000 620.00000
235.00000 1.00000 623.00000
236.00000 1.00000 626.00000
237.00000 1.00000 629.00000
238.00000 1.00000 632.00000
239.00000 1.00000 635.00000
240.00000 1.00000 638.00000
241.00000 1.00000 641.00000
242.00000 1.00000 644.00000
243.00000 1.00000 605.00000
244.00000 1.00000 740.00000
245.00000 1.00000 779.00000
246.00000 1.00000 746.00000
247.00000 1.00000 848.00000
248.00000 1.00000 851.00000
249.00000 1.00000 854.00000
250.00000 1.00000 857.00000
251.00000 1.00000 860.00000
252.00000 1.00000 863.00000
253.00000 1.00000 866.00000
254.00000 1.00000 869.00000
255.00000 1.00000 872.00000
256.00000 1.00000 875.00000
257.00000 1.00000 878.00000
258.00000 1.00000 881.00000
259.00000 1.00000 884.00000
260.00000 1.00000 887.00000
261.00000 1.00000 890.00000
262.00000 1.00000 893.00000
263.00000 1.00000 896.00000
264.00000 1.00000 899.00000
265.00000 1.00000 902.00000
266.00000 1.00000 905.00000
267.00000 1.00000 908.00000
268.00000 1.00000 911.00000
269.00000 1.00000 914.00000
270.00000 1.00000 917.00000
271.00000 1.00000 920.00000
272.00000 1.00000 923.00000
273.00000 1.00000 560.00000
274.00000 1.00000 845.00000
275.00000 1.00000 842.00000
276.00000 1.00000 839.00000
277.00000 1.00000 836.00000
278.00000 1.00000 749.00000
279.00000 1.00000 752.00000
280.00000 1.00000 755.00000
281.00000 1.00000 758.00000
282.00000 1.00000 761.00000
283.00000 1.00000 764.00000
284.00000 1.00000 767.00000
285.00000 1.00000 770.00000
286.00000 1.00000 773.00000
287.00000 1.00000 776.00000
288.00000 1.00000 782.00000
289.00000 1.00000 785.00000
290.00000 1.00000 788.00000
291.00000 1.00000 743.00000
292.00000 1.00000 791.00000
293.00000 1.00000 797.00000
294.00000 1.00000 800.00000
295.00000 1.00000 803.00000
296.00000 1.00000 806.00000
297.00000 1.00000 809.00000
298.00000 1.00000 812.00000
299.00000 1.00000 815.00000
300.00000 1.00000 818.00000
301.00000 1.00000 821.00000
302.00000 1.00000 824.00000
303.00000 1.00000 827.00000
304.00000 1.00000 830.00000
305.00000 1.00000 833.00000
306.00000 1.00000 794.00000
307.00000 1.00000 557.00000
308.00000 1.00000 278.00000
309.00000 1.00000 551.00000
310.00000 1.00000 281.00000
311.00000 1.00000 284.00000
312.00000 1.00000 287.00000
313.00000 1.00000 290.00000
314.00000 1.00000 293.00000
315.00000 1.00000 296.00000
316.00000 1.00000 299.00000
317.00000 1.00000 302.00000
318.00000 1.00000 305.00000
319.00000 1.00000 308.00000
320.00000 1.00000 311.00000
321.00000 1.00000 314.00000
322.00000 1.00000 317.00000
323.00000 1.00000 320.00000
324.00000 1.00000 323.00000
325.00000 1.00000 326.00000
326.00000 1.00000 329.00000
327.00000 1.00000 332.00000
328.00000 1.00000 335.00000
329.00000 1.00000 338.00000
330.00000 1.00000 341.00000
331.00000 1.00000 344.00000
332.00000 1.00000 347.00000
333.00000 1.00000 350.00000
334.00000 1.00000 353.00000
335.00000 1.00000 356.00000
336.00000 1.00000 359.00000
337.00000 1.00000 926.00000
338.00000 1.00000 275.00000
339.00000 1.00000 272.00000
340.00000 1.00000 269.00000
341.00000 1.00000 933.47040
342.00000 1.00000 933.47014
343.00000 1.00000 933.47001
344.00000 1.00000 933.47001
345.00000 1.00000 933.47001
346.00000 1.00000 200.00000
347.00000 1.00000 203.00000
348.00000 1.00000 206.00000
349.00000 1.00000 209.00000
350.00000 1.00000 212.00000
351.00000 1.00000 215.00000
352.00000 1.00000 218.00000
353.00000 1.00000 221.00000
354.00000 1.00000 362.00000
355.00000 1.00000 224.00000
356.00000 1.00000 230.00000
357.00000 1.00000 233.00000
358.00000 1.00000 236.00000
359.00000 1.00000 239.00000
360.00000 1.00000 242.00000
361.00000 1.00000 245.00000
362.00000 1.00000 248.00000
363.00000 1.00000 251.00000
364.00000 1.00000 254.00000
365.00000 1.00000 257.00000
366.00000 1.00000 260.00000
367.00000 1.00000 263.00000
368.00000 1.00000 266.00000
369.00000 1.00000 227.00000
370.00000 1.00000 554.00000
371.00000 1.00000 365.00000
372.00000 1.00000 371.00000
373.00000 1.00000 470.00000
374.00000 1.00000 473.00000
375.00000 1.00000 476.00000
376.00000 1.00000 479.00000
377.00000 1.00000 482.00000
378.00000 1.00000 485.00000
379.00000 1.00000 488.00000
380.00000 1.00000 491.00000
381.00000 1.00000 494.00000
382.00000 1.00000 497.00000
383.00000 1.00000 500.00000
384.00000 1.00000 503.00000
385.00000 1.00000 506.00000
386.00000 1.00000 509.00000
387.00000 1.00000 512.00000
388.00000 1.00000 515.00000
389.00000 1.00000 518.00000
390.00000 1.00000 521.00000
391.00000 1.00000 524.00000
392.00000 1.00000 527.00000
393.00000 1.00000 530.00000
394.00000 1.00000 533.00000
395.00000 1.00000 536.00000
396.00000 1.00000 539.00000
397.00000 1.00000 542.00000
398.00000 1.00000 545.00000
399.00000 1.00000 548.00000
400.00000 1.00000 467.00000
401.00000 1.00000 464.00000
402.00000 1.00000 461.00000
403.00000 1.00000 458.00000
404.00000 1.00000 374.00000
405.00000 1.00000 377.00000
406.00000 1.00000 380.00000
407.00000 1.00000 383.00000
408.00000 1.00000 386.00000
409.00000 1.00000 389.00000
410.00000 1.00000 392.00000
411.00000 1.00000 395.00000
412.00000 1.00000 398.00000
413.00000 1.00000 401.00000
414.00000 1.00000 404.00000
415.00000 1.00000 407.00000
416.00000 1.00000 410.00000
417.00000 1.00000 368.00000
418.00000 1.00000 413.00000
419.00000 1.00000 419.00000
420.00000 1.00000 422.00000
421.00000 1.00000 425.00000
422.00000 1.00000 428.00000
423.00000 1.00000 431.00000
424.00000 1.00000 434.00000
425.00000 1.00000 437.00000
426.00000 1.00000 440.00000
427.00000 1.00000 443.00000
428.00000 1.00000 446.00000
429.00000 1.00000 449.00000
430.00000 1.00000 452.00000
431.00000 1.00000 455.00000
432.00000 1.00000 416.00000
433.00000 1.00000 929.00000
