0.00000 0.00000 1232.00000
1.00000 0.00000 1520.00000
2.00000 0.00000 1523.00000
3.00000 0.00000 1526.00000
4.00000 0.00000 1529.00000
5.00000 0.00000 1532.00000
6.00000 0.00000 1535.00000
7.00000 0.00000 1517.00000
8.00000 0.00000 1538.00000
9.00000 0.00000 1544.00000
10.00000 0.00000 1547.00000
11.00000 0.00000 1550.00000
12.00000 0.00000 1553.00000
13.00000 0.00000 1556.00000
14.00000 0.00000 1559.00000
15.00000 0.00000 1541.00000
16.00000 0.00000 1514.00000
17.00000 0.00000 1511.00000
18.00000 0.00000 1508.00000
19.00000 0.00000 1463.00000
20.00000 0.00000 1466.00000
21.00000 0.00000 1469.00000
22.00000 0.00000 1472.00000
23.00000 0.00000 1475.00000
24.00000 0.00000 1478.00000
25.00000 0.00000 1481.00000
26.00000 0.00000 1484.00000
27.00000 0.00000 1487.00000
28.00000 0.00000 1490.00000
29.00000 0.00000 1493.00000
30.00000 0.00000 1496.00000
31.00000 0.00000 1499.00000
32.00000 0.00000 1502.00000
33.00000 0.00000 1505.00000
34.00000 0.00000 1562.00000
35.00000 0.00000 1460.00000
36.00000 0.00000 1565.00000
37.00000 0.00000 1571.00000
38.00000 0.00000 1631.00000
39.00000 0.00000 1634.00000
40.00000 0.00000 1637.00000
41.00000 0.00000 1640.00000
42.00000 0.00000 1643.00000
43.00000 0.00000 1646.00000
44.00000 0.00000 1628.00000
45.00000 0.00000 1649.00000
46.00000 0.00000 1655.00000
47.00000 0.00000 1658.00000
48.00000 0.00000 1661.00000
49.00000 0.00000 1664.00000
50.00000 0.00000 1667.00000
51.00000 0.00000 1670.00000
52.00000 0.00000 1652.00000
53.00000 0.00000 1625.00000
54.00000 0.00000 1622.00000
55.00000 0.00000 1619.00000
56.00000 0.00000 1574.00000
57.00000 0.00000 1577.00000
58.00000 0.00000 1580.00000
59.00000 0.00000 1583.00000
60.00000 0.00000 1586.00000
61.00000 0.00000 1589.00000
62.00000 0.00000 1592.00000
63.00000 0.00000 1595.00000
64.00000 0.00000 1598.00000
65.00000 0.00000 1601.00000
66.00000 0.00000 1604.00000
67.00000 0.00000 1607.00000
68.00000 0.00000 1610.00000
69.00000 0.00000 1613.00000
70.00000 0.00000 1616.00000
71.00000 0.00000 1568.00000
72.00000 0.00000 1457.00000
73.00000 0.00000 1454.00000
74.00000 0.00000 1451.00000
75.00000 0.00000 1295.00000
76.00000 0.00000 1298.00000
77.00000 0.00000 1301.00000
78.00000 0.00000 1304.00000
79.00000 0.00000 1307.00000
80.00000 0.00000 1310.00000
81.00000 0.00000 1292.00000
82.00000 0.00000 1313.00000
83.00000 0.00000 1319.00000
84.00000 0.00000 1322.00000
85.00000 0.00000 1325.00000
86.00000 0.00000 1328.00000
87.00000 0.00000 1331.00000
88.00000 0.00000 1334.00000
89.00000 0.00000 1316.00000
90.00000 0.00000 1289.00000
91.00000 0.00000 1286.00000
92.00000 0.00000 1283.00000
93.00000 0.00000 1238.00000
94.00000 0.00000 1241.00000
95.00000 0.00000 1244.00000
96.00000 0.00000 1247.00000
97.00000 0.00000 1250.00000
98.00000 0.00000 1253.00000
99.00000 0.00000 1256.00000
100.00000 0.00000 1259.00000
101.00000 0.00000 1262.00000
102.00000 0.00000 1265.00000
103.00000 0.00000 1268.00000
104.00000 0.00000 1271.00000
105.00000 0.00000 1274.00000
106.00000 0.00000 1277.00000
107.00000 0.00000 1280.00000
108.00000 0.00000 1337.00000
109.00000 0.00000 1340.00000
110.00000 0.00000 1343.00000
111.00000 0.00000 1346.00000
112.00000 0.00000 1406.00000
113.00000 0.00000 1409.00000
114.00000 0.00000 1412.00000
115.00000 0.00000 1415.00000
116.00000 0.00000 1418.00000
117.00000 0.00000 1421.00000
118.00000 0.00000 1424.00000
119.00000 0.00000 1427.00000
120.00000 0.00000 1430.00000
121.00000 0.00000 1433.00000
122.00000 0.00000 1436.00000
123.00000 0.00000 1439.00000
124.00000 0.00000 1442.00000
125.00000 0.00000 1445.00000
126.00000 0.00000 1448.00000
127.00000 0.00000 1403.00000
128.00000 0.00000 1673.00000
129.00000 0.00000 1400.00000
130.00000 0.00000 1394.00000
131.00000 0.00000 1349.00000
132.00000 0.00000 1352.00000
133.00000 0.00000 1355.00000
134.00000 0.00000 1358.00000
135.00000 0.00000 1361.00000
136.00000 0.00000 1364.00000
137.00000 0.00000 1367.00000
138.00000 0.00000 1370.00000
139.00000 0.00000 1373.00000
140.00000 0.00000 1376.00000
141.00000 0.00000 1379.00000
142.00000 0.00000 1382.00000
143.00000 0.00000 1385.00000
144.00000 0.00000 1388.00000
145.00000 0.00000 1391.00000
146.00000 0.00000 1397.00000
147.00000 0.00000 1235.00000
148.00000 0.00000 1676.00000
149.00000 0.00000 1682.00000
150.00000 0.00000 1967.00000
151.00000 0.00000 1970.00000
152.00000 0.00000 1973.00000
153.00000 0.00000 1976.00000
154.00000 0.00000 1979.00000
155.00000 0.00000 1982.00000
156.00000 0.00000 1964.00000
157.00000 0.00000 1985.00000
158.00000 0.00000 1991.00000
159.00000 0.00000 1994.00000
160.00000 0.00000 1997.00000
161.00000 0.00000 2000.00000
162.00000 0.00000 2003.00000
163.00000 0.00000 2006.00000
164.00000 0.00000 1988.00000
165.00000 0.00000 1961.00000
166.00000 0.00000 1958.00000
167.00000 0.00000 1955.00000
168.00000 0.00000 1910.00000
169.00000 0.00000 1913.00000
170.00000 0.00000 1916.00000
171.00000 0.00000 1919.00000
172.00000 0.00000 1922.00000
173.00000 0.00000 1925.00000
174.00000 0.00000 1928.00000
175.00000 0.00000 1931.00000
176.00000 0.00000 1934.00000
177.00000 0.00000 1937.00000
178.00000 0.00000 1940.00000
179.00000 0.00000 1943.00000
180.00000 0.00000 1946.00000
181.00000 0.00000 1949.00000
182.00000 0.00000 1952.00000
183.00000 0.00000 2009.00000
184.00000 0.00000 1907.00000
185.00000 0.00000 2012.00000
186.00000 0.00000 2018.00000
187.00000 0.00000 2078.00000
188.00000 0.00000 2081.00000
189.00000 0.00000 2084.00000
190.00000 0.00000 2087.00000
191.00000 0.00000 2090.00000
192.00000 0.00000 2093.00000
193.00000 0.00000 2075.00000
194.00000 0.00000 2096.00000
195.00000 0.00000 2102.00000
196.00000 0.00000 2105.00000
197.00000 0.00000 2108.00000
198.00000 0.00000 2111.00000
199.00000 0.00000 2114.00000
200.00000 0.00000 2117.00000
201.00000 0.00000 2099.00000
202.00000 0.00000 2072.00000
203.00000 0.00000 2069.00000
204.00000 0.00000 2066.00000
205.00000 0.00000 2021.00000
206.00000 0.00000 2024.00000
207.00000 0.00000 2027.00000
208.00000 0.00000 2030.00000
209.00000 0.00000 2033.00000
210.00000 0.00000 2036.00000
211.00000 0.00000 2039.00000
212.00000 0.00000 2042.00000
213.00000 0.00000 2045.00000
214.00000 0.00000 2048.00000
215.00000 0.00000 2051.00000
216.00000 0.00000 2054.00000
217.00000 0.00000 2057.00000
218.00000 0.00000 2060.00000
219.00000 0.00000 2063.00000
220.00000 0.00000 2015.00000
221.00000 0.00000 1904.00000
222.00000 0.00000 1901.00000
223.00000 0.00000 1898.00000
224.00000 0.00000 1742.00000
225.00000 0.00000 1745.00000
226.00000 0.00000 1748.00000
227.00000 0.00000 1751.00000
228.00000 0.00000 1754.00000
229.00000 0.00000 1757.00000
230.00000 0.00000 1739.00000
231.00000 0.00000 1760.00000
232.00000 0.00000 1766.00000
233.00000 0.00000 1769.00000
234.00000 0.00000 1772.00000
235.00000 0.00000 1775.00000
236.00000 0.00000 1778.00000
237.00000 0.00000 1781.00000
238.00000 0.00000 1763.00000
239.00000 0.00000 1736.00000
240.00000 0.00000 1733.00000
241.00000 0.00000 1730.00000
242.00000 0.00000 1685.00000
243.00000 0.00000 1688.00000
244.00000 0.00000 1691.00000
245.00000 0.00000 1694.00000
246.00000 0.00000 1697.00000
247.00000 0.00000 1700.00000
248.00000 0.00000 1703.00000
249.00000 0.00000 1706.00000
250.00000 0.00000 1709.00000
251.00000 0.00000 1712.00000
252.00000 0.00000 1715.00000
253.00000 0.00000 1718.00000
254.00000 0.00000 1721.00000
255.00000 0.00000 1724.00000
256.00000 0.00000 1727.00000
257.00000 0.00000 1784.00000
258.00000 0.00000 1787.00000
259.00000 0.00000 1790.00000
260.00000 0.00000 1793.00000
261.00000 0.00000 1853.00000
262.00000 0.00000 1856.00000
263.00000 0.00000 1859.00000
264.00000 0.00000 1862.00000
265.00000 0.00000 1865.00000
266.00000 0.00000 1868.00000
267.00000 0.00000 1871.00000
268.00000 0.00000 1874.00000
269.00000 0.00000 1877.00000
270.00000 0.00000 1880.00000
271.00000 0.00000 1883.00000
272.00000 0.00000 1886.00000
273.00000 0.00000 1889.00000
274.00000 0.00000 1892.00000
275.00000 0.00000 1895.00000
276.00000 0.00000 1850.00000
277.00000 0.00000 1679.00000
278.00000 0.00000 1847.00000
279.00000 0.00000 1841.00000
280.00000 0.00000 1796.00000
281.00000 0.00000 1799.00000
282.00000 0.00000 1802.00000
283.00000 0.00000 1805.00000
284.00000 0.00000 1808.00000
285.00000 0.00000 1811.00000
286.00000 0.00000 1814.00000
287.00000 0.00000 1817.00000
288.00000 0.00000 1820.00000
289.00000 0.00000 1823.00000
290.00000 0.00000 1826.00000
291.00000 0.00000 1829.00000
292.00000 0.00000 1832.00000
293.00000 0.00000 1835.00000
294.00000 0.00000 1838.00000
295.00000 0.00000 1844.00000
296.00000 0.00000 2120.00000
297.00000 0.00000 2123.00000
298.00000 0.00000 1226.00000
299.00000 0.00000 1139.00000
300.00000 0.00000 1138.99689
301.00000 0.00000 1138.99689
302.00000 0.00000 1138.99690
303.00000 0.00000 1138.99692
304.00000 0.00000 1138.99702
305.00000 0.00000 1138.99721
306.00000 0.00000 1138.99759
307.00000 0.00000 1138.99910
308.00000 0.00000 2127.86629
309.00000 0.00000 1229.00000
310.00000 0.00000 2127.86246
311.00000 0.00000 2127.86467
312.00000 0.00000 2127.86487
313.00000 0.00000 2127.86527
314.00000 0.00000 2127.86607
315.00000 0.00000 2127.86679
316.00000 0.00000 2127.86679
317.00000 0.00000 2127.86678
318.00000 0.00000 2127.86677
319.00000 0.00000 2127.86666
320.00000 0.00000 2127.86661
321.00000 0.00000 2127.86658
322.00000 0.00000 1142.00000
323.00000 0.00000 1145.00000
324.00000 0.00000 2127.86614
325.00000 0.00000 1151.00000
326.00000 0.00000 1187.00000
327.00000 0.00000 1148.00000
328.00000 0.00000 1190.00000
329.00000 0.00000 1193.00000
330.00000 0.00000 1196.00000
331.00000 0.00000 1199.00000
332.00000 0.00000 1202.00000
333.00000 0.00000 1205.00000
334.00000 0.00000 1208.00000
335.00000 0.00000 1211.00000
336.00000 0.00000 1217.00000
337.00000 0.00000 1220.00000
338.00000 0.00000 1223.00000
339.00000 0.00000 1184.00000
340.00000 0.00000 1214.00000
341.00000 0.00000 1160.00000
342.00000 0.00000 1163.00000
343.00000 0.00000 1166.00000
344.00000 0.00000 1169.00000
345.00000 0.00000 1172.00000
346.00000 0.00000 1175.00000
347.00000 0.00000 1178.00000
348.00000 0.00000 1157.00000
349.00000 0.00000 1181.00000
350.00000 0.00000 1154.00000
351.00000 0.00001 1139.00517
352.00000 0.00001 2127.86136
353.00000 0.00001 2127.86081
354.00000 0.00003 1139.01730
355.00000 0.00006 2127.81228
356.00000 0.00017 2127.71521
357.00000 0.00039 2127.52108
358.00000 0.00063 1139.40556
359.00000 0.00083 2127.13282
360.00000 0.00184 1140.18207
361.00000 0.00244 1140.57033
362.00000 0.00543 2122.86199
363.00000 0.00900 1144.84117
364.00000 0.00968 2118.59116
365.00000 0.01362 2114.32032
366.00000 0.01551 1149.11200
367.00000 0.01732 2110.04949
368.00000 0.02080 2105.77866
369.00000 0.02200 1153.38283
370.00000 0.02412 2101.50782
371.00000 0.02730 2097.23699
372.00000 0.02850 1157.65367
373.00000 0.03036 2092.96616
374.00000 0.03333 2088.69532
375.00000 0.03505 1161.92450
376.00000 0.03621 2084.42449
377.00000 0.03904 2080.15366
378.00000 0.04168 1166.19533
379.00000 0.04182 2075.88282
380.00000 0.04455 2071.61199
381.00000 0.04726 2067.34116
382.00000 0.04841 1170.46617
383.00000 0.04994 2063.07032
384.00000 0.05260 2058.79949
385.00000 0.05525 1174.73700
386.00000 0.05525 2054.52866
387.00000 0.05789 2050.25782
388.00000 0.06051 2045.98699
389.00000 0.06220 1179.00783
390.00000 0.06313 2041.71616
391.00000 0.06575 2037.44532
392.00000 0.06836 2033.17449
393.00000 0.06925 1183.27866
394.00000 0.07097 2028.90366
395.00000 0.07357 2024.63283
396.00000 0.07617 2020.36199
397.00000 0.07639 1187.54950
398.00000 0.07877 2016.09116
399.00000 0.08137 2011.82033
400.00000 0.08361 1191.82033
401.00000 0.08396 2007.54949
402.00000 0.08654 2003.27866
403.00000 0.08912 1999.00783
404.00000 0.09089 1196.09116
405.00000 0.09169 1994.73699
406.00000 0.09426 1990.46616
407.00000 0.09681 1986.19533
408.00000 0.09821 1200.36200
409.00000 0.09936 1981.92449
410.00000 0.10190 1977.65366
411.00000 0.10442 1973.38283
412.00000 0.10558 1204.63283
413.00000 0.10693 1969.11199
414.00000 0.10943 1964.84116
415.00000 0.11192 1960.57033
416.00000 0.11296 1208.90366
417.00000 0.11439 1956.29949
418.00000 0.11685 1952.02866
419.00000 0.11929 1947.75783
420.00000 0.12036 1213.17450
421.00000 0.12172 1943.48699
422.00000 0.12412 1939.21616
423.00000 0.12651 1934.94533
424.00000 0.12778 1217.44533
425.00000 0.12888 1930.67449
426.00000 0.13124 1926.40366
427.00000 0.13357 1922.13283
428.00000 0.13519 1221.71616
429.00000 0.13588 1917.86199
430.00000 0.13818 1913.59116
431.00000 0.14045 1909.32033
432.00000 0.14262 1225.98700
433.00000 0.14271 1905.04949
434.00000 0.14494 1900.77866
435.00000 0.14716 1896.50783
436.00000 0.14935 1892.23699
437.00000 0.15004 1230.25783
438.00000 0.15152 1887.96616
439.00000 0.15367 1883.69533
440.00000 0.15580 1879.42449
441.00000 0.15746 1234.52866
442.00000 0.15791 1875.15366
443.00000 0.16000 1870.88283
444.00000 0.16207 1866.61199
445.00000 0.16411 1862.34116
446.00000 0.16488 1238.79950
447.00000 0.16614 1858.07033
448.00000 0.16814 1853.79949
449.00000 0.17013 1849.52866
450.00000 0.17209 1845.25783
451.00000 0.17230 1243.07033
452.00000 0.17403 1840.98699
453.00000 0.17595 1836.71616
454.00000 0.17785 1832.44533
455.00000 0.17972 1247.34116
456.00000 0.17973 1828.17449
457.00000 0.18159 1823.90366
458.00000 0.18343 1819.63283
459.00000 0.18525 1815.36199
460.00000 0.18704 1811.09116
461.00000 0.18714 1251.61200
462.00000 0.18882 1806.82033
463.00000 0.19058 1802.54949
464.00000 0.19232 1798.27866
465.00000 0.19404 1794.00783
466.00000 0.19457 1255.88283
467.00000 0.19574 1789.73699
468.00000 0.19742 1785.46616
469.00000 0.19908 1781.19533
470.00000 0.20072 1776.92449
471.00000 0.20200 1260.15366
472.00000 0.20234 1772.65366
473.00000 0.20394 1768.38283
474.00000 0.20553 1764.11199
475.00000 0.20709 1759.84116
476.00000 0.20864 1755.57033
477.00000 0.20944 1264.42450
478.00000 0.21017 1751.29949
479.00000 0.21168 1747.02866
480.00000 0.21318 1742.75783
481.00000 0.21465 1738.48699
482.00000 0.21611 1734.21616
483.00000 0.21689 1268.69533
484.00000 0.21755 1729.94533
485.00000 0.21897 1725.67449
486.00000 0.22038 1721.40366
487.00000 0.22176 1717.13283
488.00000 0.22313 1712.86199
489.00000 0.22434 1272.96616
490.00000 0.22449 1708.59116
491.00000 0.22583 1704.32033
492.00000 0.22715 1700.04949
493.00000 0.22845 1695.77866
494.00000 0.22974 1691.50783
495.00000 0.23101 1687.23699
496.00000 0.23181 1277.23700
497.00000 0.23226 1682.96616
498.00000 0.23350 1678.69533
499.00000 0.23472 1674.42449
500.00000 0.23593 1670.15366
501.00000 0.23712 1665.88283
502.00000 0.23830 1661.61199
503.00000 0.23929 1281.50783
504.00000 0.23946 1657.34116
505.00000 0.24060 1653.07033
506.00000 0.24173 1648.79949
507.00000 0.24285 1644.52866
508.00000 0.24395 1640.25783
509.00000 0.24503 1635.98699
510.00000 0.24610 1631.71616
511.00000 0.24679 1285.77866
512.00000 0.24716 1627.44533
513.00000 0.24820 1623.17449
514.00000 0.24923 1618.90366
515.00000 0.25024 1614.63283
516.00000 0.25124 1610.36199
517.00000 0.25223 1606.09116
518.00000 0.25320 1601.82033
519.00000 0.25415 1597.54950
520.00000 0.25431 1290.04950
521.00000 0.25510 1593.27866
522.00000 0.25603 1589.00783
523.00000 0.25694 1584.73700
524.00000 0.25785 1580.46616
525.00000 0.25874 1576.19533
526.00000 0.25962 1571.92450
527.00000 0.26048 1567.65366
528.00000 0.26133 1563.38283
529.00000 0.26185 1294.32033
530.00000 0.26217 1559.11200
531.00000 0.26300 1554.84116
532.00000 0.26381 1550.57033
533.00000 0.26461 1546.29950
534.00000 0.26540 1542.02866
535.00000 0.26618 1537.75783
536.00000 0.26694 1533.48700
537.00000 0.26769 1529.21616
538.00000 0.26843 1524.94533
539.00000 0.26916 1520.67450
540.00000 0.26941 1298.59116
541.00000 0.26988 1516.40366
542.00000 0.27058 1512.13283
543.00000 0.27128 1507.86200
544.00000 0.27196 1503.59116
545.00000 0.27263 1499.32033
546.00000 0.27329 1495.04950
547.00000 0.27394 1490.77866
548.00000 0.27457 1486.50783
549.00000 0.27520 1482.23700
550.00000 0.27582 1477.96616
551.00000 0.27642 1473.69533
552.00000 0.27700 1302.86200
553.00000 0.27701 1469.42450
554.00000 0.27760 1465.15366
555.00000 0.27817 1460.88283
556.00000 0.27873 1456.61200
557.00000 0.27928 1452.34116
558.00000 0.27983 1448.07033
559.00000 0.28036 1443.79950
560.00000 0.28088 1439.52866
561.00000 0.28139 1435.25783
562.00000 0.28189 1430.98700
563.00000 0.28239 1426.71616
564.00000 0.28287 1422.44533
565.00000 0.28334 1418.17450
566.00000 0.28380 1413.90366
567.00000 0.28426 1409.63283
568.00000 0.28461 1307.13283
569.00000 0.28470 1405.36200
570.00000 0.28514 1401.09116
571.00000 0.28556 1396.82033
572.00000 0.28598 1392.54950
573.00000 0.28639 1388.27866
574.00000 0.28678 1384.00783
575.00000 0.28717 1379.73700
576.00000 0.28756 1375.46616
577.00000 0.28793 1371.19533
578.00000 0.28829 1366.92450
579.00000 0.28865 1362.65366
580.00000 0.28899 1358.38283
581.00000 0.28933 1354.11200
582.00000 0.28966 1349.84116
583.00000 0.28998 1345.57033
584.00000 0.29029 1341.29950
585.00000 0.29060 1337.02866
586.00000 0.29089 1332.75783
587.00000 0.29118 1328.48700
588.00000 0.29146 1324.21616
589.00000 0.29174 1319.94533
590.00000 0.29200 1315.67450
591.00000 0.29225 1311.39939
592.00000 0.29226 1311.40793
593.00000 0.29226 1311.40366
594.00000 0.29226 1311.40366
