0.00000 0.00000 200.00000
1.00000 0.00000 515.00000
2.00000 0.00000 512.00000
3.00000 0.00000 509.00000
4.00000 0.00000 506.00000
5.00000 0.00000 503.00000
6.00000 0.00000 500.00000
7.00000 0.00000 497.00000
8.00000 0.00000 494.00000
9.00000 0.00000 491.00000
10.00000 0.00000 488.00000
11.00000 0.00000 485.00000
12.00000 0.00000 482.00000
13.00000 0.00000 479.00000
14.00000 0.00000 476.00000
15.00000 0.00000 473.00000
16.00000 0.00000 470.00000
17.00000 0.00000 467.00000
18.00000 0.00000 464.00000
19.00000 0.00000 461.00000
20.00000 0.00000 458.00000
21.00000 0.00000 455.00000
22.00000 0.00000 452.00000
23.00000 0.00000 449.00000
24.00000 0.00000 518.00000
25.00000 0.00000 446.00000
26.00000 0.00000 521.00000
27.00000 0.00000 527.00000
28.00000 0.00000 596.00000
29.00000 0.00000 593.00000
30.00000 0.00000 590.00000
31.00000 0.00000 587.00000
32.00000 0.00000 584.00000
33.00000 0.00000 581.00000
34.00000 0.00000 578.00000
35.00000 0.00000 575.00000
36.00000 0.00000 572.00000
37.00000 0.00000 569.00000
38.00000 0.00000 566.00000
39.00000 0.00000 563.00000
40.00000 0.00000 560.00000
41.00000 0.00000 557.00000
42.00000 0.00000 554.00000
43.00000 0.00000 551.00000
44.00000 0.00000 548.00000
45.00000 0.00000 545.00000
46.00000 0.00000 542.00000
47.00000 0.00000 539.00000
48.00000 0.00000 536.00000
49.00000 0.00000 533.00000
50.00000 0.00000 530.00000
51.00000 0.00000 524.00000
52.00000 0.00000 599.00000
53.00000 0.00000 443.00000
54.00000 0.00000 437.00000
55.00000 0.00000 353.00000
56.00000 0.00000 350.00000
57.00000 0.00000 347.00000
58.00000 0.00000 344.00000
59.00000 0.00000 341.00000
60.00000 0.00000 338.00000
61.00000 0.00000 335.00000
62.00000 0.00000 332.00000
63.00000 0.00000 329.00000
64.00000 0.00000 326.00000
65.00000 0.00000 323.00000
66.00000 0.00000 320.00000
67.00000 0.00000 317.00000
68.00000 0.00000 314.00000
69.00000 0.00000 311.00000
70.00000 0.00000 308.00000
71.00000 0.00000 305.00000
72.00000 0.00000 302.00000
73.00000 0.00000 299.00000
74.00000 0.00000 296.00000
75.00000 0.00000 293.00000
76.00000 0.00000 290.00000
77.00000 0.00000 287.00000
78.00000 0.00000 356.00000
79.00000 0.00000 440.00000
80.00000 0.00000 359.00000
81.00000 0.00000 365.00000
82.00000 0.00000 434.00000
83.00000 0.00000 431.00000
84.00000 0.00000 428.00000
85.00000 0.00000 425.00000
86.00000 0.00000 422.00000
87.00000 0.00000 419.00000
88.00000 0.00000 416.00000
89.00000 0.00000 413.00000
90.00000 0.00000 410.00000
91.00000 0.00000 407.00000
92.00000 0.00000 404.00000
93.00000 0.00000 401.00000
94.00000 0.00000 398.00000
95.00000 0.00000 395.00000
96.00000 0.00000 392.00000
97.00000 0.00000 389.00000
98.00000 0.00000 386.00000
99.00000 0.00000 383.00000
100.00000 0.00000 380.00000
101.00000 0.00000 377.00000
102.00000 0.00000 374.00000
103.00000 0.00000 371.00000
104.00000 0.00000 368.00000
105.00000 0.00000 362.00000
106.00000 0.00000 602.00000
107.00000 0.00000 605.00000
108.00000 0.00000 608.00000
109.00000 0.00000 842.00000
110.00000 0.00000 839.00000
111.00000 0.00000 836.00000
112.00000 0.00000 833.00000
113.00000 0.00000 830.00000
114.00000 0.00000 827.00000
115.00000 0.00000 824.00000
116.00000 0.00000 821.00000
117.00000 0.00000 818.00000
118.00000 0.00000 815.00000
119.00000 0.00000 812.00000
120.00000 0.00000 809.00000
121.00000 0.00000 806.00000
122.00000 0.00000 803.00000
123.00000 0.00000 800.00000
124.00000 0.00000 797.00000
125.00000 0.00000 794.00000
126.00000 0.00000 791.00000
127.00000 0.00000 788.00000
128.00000 0.00000 785.00000
129.00000 0.00000 782.00000
130.00000 0.00000 779.00000
131.00000 0.00000 776.00000
132.00000 0.00000 845.00000
133.00000 0.00000 773.00000
134.00000 0.00000 848.00000
135.00000 0.00000 854.00000
136.00000 0.00000 923.00000
137.00000 0.00000 920.00000
138.00000 0.00000 917.00000
139.00000 0.00000 914.00000
140.00000 0.00000 911.00000
141.00000 0.00000 908.00000
142.00000 0.00000 905.00000
143.00000 0.00000 902.00000
144.00000 0.00000 899.00000
145.00000 0.00000 896.00000
146.00000 0.00000 893.00000
147.00000 0.00000 890.00000
148.00000 0.00000 887.00000
149.00000 0.00000 884.00000
150.00000 0.00000 881.00000
151.00000 0.00000 878.00000
152.00000 0.00000 875.00000
153.00000 0.00000 872.00000
154.00000 0.00000 869.00000
155.00000 0.00000 866.00000
156.00000 0.00000 863.00000
157.00000 0.00000 860.00000
158.00000 0.00000 857.00000
159.00000 0.00000 851.00000
160.00000 0.00000 770.00000
161.00000 0.00000 767.00000
162.00000 0.00000 764.00000
163.00000 0.00000 677.00000
164.00000 0.00000 674.00000
165.00000 0.00000 671.00000
166.00000 0.00000 668.00000
167.00000 0.00000 665.00000
168.00000 0.00000 662.00000
169.00000 0.00000 659.00000
170.00000 0.00000 656.00000
171.00000 0.00000 653.00000
172.00000 0.00000 650.00000
173.00000 0.00000 647.00000
174.00000 0.00000 644.00000
175.00000 0.00000 641.00000
176.00000 0.00000 638.00000
177.00000 0.00000 635.00000
178.00000 0.00000 632.00000
179.00000 0.00000 629.00000
180.00000 0.00000 626.00000
181.00000 0.00000 623.00000
182.00000 0.00000 620.00000
183.00000 0.00000 617.00000
184.00000 0.00000 614.00000
185.00000 0.00000 611.00000
186.00000 0.00000 680.00000
187.00000 0.00000 683.00000
188.00000 0.00000 686.00000
189.00000 0.00000 689.00000
190.00000 0.00000 761.00000
191.00000 0.00000 758.00000
192.00000 0.00000 755.00000
193.00000 0.00000 752.00000
194.00000 0.00000 749.00000
195.00000 0.00000 746.00000
196.00000 0.00000 743.00000
197.00000 0.00000 740.00000
198.00000 0.00000 737.00000
199.00000 0.00000 734.00000
200.00000 0.00000 731.00000
201.00000 0.00000 284.00000
202.00000 0.00000 728.00000
203.00000 0.00000 722.00000
204.00000 0.00000 719.00000
205.00000 0.00000 716.00000
206.00000 0.00000 713.00000
207.00000 0.00000 710.00000
208.00000 0.00000 707.00000
209.00000 0.00000 704.00000
210.00000 0.00000 701.00000
211.00000 0.00000 698.00000
212.00000 0.00000 695.00000
213.00000 0.00000 692.00000
214.00000 0.00000 725.00000
215.00000 0.00000 926.00000
216.00000 0.00000 281.00000
217.00000 0.00000 275.00000
218.00000 0.00000 933.46910
219.00000 0.00000 933.46865
220.00000 0.00000 933.46843
221.00000 0.00000 933.46719
222.00000 0.00000 933.46040
223.00000 0.00000 933.45701
224.00000 0.00000 278.00000
225.00000 0.00000 259.79167
226.00000 0.00000 255.52083
227.00000 0.00000 251.25000
228.00000 0.00000 933.47000
229.00000 0.00000 246.97917
230.00000 0.00000 238.43750
231.00000 0.00000 234.16667
232.00000 0.00000 229.89583
233.00000 0.00000 225.62500
234.00000 0.00000 221.35417
235.00000 0.00000 217.08333
236.00000 0.00000 212.81250
237.00000 0.00000 208.54167
238.00000 0.00000 204.27083
239.00000 0.00000 200.00427
240.00000 0.00000 242.70833
241.00000 0.00000 933.47000
242.00000 0.00000 929.00000
243.00000 0.00000 203.00000
244.00000 0.00000 230.00000
245.00000 0.00000 233.00000
246.00000 0.00000 236.00000
247.00000 0.00000 239.00000
248.00000 0.00000 242.00000
249.00000 0.00000 245.00000
250.00000 0.00000 248.00000
251.00000 0.00000 251.00000
252.00000 0.00000 254.00000
253.00000 0.00000 257.00000
254.00000 0.00000 260.00000
255.00000 0.00000 263.00000
256.00000 0.00000 266.00000
257.00000 0.00000 272.00000
258.00000 0.00000 269.00000
259.00000 0.00000 221.00000
260.00000 0.00000 215.00000
261.00000 0.00000 218.00000
262.00000 0.00000 206.00000
263.00000 0.00000 224.00000
264.00000 0.00000 212.00000
265.00000 0.00000 227.00000
266.00000 0.00000 200.00000
267.00000 0.00000 209.00000
268.00000 0.00001 268.33333
269.00000 0.00001 276.87500
270.00000 0.00001 281.14583
271.00000 0.00001 264.06250
272.00000 0.00001 933.09763
273.00000 0.00001 933.14897
274.00000 0.00001 933.25165
275.00000 0.00001 285.41667
276.00000 0.00001 289.68750
277.00000 0.00001 272.60417
278.00000 0.00002 293.95833
279.00000 0.00002 298.22917
280.00000 0.00002 306.77083
281.00000 0.00002 932.81526
282.00000 0.00002 302.50000
283.00000 0.00003 311.04167
284.00000 0.00003 315.31250
285.00000 0.00003 319.58333
286.00000 0.00004 323.85417
287.00000 0.00004 328.12500
288.00000 0.00005 332.39583
289.00000 0.00005 336.66667
290.00000 0.00006 345.20833
291.00000 0.00006 340.93750
292.00000 0.00007 349.47917
293.00000 0.00008 931.26223
294.00000 0.00008 353.75000
295.00000 0.00009 358.02083
296.00000 0.00009 362.29167
297.00000 0.00010 366.56250
298.00000 0.00011 370.83333
299.00000 0.00011 930.48572
300.00000 0.00012 930.09746
301.00000 0.00012 375.10417
302.00000 0.00013 379.37500
303.00000 0.00014 383.64583
304.00000 0.00016 387.91667
305.00000 0.00017 392.18750
306.00000 0.00018 396.45833
307.00000 0.00020 400.72917
308.00000 0.00021 405.00000
309.00000 0.00023 409.27083
310.00000 0.00024 413.54166
311.00000 0.00026 417.81250
312.00000 0.00028 925.82663
313.00000 0.00028 422.08333
314.00000 0.00030 426.35416
315.00000 0.00032 430.62500
316.00000 0.00034 434.89583
317.00000 0.00036 439.16666
318.00000 0.00039 443.43750
319.00000 0.00041 447.70833
320.00000 0.00044 451.97916
321.00000 0.00046 921.55579
322.00000 0.00046 456.25000
323.00000 0.00049 460.52083
324.00000 0.00052 464.79166
325.00000 0.00055 469.06250
326.00000 0.00058 473.33333
327.00000 0.00061 477.60416
328.00000 0.00064 481.87500
329.00000 0.00065 917.28496
330.00000 0.00067 486.14583
331.00000 0.00071 490.41666
332.00000 0.00074 494.68750
333.00000 0.00078 498.95833
334.00000 0.00082 503.22916
335.00000 0.00086 913.01413
336.00000 0.00086 507.50000
337.00000 0.00090 511.77083
338.00000 0.00094 516.04166
339.00000 0.00098 520.31250
340.00000 0.00102 524.58333
341.00000 0.00107 528.85416
342.00000 0.00108 908.74329
343.00000 0.00111 533.12500
344.00000 0.00116 537.39583
345.00000 0.00121 541.66666
346.00000 0.00126 545.93750
347.00000 0.00131 550.20833
348.00000 0.00132 904.47246
349.00000 0.00136 554.47916
350.00000 0.00141 558.75000
351.00000 0.00147 563.02083
352.00000 0.00152 567.29166
353.00000 0.00157 900.20163
354.00000 0.00158 571.56250
355.00000 0.00164 575.83333
356.00000 0.00169 580.10416
357.00000 0.00175 584.37500
358.00000 0.00181 588.64583
359.00000 0.00184 895.93079
360.00000 0.00188 592.91666
361.00000 0.00194 597.18750
362.00000 0.00201 601.45833
363.00000 0.00207 605.72916
364.00000 0.00212 891.65996
365.00000 0.00214 610.00000
366.00000 0.00221 614.27083
367.00000 0.00227 618.54166
368.00000 0.00235 622.81250
369.00000 0.00242 627.08333
370.00000 0.00242 887.38913
371.00000 0.00249 631.35416
372.00000 0.00256 635.62500
373.00000 0.00264 639.89583
374.00000 0.00271 644.16666
375.00000 0.00274 883.11829
376.00000 0.00279 648.43750
377.00000 0.00287 652.70833
378.00000 0.00295 656.97916
379.00000 0.00303 661.25000
380.00000 0.00308 878.84746
381.00000 0.00311 665.52083
382.00000 0.00319 669.79166
383.00000 0.00327 674.06250
384.00000 0.00336 678.33333
385.00000 0.00344 874.57663
386.00000 0.00344 682.60416
387.00000 0.00353 686.87500
388.00000 0.00362 691.14583
389.00000 0.00370 695.41666
390.00000 0.00379 699.68750
391.00000 0.00382 870.30579
392.00000 0.00388 703.95833
393.00000 0.00397 708.22916
394.00000 0.00407 712.50000
395.00000 0.00416 716.77083
396.00000 0.00423 866.03496
397.00000 0.00425 721.04166
398.00000 0.00435 725.31250
399.00000 0.00444 729.58333
400.00000 0.00454 733.85416
401.00000 0.00464 738.12500
402.00000 0.00465 861.76413
403.00000 0.00473 742.39583
404.00000 0.00483 746.66666
405.00000 0.00493 750.93750
406.00000 0.00503 755.20833
407.00000 0.00510 857.49329
408.00000 0.00513 759.47916
409.00000 0.00524 763.75000
410.00000 0.00534 768.02083
411.00000 0.00544 772.29166
412.00000 0.00555 776.56250
413.00000 0.00558 853.22246
414.00000 0.00565 780.83333
415.00000 0.00576 785.10416
416.00000 0.00586 789.37500
417.00000 0.00597 793.64583
418.00000 0.00608 797.91666
419.00000 0.00608 848.95163
420.00000 0.00618 802.18750
421.00000 0.00629 806.45833
422.00000 0.00640 810.72916
423.00000 0.00651 815.00000
424.00000 0.00661 844.68079
425.00000 0.00662 819.27083
426.00000 0.00673 823.54166
427.00000 0.00684 827.81250
428.00000 0.00695 832.08333
429.00000 0.00707 836.35416
430.00000 0.00717 840.41423
431.00000 0.00717 840.40996
432.00000 0.00717 840.40996
