0.00000 0.25374 840.40996
1.00000 0.25374 840.40996
2.00000 0.25374 840.41423
3.00000 0.25428 836.35416
4.00000 0.25472 844.68079
5.00000 0.25484 832.08333
6.00000 0.25540 827.81250
7.00000 0.25571 848.95163
8.00000 0.25596 823.54166
9.00000 0.25651 819.27083
10.00000 0.25669 853.22246
11.00000 0.25706 815.00000
12.00000 0.25761 810.72916
13.00000 0.25768 857.49329
14.00000 0.25816 806.45833
15.00000 0.25867 861.76413
16.00000 0.25871 802.18750
17.00000 0.25925 797.91666
18.00000 0.25966 866.03496
19.00000 0.25979 793.64583
20.00000 0.26033 789.37500
21.00000 0.26065 870.30579
22.00000 0.26087 785.10416
23.00000 0.26141 780.83333
24.00000 0.26164 874.57663
25.00000 0.26194 776.56250
26.00000 0.26248 772.29166
27.00000 0.26264 878.84746
28.00000 0.26301 768.02083
29.00000 0.26354 763.75000
30.00000 0.26364 883.11829
31.00000 0.26406 759.47916
32.00000 0.26459 755.20833
33.00000 0.26464 887.38913
34.00000 0.26511 750.93750
35.00000 0.26563 746.66666
36.00000 0.26564 891.65996
37.00000 0.26615 742.39583
38.00000 0.26664 895.93079
39.00000 0.26667 738.12500
40.00000 0.26719 733.85416
41.00000 0.26765 900.20163
42.00000 0.26770 729.58333
43.00000 0.26822 725.31250
44.00000 0.26865 904.47246
45.00000 0.26873 721.04166
46.00000 0.26924 716.77083
47.00000 0.26966 908.74329
48.00000 0.26975 712.50000
49.00000 0.27025 708.22916
50.00000 0.27068 913.01413
51.00000 0.27076 703.95833
52.00000 0.27127 699.68750
53.00000 0.27169 917.28496
54.00000 0.27177 695.41666
55.00000 0.27227 691.14583
56.00000 0.27270 921.55579
57.00000 0.27277 686.87500
58.00000 0.27327 682.60416
59.00000 0.27372 925.82663
60.00000 0.27377 678.33333
61.00000 0.27426 674.06250
62.00000 0.27474 930.09746
63.00000 0.27476 669.79166
64.00000 0.27525 665.52083
65.00000 0.27574 661.25000
66.00000 0.27577 934.36829
67.00000 0.27623 656.97916
68.00000 0.27672 652.70833
69.00000 0.27679 938.63913
70.00000 0.27721 648.43750
71.00000 0.27770 644.16666
72.00000 0.27782 942.90996
73.00000 0.27818 639.89583
74.00000 0.27867 635.62500
75.00000 0.27885 947.18079
76.00000 0.27915 631.35416
77.00000 0.27963 627.08333
78.00000 0.27988 951.45163
79.00000 0.28011 622.81250
80.00000 0.28059 618.54166
81.00000 0.28091 955.72246
82.00000 0.28107 614.27083
83.00000 0.28155 610.00000
84.00000 0.28195 959.99329
85.00000 0.28202 605.72916
86.00000 0.28250 601.45833
87.00000 0.28297 597.18750
88.00000 0.28299 964.26413
89.00000 0.28344 592.91666
90.00000 0.28392 588.64583
91.00000 0.28403 968.53496
92.00000 0.28439 584.37500
93.00000 0.28486 580.10416
94.00000 0.28508 972.80579
95.00000 0.28532 575.83333
96.00000 0.28579 571.56250
97.00000 0.28613 977.07663
98.00000 0.28626 567.29166
99.00000 0.28672 563.02083
100.00000 0.28718 981.34746
101.00000 0.28718 558.75000
102.00000 0.28765 554.47916
103.00000 0.28811 550.20833
104.00000 0.28823 985.61829
105.00000 0.28857 545.93750
106.00000 0.28903 541.66666
107.00000 0.28929 989.88912
108.00000 0.28948 537.39583
109.00000 0.28994 533.12500
110.00000 0.29036 994.15996
111.00000 0.29040 528.85416
112.00000 0.29085 524.58333
113.00000 0.29131 520.31250
114.00000 0.29142 998.43079
115.00000 0.29176 516.04166
116.00000 0.29221 511.77083
117.00000 0.29249 1002.70162
118.00000 0.29266 507.50000
119.00000 0.29311 503.22916
120.00000 0.29356 1006.97246
121.00000 0.29356 498.95833
122.00000 0.29400 494.68750
123.00000 0.29445 490.41666
124.00000 0.29464 1011.24329
125.00000 0.29490 486.14583
126.00000 0.29534 481.87500
127.00000 0.29572 1015.51412
128.00000 0.29578 477.60416
129.00000 0.29623 473.33333
130.00000 0.29667 469.06250
131.00000 0.29680 1019.78496
132.00000 0.29711 464.79166
133.00000 0.29755 460.52083
134.00000 0.29789 1024.05579
135.00000 0.29798 456.25000
136.00000 0.29842 451.97916
137.00000 0.29886 447.70833
138.00000 0.29899 1028.32662
139.00000 0.29929 443.43750
140.00000 0.29972 439.16666
141.00000 0.30008 1032.59746
142.00000 0.30016 434.89583
143.00000 0.30059 430.62500
144.00000 0.30102 426.35416
145.00000 0.30118 1036.86829
146.00000 0.30145 422.08333
147.00000 0.30188 417.81250
148.00000 0.30229 1041.13912
149.00000 0.30231 413.54166
150.00000 0.30273 409.27083
151.00000 0.30316 405.00000
152.00000 0.30340 1045.40996
153.00000 0.30358 400.72917
154.00000 0.30401 396.45833
155.00000 0.30443 392.18750
156.00000 0.30451 1049.68079
157.00000 0.30485 387.91667
158.00000 0.30527 383.64583
159.00000 0.30563 1053.95162
160.00000 0.30569 379.37500
161.00000 0.30611 375.10417
162.00000 0.30653 370.83333
163.00000 0.30675 1058.22246
164.00000 0.30694 366.56250
165.00000 0.30736 362.29167
166.00000 0.30777 358.02083
167.00000 0.30788 1062.49329
168.00000 0.30819 353.75000
169.00000 0.30860 349.47917
170.00000 0.30901 345.20833
171.00000 0.30902 1066.76412
172.00000 0.30942 340.93750
173.00000 0.30983 336.66667
174.00000 0.31015 1071.03496
175.00000 0.31024 332.39583
176.00000 0.31065 328.12500
177.00000 0.31105 323.85417
178.00000 0.31130 1075.30579
179.00000 0.31146 319.58333
180.00000 0.31186 315.31250
181.00000 0.31227 311.04167
182.00000 0.31244 1079.57662
183.00000 0.31267 306.77083
184.00000 0.31307 302.50000
185.00000 0.31347 298.22917
186.00000 0.31360 1083.84746
187.00000 0.31387 293.95833
188.00000 0.31427 289.68750
189.00000 0.31467 285.41667
190.00000 0.31476 1088.11829
191.00000 0.31507 281.14583
192.00000 0.31546 276.87500
193.00000 0.31586 272.60417
194.00000 0.31592 1092.38912
195.00000 0.31625 268.33333
196.00000 0.31665 264.06250
197.00000 0.31704 259.79167
198.00000 0.31709 1096.65996
199.00000 0.31743 255.52083
200.00000 0.31782 251.25000
201.00000 0.31821 246.97917
202.00000 0.31826 1100.93079
203.00000 0.31860 242.70833
204.00000 0.31899 238.43750
205.00000 0.31938 234.16667
206.00000 0.31944 1105.20162
207.00000 0.31976 229.89583
208.00000 0.32015 225.62500
209.00000 0.32053 221.35417
210.00000 0.32063 1109.47246
211.00000 0.32092 217.08333
212.00000 0.32130 212.81250
213.00000 0.32168 208.54167
214.00000 0.32182 1113.74329
215.00000 0.32206 204.27083
216.00000 0.32244 200.00427
217.00000 0.32244 200.00000
218.00000 0.32302 1118.01412
219.00000 0.32422 1122.28496
220.00000 0.32543 1126.55579
221.00000 0.32665 1130.82662
222.00000 0.32787 1135.09746
223.00000 0.32910 1139.36829
224.00000 0.33034 1143.63912
225.00000 0.33158 1147.90996
226.00000 0.33283 1152.18079
227.00000 0.33409 1156.45162
228.00000 0.33535 1160.72246
229.00000 0.33662 1164.99329
230.00000 0.33790 1169.26412
231.00000 0.33919 1173.53496
232.00000 0.34048 1177.80579
233.00000 0.34178 1182.07662
234.00000 0.34309 1186.34746
235.00000 0.34441 1190.61829
236.00000 0.34573 1194.88912
237.00000 0.34706 1199.15996
238.00000 0.34841 1203.43079
239.00000 0.34976 1207.70162
240.00000 0.35112 1211.97246
241.00000 0.35249 1216.24329
242.00000 0.35386 1220.51412
243.00000 0.35525 1224.78496
244.00000 0.35665 1229.05579
245.00000 0.35806 1233.32662
246.00000 0.35947 1237.59746
247.00000 0.36090 1241.86829
248.00000 0.36234 1246.13912
249.00000 0.36379 1250.40996
250.00000 0.36525 1254.68079
251.00000 0.36672 1258.95162
252.00000 0.36820 1263.22246
253.00000 0.36970 1267.49329
254.00000 0.37121 1271.76412
255.00000 0.37273 1276.03496
256.00000 0.37426 1280.30579
257.00000 0.37580 1284.57662
258.00000 0.37736 1288.84746
259.00000 0.37894 1293.11829
260.00000 0.38052 1297.38912
261.00000 0.38213 1301.65996
262.00000 0.38374 1305.93079
263.00000 0.38537 1310.20162
264.00000 0.38702 1314.47246
265.00000 0.38869 1318.74329
266.00000 0.39037 1323.01412
267.00000 0.39207 1327.28496
268.00000 0.39378 1331.55579
269.00000 0.39552 1335.82662
270.00000 0.39727 1340.09746
271.00000 0.39905 1344.36829
272.00000 0.40084 1348.63912
273.00000 0.40266 1352.90996
274.00000 0.40449 1357.18079
275.00000 0.40635 1361.45162
276.00000 0.40823 1365.72246
277.00000 0.41014 1369.99329
278.00000 0.41207 1374.26412
279.00000 0.41402 1378.53496
280.00000 0.41601 1382.80579
281.00000 0.41801 1387.07662
282.00000 0.42005 1391.34746
283.00000 0.42212 1395.61829
284.00000 0.42421 1399.88912
285.00000 0.42634 1404.15996
286.00000 0.42850 1408.43079
287.00000 0.43069 1412.70162
288.00000 0.43292 1416.97245
289.00000 0.43518 1421.24329
290.00000 0.43748 1425.51412
291.00000 0.43982 1429.78495
292.00000 0.44219 1434.05579
293.00000 0.44461 1438.32662
294.00000 0.44707 1442.59745
295.00000 0.44957 1446.86829
296.00000 0.45211 1451.13912
297.00000 0.45470 1455.40995
298.00000 0.45734 1459.68079
299.00000 0.46002 1463.95162
300.00000 0.46275 1468.22245
301.00000 0.46553 1472.49329
302.00000 0.46836 1476.76412
303.00000 0.47123 1481.03495
304.00000 0.47416 1485.30579
305.00000 0.47714 1489.57662
306.00000 0.48017 1493.84745
307.00000 0.48326 1498.11829
308.00000 0.48639 1502.38912
309.00000 0.48957 1506.65995
310.00000 0.49281 1510.93079
311.00000 0.49609 1515.20162
312.00000 0.49942 1519.47245
313.00000 0.50279 1523.74329
314.00000 0.50621 1528.01412
315.00000 0.50967 1532.28495
316.00000 0.51318 1536.55579
317.00000 0.51672 1540.82662
318.00000 0.52029 1545.09745
319.00000 0.52389 1549.36829
320.00000 0.52753 1553.63912
321.00000 0.53118 1557.90995
322.00000 0.53486 1562.18079
323.00000 0.53856 1566.45162
324.00000 0.54227 1570.72245
325.00000 0.54599 1574.99329
326.00000 0.54989 1579.26412
327.00000 0.54989 1579.26412
328.00000 0.55089 1576.13691
329.00000 0.55189 1573.00970
330.00000 0.55289 1569.88249
331.00000 0.55389 1566.75528
332.00000 0.55489 1563.62807
333.00000 0.55589 1560.50085
334.00000 0.55689 1557.37364
335.00000 0.55789 1554.24643
336.00000 0.55889 1551.11922
337.00000 0.55989 1547.99201
338.00000 0.56089 1544.86480
339.00000 0.56189 1541.73759
340.00000 0.56289 1538.61038
341.00000 0.56389 1535.48317
342.00000 0.56489 1532.35596
343.00000 0.56589 1529.22875
344.00000 0.56689 1526.10153
345.00000 0.56789 1522.97432
346.00000 0.56889 1519.84711
347.00000 0.56989 1516.71990
348.00000 0.57089 1513.59269
349.00000 0.57189 1510.46548
350.00000 0.57289 1507.33827
351.00000 0.57389 1504.21106
352.00000 0.57489 1501.08385
353.00000 0.57589 1497.95664
354.00000 0.57689 1494.82942
355.00000 0.57789 1491.70221
356.00000 0.57889 1488.57500
357.00000 0.57989 1485.44779
358.00000 0.58089 1482.32058
359.00000 0.58189 1479.19337
360.00000 0.58289 1476.06616
361.00000 0.58389 1472.93895
362.00000 0.58489 1469.81174
363.00000 0.58589 1466.68453
364.00000 0.58689 1463.55732
365.00000 0.58789 1460.43010
366.00000 0.58889 1457.30289
367.00000 0.58989 1454.17568
368.00000 0.59089 1451.04847
369.00000 0.59189 1447.92126
370.00000 0.59289 1444.79405
371.00000 0.59389 1441.66684
372.00000 0.59489 1438.53963
373.00000 0.59589 1435.41242
374.00000 0.59689 1432.28521
375.00000 0.59789 1429.15800
376.00000 0.59889 1426.03078
377.00000 0.59989 1422.90357
378.00000 0.60089 1419.77636
379.00000 0.60189 1416.64915
380.00000 0.60289 1413.52194
381.00000 0.60389 1410.39473
382.00000 0.60489 1407.26752
383.00000 0.60589 1404.14031
384.00000 0.60689 1401.01310
385.00000 0.60789 1397.88589
386.00000 0.60889 1394.75868
387.00000 0.60989 1391.63146
388.00000 0.61089 1388.50425
389.00000 0.61189 1385.37704
390.00000 0.61289 1382.24983
391.00000 0.61389 1379.12262
392.00000 0.61489 1375.99541
393.00000 0.61589 1372.86820
394.00000 0.61689 1369.74099
395.00000 0.61789 1366.61378
396.00000 0.61889 1363.48657
397.00000 0.61989 1360.35935
398.00000 0.62089 1357.23214
399.00000 0.62189 1354.10493
400.00000 0.62289 1350.97772
401.00000 0.62389 1347.85051
402.00000 0.62489 1344.72330
403.00000 0.62589 1341.59609
404.00000 0.62689 1338.46888
405.00000 0.62789 1335.34167
406.00000 0.62889 1332.21446
407.00000 0.62989 1329.08725
408.00000 0.63089 1325.96003
409.00000 0.63189 1322.83282
410.00000 0.63289 1319.70561
411.00000 0.63389 1316.57840
412.00000 0.63489 1313.45119
413.00000 0.63589 1310.32398
414.00000 0.63689 1307.19677
415.00000 0.63789 1304.06956
416.00000 0.63889 1300.94235
417.00000 0.63989 1297.81514
418.00000 0.64089 1294.68793
419.00000 0.64189 1291.56071
420.00000 0.64289 1288.43350
421.00000 0.64389 1285.30629
422.00000 0.64489 1282.17908
423.00000 0.64589 1279.05187
424.00000 0.64689 1275.92466
425.00000 0.64789 1272.79745
426.00000 0.64889 1269.67024
427.00000 0.64989 1266.54303
428.00000 0.65089 1263.41582
429.00000 0.65189 1260.28861
430.00000 0.65289 1257.16139
431.00000 0.65389 1254.03418
432.00000 0.65489 1250.90697
433.00000 0.65589 1247.77976
434.00000 0.65689 1244.65255
435.00000 0.65789 1241.52534
436.00000 0.65889 1238.39813
437.00000 0.65989 1235.27092
438.00000 0.66089 1232.14371
439.00000 0.66189 1229.01650
440.00000 0.66289 1225.88928
441.00000 0.66389 1222.76207
442.00000 0.66489 1219.63486
443.00000 0.66589 1216.50765
444.00000 0.66689 1213.38044
445.00000 0.66789 1210.25323
446.00000 0.66889 1207.12602
447.00000 0.66989 1203.99881
448.00000 0.67089 1200.87160
449.00000 0.67189 1197.74439
450.00000 0.67289 1194.61718
451.00000 0.67389 1191.48996
452.00000 0.67489 1188.36275
453.00000 0.67589 1185.23554
454.00000 0.67689 1182.10833
455.00000 0.67789 1178.98112
456.00000 0.67889 1175.85391
457.00000 0.67989 1172.72670
458.00000 0.68089 1169.59949
459.00000 0.68189 1166.47228
460.00000 0.68289 1163.34507
461.00000 0.68389 1160.21786
462.00000 0.68489 1157.09064
463.00000 0.68589 1153.96343
464.00000 0.68689 1150.83622
465.00000 0.68789 1147.70901
466.00000 0.68889 1144.58180
467.00000 0.68989 1141.45459
468.00000 0.69089 1138.32738
469.00000 0.69189 1135.20017
470.00000 0.69289 1132.07296
471.00000 0.69389 1128.94575
472.00000 0.69489 1125.81854
473.00000 0.69589 1122.69132
474.00000 0.69601 711.86321
475.00000 0.69601 711.86748
476.00000 0.69689 1119.56411
477.00000 0.69692 716.13405
478.00000 0.69789 720.40488
479.00000 0.69789 1116.43690
480.00000 0.69889 1113.30969
481.00000 0.69891 724.67571
482.00000 0.69989 1110.18248
483.00000 0.69998 728.94655
484.00000 0.70089 1107.05527
485.00000 0.70108 733.21738
486.00000 0.70189 1103.92806
487.00000 0.70222 737.48821
488.00000 0.70289 1100.80085
489.00000 0.70339 741.75905
490.00000 0.70389 1097.67364
491.00000 0.70459 746.02988
492.00000 0.70489 1094.54643
493.00000 0.70582 750.30071
494.00000 0.70589 1091.41921
495.00000 0.70689 1088.29200
496.00000 0.70708 754.57155
497.00000 0.70789 1085.16479
498.00000 0.70836 758.84238
499.00000 0.70889 1082.03758
500.00000 0.70967 763.11321
501.00000 0.70989 1078.91037
502.00000 0.71089 1075.78316
503.00000 0.71100 767.38405
504.00000 0.71189 1072.65595
505.00000 0.71235 771.65488
506.00000 0.71289 1069.52874
507.00000 0.71372 775.92571
508.00000 0.71389 1066.40153
509.00000 0.71489 1063.27432
510.00000 0.71512 780.19655
511.00000 0.71589 1060.14711
512.00000 0.71655 784.46738
513.00000 0.71689 1057.01989
514.00000 0.71789 1053.89268
515.00000 0.71799 788.73821
516.00000 0.71889 1050.76547
517.00000 0.71946 793.00905
518.00000 0.71989 1047.63826
519.00000 0.72089 1044.51105
520.00000 0.72095 797.27988
521.00000 0.72189 1041.38384
522.00000 0.72247 801.55071
523.00000 0.72289 1038.25663
524.00000 0.72389 1035.12942
525.00000 0.72401 805.82155
526.00000 0.72489 1032.00221
527.00000 0.72557 810.09238
528.00000 0.72589 1028.87500
529.00000 0.72689 1025.74779
530.00000 0.72716 814.36321
531.00000 0.72789 1022.62057
532.00000 0.72878 818.63405
533.00000 0.72889 1019.49336
534.00000 0.72989 1016.36615
535.00000 0.73043 822.90488
536.00000 0.73089 1013.23894
537.00000 0.73189 1010.11173
538.00000 0.73211 827.17571
539.00000 0.73289 1006.98452
540.00000 0.73381 831.44655
541.00000 0.73389 1003.85731
542.00000 0.73489 1000.73010
543.00000 0.73555 835.71738
544.00000 0.73589 997.60289
545.00000 0.73689 994.47568
546.00000 0.73733 839.98821
547.00000 0.73789 991.34847
548.00000 0.73889 988.22125
549.00000 0.73915 844.25905
550.00000 0.73989 985.09404
551.00000 0.74089 981.96683
552.00000 0.74100 848.52988
553.00000 0.74189 978.83962
554.00000 0.74212 711.86321
555.00000 0.74212 711.85894
556.00000 0.74289 975.71241
557.00000 0.74291 852.80071
558.00000 0.74389 972.58520
559.00000 0.74447 707.59238
560.00000 0.74486 857.07154
561.00000 0.74489 969.45799
562.00000 0.74589 966.33078
563.00000 0.74632 703.32155
564.00000 0.74688 861.34238
565.00000 0.74689 963.20357
566.00000 0.74786 699.05071
567.00000 0.74789 960.07636
568.00000 0.74889 956.94914
569.00000 0.74896 865.61321
570.00000 0.74920 694.77988
571.00000 0.74989 953.82193
572.00000 0.75038 690.50905
573.00000 0.75089 950.69472
574.00000 0.75112 869.88404
575.00000 0.75144 686.23821
576.00000 0.75189 947.56751
577.00000 0.75240 681.96738
578.00000 0.75289 944.44030
579.00000 0.75328 677.69655
580.00000 0.75336 874.15488
581.00000 0.75389 941.31309
582.00000 0.75410 673.42571
583.00000 0.75486 669.15488
584.00000 0.75489 938.18588
585.00000 0.75558 664.88405
586.00000 0.75571 878.42571
587.00000 0.75589 935.05867
588.00000 0.75625 660.61321
589.00000 0.75689 656.34238
590.00000 0.75689 931.93146
591.00000 0.75749 652.07155
592.00000 0.75789 928.80425
593.00000 0.75807 647.80071
594.00000 0.75809 882.69654
595.00000 0.75863 643.52988
596.00000 0.75889 925.67704
597.00000 0.75916 639.25905
598.00000 0.75967 634.98821
599.00000 0.75989 922.54982
600.00000 0.76004 886.96738
601.00000 0.76016 630.71738
602.00000 0.76064 626.44655
603.00000 0.76089 919.42261
604.00000 0.76111 622.17571
605.00000 0.76156 617.90488
606.00000 0.76173 891.23821
607.00000 0.76189 916.29540
608.00000 0.76199 613.63405
609.00000 0.76242 609.36321
610.00000 0.76284 605.09238
611.00000 0.76289 913.16819
612.00000 0.76324 600.82155
613.00000 0.76337 895.50904
614.00000 0.76364 596.55071
615.00000 0.76389 910.04098
616.00000 0.76403 592.27988
617.00000 0.76442 588.00905
618.00000 0.76480 583.73821
619.00000 0.76489 906.91377
620.00000 0.76498 899.77988
621.00000 0.76513 900.16814
622.00000 0.76517 579.46738
623.00000 0.76541 900.94465
624.00000 0.76553 575.19655
625.00000 0.76589 903.78656
626.00000 0.76589 570.92571
627.00000 0.76599 902.49768
628.00000 0.76609 902.78005
629.00000 0.76611 902.83139
630.00000 0.76611 902.84072
631.00000 0.76612 902.86958
632.00000 0.76612 902.86279
633.00000 0.76612 902.85939
634.00000 0.76613 902.88315
635.00000 0.76614 902.91031
636.00000 0.76617 902.91088
637.00000 0.76617 902.91085
638.00000 0.76617 902.91084
639.00000 0.76617 902.91076
640.00000 0.76617 902.91094
641.00000 0.76625 566.65488
642.00000 0.76660 562.38405
643.00000 0.76695 558.11321
644.00000 0.76729 553.84238
645.00000 0.76763 549.57155
646.00000 0.76796 545.30071
647.00000 0.76830 541.02988
648.00000 0.76863 536.75905
649.00000 0.76896 532.48821
650.00000 0.76928 528.21738
651.00000 0.76960 523.94655
652.00000 0.76992 519.67571
653.00000 0.77024 515.40488
654.00000 0.77056 511.13405
655.00000 0.77088 506.86321
656.00000 0.77119 502.59238
657.00000 0.77150 498.32155
658.00000 0.77181 494.05071
659.00000 0.77212 489.77988
660.00000 0.77243 485.50905
661.00000 0.77274 481.23821
662.00000 0.77305 476.96738
663.00000 0.77335 472.69655
664.00000 0.77366 468.42571
665.00000 0.77397 464.15488
666.00000 0.77427 459.88405
667.00000 0.77457 455.61321
668.00000 0.77488 451.34238
669.00000 0.77518 447.07155
670.00000 0.77548 442.80071
671.00000 0.77578 438.52988
672.00000 0.77609 434.25905
673.00000 0.77639 429.98821
674.00000 0.77669 425.71738
675.00000 0.77699 421.44655
676.00000 0.77729 417.17572
677.00000 0.77759 412.90488
678.00000 0.77790 408.63405
679.00000 0.77820 404.36322
680.00000 0.77850 400.09238
681.00000 0.77880 395.82155
682.00000 0.77910 391.55072
683.00000 0.77941 387.27988
684.00000 0.77971 383.00905
685.00000 0.78001 378.73822
686.00000 0.78032 374.46738
687.00000 0.78062 370.19655
688.00000 0.78092 365.92572
689.00000 0.78123 361.65488
690.00000 0.78153 357.38405
691.00000 0.78184 353.11322
692.00000 0.78215 348.84238
693.00000 0.78245 344.57155
694.00000 0.78276 340.30072
695.00000 0.78307 336.02988
696.00000 0.78338 331.75905
697.00000 0.78368 327.48822
698.00000 0.78399 323.21738
699.00000 0.78431 318.94655
700.00000 0.78462 314.67572
701.00000 0.78493 310.40488
702.00000 0.78524 306.13405
703.00000 0.78556 301.86322
704.00000 0.78587 297.59238
705.00000 0.78619 293.32155
706.00000 0.78651 289.05072
707.00000 0.78682 284.77988
708.00000 0.78714 280.50905
709.00000 0.78746 276.23822
710.00000 0.78779 271.96738
711.00000 0.78811 267.69655
712.00000 0.78843 263.42572
713.00000 0.78876 259.15488
714.00000 0.78909 254.88405
715.00000 0.78942 250.61322
716.00000 0.78975 246.34238
717.00000 0.79008 242.07155
718.00000 0.79041 237.80072
719.00000 0.79075 233.52988
720.00000 0.79108 229.25905
721.00000 0.79142 224.98822
722.00000 0.79176 220.71738
723.00000 0.79211 216.44655
724.00000 0.79245 212.17572
725.00000 0.79280 207.90488
726.00000 0.79315 203.63405
727.00000 0.79345 200.00000
