0.00000 0.55311 1583.53495
1.00000 0.55311 1583.53495
2.00000 0.55411 1580.33998
3.00000 0.55511 1577.14501
4.00000 0.55611 1573.95005
5.00000 0.55636 1587.80579
6.00000 0.55711 1570.75508
7.00000 0.55811 1567.56011
8.00000 0.55911 1564.36514
9.00000 0.55966 1592.07662
10.00000 0.56011 1561.17017
11.00000 0.56111 1557.97521
12.00000 0.56211 1554.78024
13.00000 0.56299 1596.34745
14.00000 0.56311 1551.58527
15.00000 0.56411 1548.39030
16.00000 0.56511 1545.19534
17.00000 0.56611 1542.00037
18.00000 0.56637 1600.61829
19.00000 0.56711 1538.80540
20.00000 0.56811 1535.61043
21.00000 0.56911 1532.41546
22.00000 0.56979 1604.88912
23.00000 0.57011 1529.22050
24.00000 0.57111 1526.02553
25.00000 0.57211 1522.83056
26.00000 0.57311 1519.63559
27.00000 0.57326 1609.15995
28.00000 0.57411 1516.44062
29.00000 0.57511 1513.24566
30.00000 0.57611 1510.05069
31.00000 0.57678 1613.43079
32.00000 0.57711 1506.85572
33.00000 0.57811 1503.66075
34.00000 0.57911 1500.46578
35.00000 0.58011 1497.27082
36.00000 0.58034 1617.70162
37.00000 0.58111 1494.07585
38.00000 0.58211 1490.88088
39.00000 0.58311 1487.68591
40.00000 0.58396 1621.97245
41.00000 0.58411 1484.49095
42.00000 0.58511 1481.29598
43.00000 0.58611 1478.10101
44.00000 0.58711 1474.90604
45.00000 0.58762 1626.24329
46.00000 0.58811 1471.71107
47.00000 0.58911 1468.51611
48.00000 0.59011 1465.32114
49.00000 0.59111 1462.12617
50.00000 0.59134 1630.51412
51.00000 0.59211 1458.93120
52.00000 0.59311 1455.73623
53.00000 0.59411 1452.54127
54.00000 0.59511 1449.34630
55.00000 0.59512 1634.78495
56.00000 0.59611 1446.15133
57.00000 0.59711 1442.95636
58.00000 0.59811 1439.76139
59.00000 0.59895 1639.05579
60.00000 0.59911 1436.56643
61.00000 0.60011 1433.37146
62.00000 0.60111 1430.17649
63.00000 0.60211 1426.98152
64.00000 0.60283 1643.32662
65.00000 0.60311 1423.78656
66.00000 0.60411 1420.59159
67.00000 0.60511 1417.39662
68.00000 0.60611 1414.20165
69.00000 0.60678 1647.59745
70.00000 0.60711 1411.00668
71.00000 0.60811 1407.81172
72.00000 0.60911 1404.61675
73.00000 0.61011 1401.42178
74.00000 0.61079 1651.86829
75.00000 0.61111 1398.22681
76.00000 0.61211 1395.03184
77.00000 0.61311 1391.83688
78.00000 0.61411 1388.64191
79.00000 0.61487 1656.13912
80.00000 0.61511 1385.44694
81.00000 0.61611 1382.25197
82.00000 0.61711 1379.05700
83.00000 0.61811 1375.86204
84.00000 0.61902 1660.40995
85.00000 0.61911 1372.66707
86.00000 0.62011 1369.47210
87.00000 0.62111 1366.27713
88.00000 0.62211 1363.08217
89.00000 0.62311 1359.88720
90.00000 0.62323 1664.68079
91.00000 0.62411 1356.69223
92.00000 0.62511 1353.49726
93.00000 0.62611 1350.30229
94.00000 0.62711 1347.10733
95.00000 0.62752 1668.95162
96.00000 0.62811 1343.91236
97.00000 0.62911 1340.71739
98.00000 0.63011 1337.52242
99.00000 0.63111 1334.32745
100.00000 0.63188 1673.22245
101.00000 0.63211 1331.13249
102.00000 0.63311 1327.93752
103.00000 0.63411 1324.74255
104.00000 0.63511 1321.54758
105.00000 0.63611 1318.35261
106.00000 0.63633 1677.49329
107.00000 0.63711 1315.15765
108.00000 0.63811 1311.96268
109.00000 0.63911 1308.76771
110.00000 0.64011 1305.57274
111.00000 0.64085 1681.76412
112.00000 0.64111 1302.37778
113.00000 0.64211 1299.18281
114.00000 0.64311 1295.98784
115.00000 0.64411 1292.79287
116.00000 0.64511 1289.59790
117.00000 0.64546 1686.03495
118.00000 0.64611 1286.40294
119.00000 0.64711 1283.20797
120.00000 0.64811 1280.01300
121.00000 0.64911 1276.81803
122.00000 0.65011 1273.62306
123.00000 0.65016 1690.30579
124.00000 0.65111 1270.42810
125.00000 0.65211 1267.23313
126.00000 0.65311 1264.03816
127.00000 0.65411 1260.84319
128.00000 0.65495 1694.57662
129.00000 0.65511 1257.64823
130.00000 0.65611 1254.45326
131.00000 0.65711 1251.25829
132.00000 0.65811 1248.06332
133.00000 0.65911 1244.86835
134.00000 0.65985 1698.84745
135.00000 0.66011 1241.67339
136.00000 0.66111 1238.47842
137.00000 0.66211 1235.28345
138.00000 0.66311 1232.08848
139.00000 0.66411 1228.89351
140.00000 0.66484 1703.11829
141.00000 0.66511 1225.69855
142.00000 0.66611 1222.50358
143.00000 0.66711 1219.30861
144.00000 0.66811 1216.11364
145.00000 0.66911 1212.91867
146.00000 0.66995 1707.38912
147.00000 0.67011 1209.72371
148.00000 0.67111 1206.52874
149.00000 0.67211 1203.33377
150.00000 0.67311 1200.13880
151.00000 0.67411 1196.94384
152.00000 0.67511 1193.74887
153.00000 0.67516 1711.65995
154.00000 0.67611 1190.55390
155.00000 0.67711 1187.35893
156.00000 0.67811 1184.16396
157.00000 0.67911 1180.96900
158.00000 0.68011 1177.77403
159.00000 0.68050 1715.93079
160.00000 0.68111 1174.57906
161.00000 0.68211 1171.38409
162.00000 0.68311 1168.18912
163.00000 0.68411 1164.99416
164.00000 0.68511 1161.79919
165.00000 0.68597 1720.20162
166.00000 0.68611 1158.60422
167.00000 0.68711 1155.40925
168.00000 0.68811 1152.21428
169.00000 0.68911 1149.01932
170.00000 0.69011 1145.82435
171.00000 0.69111 1142.62938
172.00000 0.69157 1724.47245
173.00000 0.69211 1139.43441
174.00000 0.69311 1136.23945
175.00000 0.69411 1133.04448
176.00000 0.69511 1129.84951
177.00000 0.69611 1126.65454
178.00000 0.69700 1728.51312
179.00000 0.69702 1728.53003
180.00000 0.69711 1123.45957
181.00000 0.69731 1728.74329
182.00000 0.69811 1120.26461
183.00000 0.69911 1117.06964
184.00000 0.70011 1113.87467
185.00000 0.70111 1110.67970
186.00000 0.70211 1107.48473
187.00000 0.70277 1732.69996
188.00000 0.70311 1104.28977
189.00000 0.70321 1733.01412
190.00000 0.70411 1101.09480
191.00000 0.70511 1097.89983
192.00000 0.70611 1094.70486
193.00000 0.70711 1091.50989
194.00000 0.70811 1088.31493
195.00000 0.70852 1736.76464
196.00000 0.70911 1085.11996
197.00000 0.70927 1737.28495
198.00000 0.71011 1081.92499
199.00000 0.71111 1078.73002
200.00000 0.71211 1075.53506
201.00000 0.71311 1072.34009
202.00000 0.71411 1069.14512
203.00000 0.71428 1740.72528
204.00000 0.71511 1065.95015
205.00000 0.71550 1741.55579
206.00000 0.71611 1062.75518
207.00000 0.71711 1059.56022
208.00000 0.71811 1056.36525
209.00000 0.71911 1053.17028
210.00000 0.72003 1744.58302
211.00000 0.72011 1049.97531
212.00000 0.72111 1046.78034
213.00000 0.72193 1745.82662
214.00000 0.72211 1043.58538
215.00000 0.72311 1040.39041
216.00000 0.72411 1037.19544
217.00000 0.72511 1034.00047
218.00000 0.72580 1748.33893
219.00000 0.72611 1030.80550
220.00000 0.72711 1027.61054
221.00000 0.72811 1024.41557
222.00000 0.72855 1750.09745
223.00000 0.72911 1021.22060
224.00000 0.73011 1018.02563
225.00000 0.73111 1014.83067
226.00000 0.73156 1751.99402
227.00000 0.73211 1011.63570
228.00000 0.73311 1008.44073
229.00000 0.73411 1005.24576
230.00000 0.73511 1002.05079
231.00000 0.73540 1754.36829
232.00000 0.73611 998.85583
233.00000 0.73711 995.66086
234.00000 0.73733 1755.54923
235.00000 0.73811 992.46589
236.00000 0.73911 989.27092
237.00000 0.74011 986.07595
238.00000 0.74111 982.88099
239.00000 0.74211 979.68602
240.00000 0.74248 1758.63912
241.00000 0.74310 1759.00544
242.00000 0.74311 976.49105
243.00000 0.74411 973.29608
244.00000 0.74511 970.10111
245.00000 0.74611 966.90615
246.00000 0.74711 963.71118
247.00000 0.74811 960.51621
248.00000 0.74888 1762.36343
249.00000 0.74911 957.32124
250.00000 0.74984 1762.90995
251.00000 0.75011 954.12628
252.00000 0.75111 950.93131
253.00000 0.75211 947.73634
254.00000 0.75311 944.54137
255.00000 0.75411 941.34640
256.00000 0.75466 1765.62395
257.00000 0.75511 938.15144
258.00000 0.75611 934.95647
259.00000 0.75711 931.76150
260.00000 0.75748 1767.18079
261.00000 0.75811 928.56653
262.00000 0.75911 925.37156
263.00000 0.76011 922.17660
264.00000 0.76044 1768.78763
265.00000 0.76111 918.98163
266.00000 0.76211 915.78666
267.00000 0.76311 912.59169
268.00000 0.76411 909.39672
269.00000 0.76511 906.20176
270.00000 0.76546 1771.45162
271.00000 0.76582 711.86321
272.00000 0.76582 711.85894
273.00000 0.76582 711.86321
274.00000 0.76582 711.86748
275.00000 0.76587 707.59238
276.00000 0.76594 703.32155
277.00000 0.76594 716.13405
278.00000 0.76601 699.05071
279.00000 0.76606 720.40488
280.00000 0.76610 694.77988
281.00000 0.76611 903.00679
282.00000 0.76614 902.91094
283.00000 0.76614 902.91088
284.00000 0.76614 902.91085
285.00000 0.76614 902.91084
286.00000 0.76614 902.91076
287.00000 0.76614 902.91094
288.00000 0.76617 902.84072
289.00000 0.76617 902.91031
290.00000 0.76617 902.88315
291.00000 0.76617 902.86958
292.00000 0.76617 902.86279
293.00000 0.76617 902.85939
294.00000 0.76617 902.83139
295.00000 0.76617 902.78005
296.00000 0.76618 902.49768
297.00000 0.76619 724.67571
298.00000 0.76620 690.50905
299.00000 0.76623 900.94465
300.00000 0.76623 1771.85508
301.00000 0.76625 900.16814
302.00000 0.76626 899.77988
303.00000 0.76630 686.23821
304.00000 0.76630 728.94655
305.00000 0.76640 895.50904
306.00000 0.76641 681.96738
307.00000 0.76642 733.21738
308.00000 0.76653 677.69655
309.00000 0.76654 737.48821
310.00000 0.76654 891.23821
311.00000 0.76665 741.75905
312.00000 0.76665 673.42571
313.00000 0.76668 886.96738
314.00000 0.76676 746.02988
315.00000 0.76678 669.15488
316.00000 0.76687 750.30071
317.00000 0.76692 664.88405
318.00000 0.76696 882.69654
319.00000 0.76698 754.57155
320.00000 0.76706 660.61321
321.00000 0.76708 758.84238
322.00000 0.76718 763.11321
323.00000 0.76721 656.34238
324.00000 0.76723 878.42571
325.00000 0.76728 767.38405
326.00000 0.76736 652.07155
327.00000 0.76737 771.65488
328.00000 0.76745 874.15488
329.00000 0.76746 775.92571
330.00000 0.76752 647.80071
331.00000 0.76755 780.19655
332.00000 0.76761 869.88404
333.00000 0.76763 784.46738
334.00000 0.76768 643.52988
335.00000 0.76771 788.73821
336.00000 0.76775 865.61321
337.00000 0.76778 793.00905
338.00000 0.76785 639.25905
339.00000 0.76785 797.27988
340.00000 0.76786 861.34238
341.00000 0.76791 801.55071
342.00000 0.76795 857.07154
343.00000 0.76796 805.82155
344.00000 0.76801 810.09238
345.00000 0.76802 634.98821
346.00000 0.76802 852.80071
347.00000 0.76806 814.36321
348.00000 0.76807 848.52988
349.00000 0.76809 818.63405
350.00000 0.76811 844.25905
351.00000 0.76812 822.90488
352.00000 0.76813 839.98821
353.00000 0.76814 835.71738
354.00000 0.76814 827.17571
355.00000 0.76815 831.44655
356.00000 0.76819 630.71738
357.00000 0.76837 626.44655
358.00000 0.76856 622.17571
359.00000 0.76874 617.90488
360.00000 0.76894 613.63405
361.00000 0.76913 609.36321
362.00000 0.76933 605.09238
363.00000 0.76953 600.82155
364.00000 0.76974 596.55071
365.00000 0.76995 592.27988
366.00000 0.77016 588.00905
367.00000 0.77038 583.73821
368.00000 0.77060 579.46738
369.00000 0.77082 575.19655
370.00000 0.77105 570.92571
371.00000 0.77128 566.65488
372.00000 0.77151 562.38405
373.00000 0.77174 558.11321
374.00000 0.77198 553.84238
375.00000 0.77202 1774.82677
376.00000 0.77222 549.57155
377.00000 0.77247 545.30071
378.00000 0.77271 541.02988
379.00000 0.77296 536.75905
380.00000 0.77321 532.48821
381.00000 0.77347 528.21738
382.00000 0.77373 523.94655
383.00000 0.77380 1775.72245
384.00000 0.77399 519.67571
385.00000 0.77425 515.40488
386.00000 0.77452 511.13405
387.00000 0.77478 506.86321
388.00000 0.77506 502.59238
389.00000 0.77533 498.32155
390.00000 0.77560 494.05071
391.00000 0.77588 489.77988
392.00000 0.77616 485.50905
393.00000 0.77645 481.23821
394.00000 0.77673 476.96738
395.00000 0.77702 472.69655
396.00000 0.77731 468.42571
397.00000 0.77760 464.15488
398.00000 0.77781 1777.70315
399.00000 0.77790 459.88405
400.00000 0.77820 455.61321
401.00000 0.77850 451.34238
402.00000 0.77880 447.07155
403.00000 0.77910 442.80071
404.00000 0.77941 438.52988
405.00000 0.77972 434.25905
406.00000 0.78003 429.98821
407.00000 0.78034 425.71738
408.00000 0.78066 421.44655
409.00000 0.78098 417.17572
410.00000 0.78130 412.90488
411.00000 0.78162 408.63405
412.00000 0.78195 404.36322
413.00000 0.78227 400.09238
414.00000 0.78257 1779.99329
415.00000 0.78260 395.82155
416.00000 0.78293 391.55072
417.00000 0.78327 387.27988
418.00000 0.78360 383.00905
419.00000 0.78361 1780.48454
420.00000 0.78394 378.73822
421.00000 0.78428 374.46738
422.00000 0.78463 370.19655
423.00000 0.78497 365.92572
424.00000 0.78532 361.65488
425.00000 0.78567 357.38405
426.00000 0.78602 353.11322
427.00000 0.78637 348.84238
428.00000 0.78673 344.57155
429.00000 0.78709 340.30072
430.00000 0.78745 336.02988
431.00000 0.78781 331.75905
432.00000 0.78818 327.48822
433.00000 0.78855 323.21738
434.00000 0.78892 318.94655
435.00000 0.78929 314.67572
436.00000 0.78941 1783.17121
437.00000 0.78967 310.40488
438.00000 0.79004 306.13405
439.00000 0.79042 301.86322
440.00000 0.79081 297.59238
441.00000 0.79119 293.32155
442.00000 0.79158 289.05072
443.00000 0.79183 1784.26412
444.00000 0.79197 284.77988
445.00000 0.79236 280.50905
446.00000 0.79276 276.23822
447.00000 0.79315 271.96738
448.00000 0.79355 267.69655
449.00000 0.79396 263.42572
450.00000 0.79436 259.15488
451.00000 0.79477 254.88405
452.00000 0.79518 250.61322
453.00000 0.79522 1785.76333
454.00000 0.79560 246.34238
455.00000 0.79601 242.07155
456.00000 0.79643 237.80072
457.00000 0.79686 233.52988
458.00000 0.79728 229.25905
459.00000 0.79771 224.98822
460.00000 0.79815 220.71738
461.00000 0.79858 216.44655
462.00000 0.79902 212.17572
463.00000 0.79946 207.90488
464.00000 0.79991 203.63405
465.00000 0.80029 200.00000
466.00000 0.80102 1788.26099
467.00000 0.80168 1788.53495
468.00000 0.80684 1790.66417
469.00000 0.81222 1792.80579
470.00000 0.81847 1795.18666
471.00000 0.82365 1797.07662
472.00000 0.83012 1799.32883
473.00000 0.83624 1801.34745
474.00000 0.84179 1803.08712
475.00000 0.85044 1805.61829
476.00000 0.85348 1806.45619
477.00000 0.86519 1809.42882
478.00000 0.86716 1809.88912
479.00000 0.87692 1811.99776
480.00000 0.88869 1814.14751
481.00000 0.88876 1814.15995
482.00000 0.89119 1814.54821
483.00000 0.89643 1815.32472
484.00000 0.90049 1815.86606
485.00000 0.90954 1816.87776
486.00000 0.91234 1817.13661
487.00000 0.91261 1817.16012
488.00000 0.92027 1817.72486
489.00000 0.92205 1817.82754
490.00000 0.92425 1817.93924
491.00000 0.92642 1818.03290
492.00000 0.92741 1818.07024
493.00000 0.92783 1818.08501
494.00000 0.92866 1818.11271
495.00000 0.93034 1818.16073
496.00000 0.93370 1818.22704
497.00000 0.93623 1818.25047
498.00000 0.94044 1818.23844
499.00000 0.94832 1818.04276
500.00000 0.95403 1817.75732
501.00000 0.96053 1817.28391
502.00000 0.96633 1816.72582
503.00000 0.97292 1815.93641
504.00000 0.97776 1437.11806
505.00000 0.97776 1432.84722
506.00000 0.97777 1428.57639
507.00000 0.97778 1441.38889
508.00000 0.97779 1424.30556
509.00000 0.97780 1445.65972
510.00000 0.97782 1420.03472
511.00000 0.97783 1449.93056
512.00000 0.97786 1415.76389
513.00000 0.97788 1454.20139
514.00000 0.97791 1411.49306
515.00000 0.97793 1458.47222
516.00000 0.97798 1407.22222
517.00000 0.97799 1462.74306
518.00000 0.97805 1402.95139
519.00000 0.97807 1467.01389
520.00000 0.97813 1398.68056
521.00000 0.97816 1471.28472
522.00000 0.97823 1394.40972
523.00000 0.97826 1475.55556
524.00000 0.97833 1390.13889
525.00000 0.97836 1479.82639
526.00000 0.97845 1385.86806
527.00000 0.97848 1484.09722
528.00000 0.97858 1381.59722
529.00000 0.97862 1488.36806
530.00000 0.97871 1377.32639
531.00000 0.97876 1492.63889
532.00000 0.97884 1815.08484
533.00000 0.97886 1373.05556
534.00000 0.97891 1496.90972
535.00000 0.97902 1368.78472
536.00000 0.97908 1501.18056
537.00000 0.97920 1364.51389
538.00000 0.97925 1505.45139
539.00000 0.97938 1360.24306
540.00000 0.97944 1509.72222
541.00000 0.97958 1355.97222
542.00000 0.97965 1513.99306
543.00000 0.97978 1351.70139
544.00000 0.97986 1518.26389
545.00000 0.98000 1347.43056
546.00000 0.98009 1522.53472
547.00000 0.98023 1343.15972
548.00000 0.98033 1526.80556
549.00000 0.98048 1338.88889
550.00000 0.98058 1531.07639
551.00000 0.98073 1334.61806
552.00000 0.98084 1535.34722
553.00000 0.98100 1330.34722
554.00000 0.98112 1539.61806
555.00000 0.98128 1326.07639
556.00000 0.98142 1543.88889
557.00000 0.98157 1321.80556
558.00000 0.98173 1548.15972
559.00000 0.98188 1317.53472
560.00000 0.98205 1552.43056
561.00000 0.98220 1313.26389
562.00000 0.98239 1556.70139
563.00000 0.98253 1308.99306
564.00000 0.98274 1560.97222
565.00000 0.98288 1304.72222
566.00000 0.98311 1565.23878
567.00000 0.98311 1565.24733
568.00000 0.98311 1565.24306
569.00000 0.98311 1565.24306
570.00000 0.98324 1300.45139
571.00000 0.98350 1569.51389
572.00000 0.98362 1296.18056
573.00000 0.98390 1573.78472
574.00000 0.98401 1291.90972
575.00000 0.98433 1578.05556
576.00000 0.98442 1287.63889
577.00000 0.98477 1582.32639
578.00000 0.98484 1283.36806
579.00000 0.98523 1586.59722
580.00000 0.98528 1279.09722
581.00000 0.98555 1813.95701
582.00000 0.98571 1590.86806
583.00000 0.98573 1274.82639
584.00000 0.98620 1270.55556
585.00000 0.98622 1595.13889
586.00000 0.98669 1266.28472
587.00000 0.98674 1599.40972
588.00000 0.98719 1262.01389
589.00000 0.98729 1603.68056
590.00000 0.98771 1257.74306
591.00000 0.98787 1607.95139
592.00000 0.98825 1253.47222
593.00000 0.98847 1612.22222
594.00000 0.98881 1249.20139
595.00000 0.98910 1616.49306
596.00000 0.98939 1244.93056
597.00000 0.98976 1620.76389
598.00000 0.98999 1240.65972
599.00000 0.99046 1625.03472
600.00000 0.99061 1236.38889
601.00000 0.99119 1629.30556
602.00000 0.99125 1232.11806
603.00000 0.99164 1812.78830
604.00000 0.99191 1227.84722
605.00000 0.99195 1633.57639
606.00000 0.99259 1223.57639
607.00000 0.99276 1637.84722
608.00000 0.99330 1219.30556
609.00000 0.99362 1642.11805
610.00000 0.99403 1215.03472
611.00000 0.99452 1646.38889
612.00000 0.99479 1210.76389
613.00000 0.99549 1650.65972
614.00000 0.99557 1206.49306
615.00000 0.99638 1202.22223
616.00000 0.99652 1654.93055
617.00000 0.99722 1197.95139
618.00000 0.99762 1659.20139
619.00000 0.99809 1193.68056
620.00000 0.99818 1811.37853
621.00000 0.99854 1811.29715
622.00000 0.99880 1663.47222
623.00000 0.99892 1663.86048
624.00000 0.99899 1189.40973
625.00000 0.99908 1189.02147
626.00000 0.99914 1664.63699
627.00000 0.99924 1188.24495
628.00000 0.99937 1811.10716
629.00000 0.99958 1186.69192
630.00000 0.99961 1666.19002
631.00000 0.99965 1186.40955
632.00000 0.99970 1666.47239
633.00000 0.99977 1185.84481
634.00000 0.99978 1811.01109
635.00000 0.99984 1810.99506
636.00000 0.99987 1667.03713
637.00000 0.99990 1667.13981
638.00000 0.99994 1810.97088
639.00000 0.99997 1667.34517
640.00000 0.99998 1667.38251
641.00000 0.99998 1667.38930
642.00000 0.99998 1667.40288
643.00000 0.99999 1667.43003
644.00000 0.99999 1810.96008
645.00000 0.99999 1810.95856
646.00000 0.99999 1810.95878
647.00000 1.00000 794.00000
648.00000 1.00000 863.00000
649.00000 1.00000 791.00000
650.00000 1.00000 743.00000
651.00000 1.00000 740.00000
652.00000 1.00000 737.00000
653.00000 1.00000 734.00000
654.00000 1.00000 731.00000
655.00000 1.00000 728.00000
656.00000 1.00000 788.00000
657.00000 1.00000 749.00000
658.00000 1.00000 785.00000
659.00000 1.00000 779.00000
660.00000 1.00000 860.00000
661.00000 1.00000 776.00000
662.00000 1.00000 770.00000
663.00000 1.00000 764.00000
664.00000 1.00000 761.00000
665.00000 1.00000 758.00000
666.00000 1.00000 755.00000
667.00000 1.00000 752.00000
668.00000 1.00000 782.00000
669.00000 1.00000 746.00000
670.00000 1.00000 1810.95726
671.00000 1.00000 800.00000
672.00000 1.00000 866.00000
673.00000 1.00000 773.00000
674.00000 1.00000 767.00000
675.00000 1.00000 842.00000
676.00000 1.00000 857.00000
677.00000 1.00000 944.00000
678.00000 1.00000 941.00000
679.00000 1.00000 938.00000
680.00000 1.00000 935.00000
681.00000 1.00000 932.00000
682.00000 1.00000 929.00000
683.00000 1.00000 926.00000
684.00000 1.00000 923.00000
685.00000 1.00000 920.00000
686.00000 1.00000 1025.00000
687.00000 1.00000 917.00000
688.00000 1.00000 914.00000
689.00000 1.00000 908.00000
690.00000 1.00000 905.00000
691.00000 1.00000 902.00000
692.00000 1.00000 899.00000
693.00000 1.00000 896.00000
694.00000 1.00000 893.00000
695.00000 1.00000 890.00000
696.00000 1.00000 887.00000
697.00000 1.00000 947.00000
698.00000 1.00000 884.00000
699.00000 1.00000 1028.00000
700.00000 1.00000 1142.00000
701.00000 1.00000 1169.00000
702.00000 1.00000 1166.00000
703.00000 1.00000 1163.00000
704.00000 1.00000 1160.00000
705.00000 1.00000 1157.00000
706.00000 1.00000 1154.00000
707.00000 1.00000 1151.00000
708.00000 1.00000 1148.00000
709.00000 1.00000 1034.00000
710.00000 1.00000 1031.00000
711.00000 1.00000 1145.00000
712.00000 1.00000 1136.00000
713.00000 1.00000 1133.00000
714.00000 1.00000 1130.00000
715.00000 1.00000 1127.00000
716.00000 1.00000 1124.00000
717.00000 1.00000 1121.00000
718.00000 1.00000 1118.00000
719.00000 1.00000 1115.00000
720.00000 1.00000 1112.00000
721.00000 1.00000 1139.00000
722.00000 1.00000 1172.00000
723.00000 1.00000 881.00000
724.00000 1.00000 875.00000
725.00000 1.00000 989.00000
726.00000 1.00000 566.00000
727.00000 1.00000 377.00000
728.00000 1.00000 560.00000
729.00000 1.00000 1779.00000
730.00000 1.00000 1776.00000
731.00000 1.00000 1773.00000
732.00000 1.00000 1770.00000
733.00000 1.00000 1767.00000
734.00000 1.00000 959.00000
735.00000 1.00000 1764.00000
736.00000 1.00000 1758.00000
737.00000 1.00000 1755.00000
738.00000 1.00000 1752.00000
739.00000 1.00000 1749.00000
740.00000 1.00000 1746.00000
741.00000 1.00000 1743.00000
742.00000 1.00000 1740.00000
743.00000 1.00000 1737.00000
744.00000 1.00000 1734.00000
745.00000 1.00000 1761.00000
746.00000 1.00000 911.00000
747.00000 1.00000 962.00000
748.00000 1.00000 968.00000
749.00000 1.00000 950.00000
750.00000 1.00000 956.00000
751.00000 1.00000 1022.00000
752.00000 1.00000 1019.00000
753.00000 1.00000 1016.00000
754.00000 1.00000 1013.00000
755.00000 1.00000 1010.00000
756.00000 1.00000 1007.00000
757.00000 1.00000 1004.00000
758.00000 1.00000 965.00000
759.00000 1.00000 1001.00000
760.00000 1.00000 995.00000
761.00000 1.00000 953.00000
762.00000 1.00000 992.00000
763.00000 1.00000 986.00000
764.00000 1.00000 983.00000
765.00000 1.00000 980.00000
766.00000 1.00000 977.00000
767.00000 1.00000 974.00000
768.00000 1.00000 971.00000
769.00000 1.00000 998.00000
770.00000 1.00000 1731.00000
771.00000 1.00000 1175.00000
772.00000 1.00000 1106.00000
773.00000 1.00000 614.00000
774.00000 1.00000 611.00000
775.00000 1.00000 608.00000
776.00000 1.00000 638.00000
777.00000 1.00000 605.00000
778.00000 1.00000 599.00000
779.00000 1.00000 596.00000
780.00000 1.00000 593.00000
781.00000 1.00000 590.00000
782.00000 1.00000 617.00000
783.00000 1.00000 587.00000
784.00000 1.00000 581.00000
785.00000 1.00000 578.00000
786.00000 1.00000 575.00000
787.00000 1.00000 572.00000
788.00000 1.00000 602.00000
789.00000 1.00000 719.00000
790.00000 1.00000 869.00000
791.00000 1.00000 647.00000
792.00000 1.00000 713.00000
793.00000 1.00000 584.00000
794.00000 1.00000 710.00000
795.00000 1.00000 620.00000
796.00000 1.00000 626.00000
797.00000 1.00000 839.00000
798.00000 1.00000 836.00000
799.00000 1.00000 833.00000
800.00000 1.00000 830.00000
801.00000 1.00000 827.00000
802.00000 1.00000 824.00000
803.00000 1.00000 821.00000
804.00000 1.00000 818.00000
805.00000 1.00000 815.00000
806.00000 1.00000 623.00000
807.00000 1.00000 812.00000
808.00000 1.00000 806.00000
809.00000 1.00000 803.00000
810.00000 1.00000 797.00000
811.00000 1.00000 722.00000
812.00000 1.00000 641.00000
813.00000 1.00000 716.00000
814.00000 1.00000 635.00000
815.00000 1.00000 632.00000
816.00000 1.00000 629.00000
817.00000 1.00000 809.00000
818.00000 1.00000 1109.00000
819.00000 1.00000 707.00000
820.00000 1.00000 701.00000
821.00000 1.00000 1088.00000
822.00000 1.00000 1085.00000
823.00000 1.00000 1082.00000
824.00000 1.00000 1079.00000
825.00000 1.00000 1076.00000
826.00000 1.00000 1073.00000
827.00000 1.00000 1070.00000
828.00000 1.00000 1067.00000
829.00000 1.00000 1064.00000
830.00000 1.00000 1091.00000
831.00000 1.00000 1061.00000
832.00000 1.00000 1055.00000
833.00000 1.00000 1052.00000
834.00000 1.00000 1049.00000
835.00000 1.00000 1046.00000
836.00000 1.00000 1043.00000
837.00000 1.00000 1040.00000
838.00000 1.00000 1037.00000
839.00000 1.00000 1100.00000
840.00000 1.00000 1103.00000
841.00000 1.00000 569.00000
842.00000 1.00000 704.00000
843.00000 1.00000 1094.00000
844.00000 1.00000 878.00000
845.00000 1.00000 698.00000
846.00000 1.00000 695.00000
847.00000 1.00000 692.00000
848.00000 1.00000 689.00000
849.00000 1.00000 686.00000
850.00000 1.00000 644.00000
851.00000 1.00000 683.00000
852.00000 1.00000 677.00000
853.00000 1.00000 674.00000
854.00000 1.00000 1097.00000
855.00000 1.00000 671.00000
856.00000 1.00000 665.00000
857.00000 1.00000 662.00000
858.00000 1.00000 659.00000
859.00000 1.00000 656.00000
860.00000 1.00000 653.00000
861.00000 1.00000 650.00000
862.00000 1.00000 680.00000
863.00000 1.00000 872.00000
864.00000 1.00000 1058.00000
865.00000 1.00000 668.00000
866.00000 1.00000 845.00000
867.00000 1.00000 1728.00000
868.00000 1.00000 1722.00000
869.00000 1.00000 527.00000
870.00000 1.00000 521.00000
871.00000 1.00000 518.00000
872.00000 1.00000 515.00000
873.00000 1.00000 512.00000
874.00000 1.00000 509.00000
875.00000 1.00000 506.00000
876.00000 1.00000 503.00000
877.00000 1.00000 500.00000
878.00000 1.00000 488.00000
879.00000 1.00000 497.00000
880.00000 1.00000 524.00000
881.00000 1.00000 563.00000
882.00000 1.00000 410.00000
883.00000 1.00000 404.00000
884.00000 1.00000 323.00000
885.00000 1.00000 320.00000
886.00000 1.00000 317.00000
887.00000 1.00000 314.00000
888.00000 1.00000 311.00000
889.00000 1.00000 494.00000
890.00000 1.00000 308.00000
891.00000 1.00000 530.00000
892.00000 1.00000 536.00000
893.00000 1.00000 440.00000
894.00000 1.00000 437.00000
895.00000 1.00000 434.00000
896.00000 1.00000 431.00000
897.00000 1.00000 428.00000
898.00000 1.00000 425.00000
899.00000 1.00000 422.00000
900.00000 1.00000 419.00000
901.00000 1.00000 416.00000
902.00000 1.00000 533.00000
903.00000 1.00000 446.00000
904.00000 1.00000 485.00000
905.00000 1.00000 491.00000
906.00000 1.00000 557.00000
907.00000 1.00000 554.00000
908.00000 1.00000 551.00000
909.00000 1.00000 548.00000
910.00000 1.00000 545.00000
911.00000 1.00000 542.00000
912.00000 1.00000 539.00000
913.00000 1.00000 413.00000
914.00000 1.00000 443.00000
915.00000 1.00000 305.00000
916.00000 1.00000 299.00000
917.00000 1.00000 380.00000
918.00000 1.00000 1810.95726
919.00000 1.00000 374.00000
920.00000 1.00000 332.00000
921.00000 1.00000 371.00000
922.00000 1.00000 365.00000
923.00000 1.00000 362.00000
924.00000 1.00000 359.00000
925.00000 1.00000 356.00000
926.00000 1.00000 383.00000
927.00000 1.00000 353.00000
928.00000 1.00000 347.00000
929.00000 1.00000 344.00000
930.00000 1.00000 341.00000
931.00000 1.00000 338.00000
932.00000 1.00000 368.00000
933.00000 1.00000 1181.00000
934.00000 1.00000 848.00000
935.00000 1.00000 851.00000
936.00000 1.00000 854.00000
937.00000 1.00000 350.00000
938.00000 1.00000 302.00000
939.00000 1.00000 386.00000
940.00000 1.00000 392.00000
941.00000 1.00000 296.00000
942.00000 1.00000 326.00000
943.00000 1.00000 293.00000
944.00000 1.00000 287.00000
945.00000 1.00000 284.00000
946.00000 1.00000 281.00000
947.00000 1.00000 278.00000
948.00000 1.00000 275.00000
949.00000 1.00000 272.00000
950.00000 1.00000 389.00000
951.00000 1.00000 269.00000
952.00000 1.00000 263.00000
953.00000 1.00000 260.00000
954.00000 1.00000 290.00000
955.00000 1.00000 407.00000
956.00000 1.00000 329.00000
957.00000 1.00000 335.00000
958.00000 1.00000 401.00000
959.00000 1.00000 398.00000
960.00000 1.00000 395.00000
961.00000 1.00000 266.00000
962.00000 1.00000 1725.00000
963.00000 1.00000 449.00000
964.00000 1.00000 452.00000
965.00000 1.00000 1800.00000
966.00000 1.00000 1797.00000
967.00000 1.00000 1794.00000
968.00000 1.00000 212.00000
969.00000 1.00000 1713.00000
970.00000 1.00000 1710.00000
971.00000 1.00000 1707.00000
972.00000 1.00000 1184.68245
973.00000 1.00000 1184.68253
974.00000 1.00000 1803.00000
975.00000 1.00000 1184.68258
976.00000 1.00000 1184.68261
977.00000 1.00000 1184.68262
978.00000 1.00000 1184.68265
979.00000 1.00000 1184.68266
980.00000 1.00000 1184.68274
981.00000 1.00000 1184.68278
982.00000 1.00000 1184.68243
983.00000 1.00000 1184.68525
984.00000 1.00000 1184.69327
985.00000 1.00000 1184.68260
986.00000 1.00000 1184.69667
987.00000 1.00000 1806.00000
988.00000 1.00000 200.00000
989.00000 1.00000 1719.00000
990.00000 1.00000 1782.00000
991.00000 1.00000 1785.00000
992.00000 1.00000 1788.00000
993.00000 1.00000 1791.00000
994.00000 1.00000 245.00000
995.00000 1.00000 242.00000
996.00000 1.00000 239.00000
997.00000 1.00000 236.00000
998.00000 1.00000 1809.00000
999.00000 1.00000 233.00000
1000.00000 1.00000 227.00000
1001.00000 1.00000 224.00000
1002.00000 1.00000 221.00000
1003.00000 1.00000 218.00000
1004.00000 1.00000 1716.00000
1005.00000 1.00000 215.00000
1006.00000 1.00000 209.00000
1007.00000 1.00000 206.00000
1008.00000 1.00000 203.00000
1009.00000 1.00000 230.00000
1010.00000 1.00000 482.00000
1011.00000 1.00000 1184.71534
1012.00000 1.00000 1810.95781
1013.00000 1.00000 1667.55859
1014.00000 1.00000 1667.55851
1015.00000 1.00000 1667.55803
1016.00000 1.00000 1667.55542
1017.00000 1.00000 1667.55412
1018.00000 1.00000 1667.55346
1019.00000 1.00000 1667.51396
1020.00000 1.00000 1671.00000
1021.00000 1.00000 251.00000
1022.00000 1.00000 1667.55861
1023.00000 1.00000 254.00000
1024.00000 1.00000 479.00000
1025.00000 1.00000 476.00000
1026.00000 1.00000 473.00000
1027.00000 1.00000 470.00000
1028.00000 1.00000 467.00000
1029.00000 1.00000 464.00000
1030.00000 1.00000 461.00000
1031.00000 1.00000 458.00000
1032.00000 1.00000 455.00000
1033.00000 1.00000 257.00000
1034.00000 1.00000 1178.00000
1035.00000 1.00000 1667.55861
1036.00000 1.00000 1674.00000
1037.00000 1.00000 1810.95743
1038.00000 1.00000 1810.95733
1039.00000 1.00000 1810.95729
1040.00000 1.00000 1810.95726
1041.00000 1.00000 1810.95726
1042.00000 1.00000 1184.68649
1043.00000 1.00000 725.00000
1044.00000 1.00000 1184.68243
1045.00000 1.00000 1667.49422
1046.00000 1.00000 1668.00000
1047.00000 1.00000 1704.00000
1048.00000 1.00000 1698.00000
1049.00000 1.00000 1695.00000
1050.00000 1.00000 1692.00000
1051.00000 1.00000 1689.00000
1052.00000 1.00000 1686.00000
1053.00000 1.00000 1683.00000
1054.00000 1.00000 1680.00000
1055.00000 1.00000 1677.00000
1056.00000 1.00000 1667.48434
1057.00000 1.00000 1701.00000
1058.00000 1.00000 248.00000
