0.00000 0.00000 404.00000
1.00000 0.00000 1448.00000
2.00000 0.00000 1451.00000
3.00000 0.00000 1454.00000
4.00000 0.00000 1457.00000
5.00000 0.00000 1460.00000
6.00000 0.00000 1463.00000
7.00000 0.00000 1466.00000
8.00000 0.00000 1469.00000
9.00000 0.00000 1472.00000
10.00000 0.00000 1475.00000
11.00000 0.00000 1478.00000
12.00000 0.00000 1481.00000
13.00000 0.00000 1484.00000
14.00000 0.00000 1487.00000
15.00000 0.00000 1490.00000
16.00000 0.00000 1445.00000
17.00000 0.00000 1442.00000
18.00000 0.00000 1439.00000
19.00000 0.00000 1436.00000
20.00000 0.00000 1388.00000
21.00000 0.00000 1391.00000
22.00000 0.00000 1394.00000
23.00000 0.00000 1397.00000
24.00000 0.00000 1400.00000
25.00000 0.00000 1403.00000
26.00000 0.00000 1406.00000
27.00000 0.00000 1493.00000
28.00000 0.00000 1409.00000
29.00000 0.00000 1415.00000
30.00000 0.00000 1418.00000
31.00000 0.00000 1421.00000
32.00000 0.00000 1424.00000
33.00000 0.00000 1427.00000
34.00000 0.00000 1430.00000
35.00000 0.00000 1433.00000
36.00000 0.00000 1412.00000
37.00000 0.00000 1385.00000
38.00000 0.00000 1496.00000
39.00000 0.00000 1502.00000
40.00000 0.00000 1565.00000
41.00000 0.00000 1568.00000
42.00000 0.00000 1571.00000
43.00000 0.00000 1574.00000
44.00000 0.00000 1577.00000
45.00000 0.00000 1580.00000
46.00000 0.00000 1583.00000
47.00000 0.00000 1586.00000
48.00000 0.00000 1589.00000
49.00000 0.00000 1592.00000
50.00000 0.00000 1595.00000
51.00000 0.00000 1598.00000
52.00000 0.00000 1601.00000
53.00000 0.00000 1604.00000
54.00000 0.00000 1607.00000
55.00000 0.00000 1562.00000
56.00000 0.00000 1559.00000
57.00000 0.00000 1556.00000
58.00000 0.00000 1553.00000
59.00000 0.00000 1505.00000
60.00000 0.00000 1508.00000
61.00000 0.00000 1511.00000
62.00000 0.00000 1514.00000
63.00000 0.00000 1517.00000
64.00000 0.00000 1520.00000
65.00000 0.00000 1523.00000
66.00000 0.00000 1499.00000
67.00000 0.00000 1526.00000
68.00000 0.00000 1532.00000
69.00000 0.00000 1535.00000
70.00000 0.00000 1538.00000
71.00000 0.00000 1541.00000
72.00000 0.00000 1544.00000
73.00000 0.00000 1547.00000
74.00000 0.00000 1550.00000
75.00000 0.00000 1529.00000
76.00000 0.00000 1382.00000
77.00000 0.00000 1379.00000
78.00000 0.00000 1376.00000
79.00000 0.00000 260.00000
80.00000 0.00000 257.00000
81.00000 0.00000 254.00000
82.00000 0.00000 251.00000
83.00000 0.00000 248.00000
84.00000 0.00000 245.00000
85.00000 0.00000 242.00000
86.00000 0.00000 239.00000
87.00000 0.00000 236.00000
88.00000 0.00000 233.00000
89.00000 0.00000 230.00000
90.00000 0.00000 227.00000
91.00000 0.00000 224.00000
92.00000 0.00000 221.00000
93.00000 0.00000 218.00000
94.00000 0.00000 263.00000
95.00000 0.00000 266.00000
96.00000 0.00000 269.00000
97.00000 0.00000 272.00000
98.00000 0.00000 320.00000
99.00000 0.00000 317.00000
100.00000 0.00000 314.00000
101.00000 0.00000 311.00000
102.00000 0.00000 308.00000
103.00000 0.00000 305.00000
104.00000 0.00000 302.00000
105.00000 0.00000 215.00000
106.00000 0.00000 299.00000
107.00000 0.00000 293.00000
108.00000 0.00000 290.00000
109.00000 0.00000 287.00000
110.00000 0.00000 284.00000
111.00000 0.00000 281.00000
112.00000 0.00000 278.00000
113.00000 0.00000 275.00000
114.00000 0.00000 296.00000
115.00000 0.00000 212.00000
116.00000 0.00000 209.00000
117.00000 0.00000 206.00000
118.00000 0.00000 1328.00000
119.00000 0.00000 1331.00000
120.00000 0.00000 1334.00000
121.00000 0.00000 1337.00000
122.00000 0.00000 1340.00000
123.00000 0.00000 1343.00000
124.00000 0.00000 1346.00000
125.00000 0.00000 1325.00000
126.00000 0.00000 1349.00000
127.00000 0.00000 1355.00000
128.00000 0.00000 1358.00000
129.00000 0.00000 1361.00000
130.00000 0.00000 1364.00000
131.00000 0.00000 1367.00000
132.00000 0.00000 1370.00000
133.00000 0.00000 1373.00000
134.00000 0.00000 1352.00000
135.00000 0.00000 1610.00000
136.00000 0.00000 1322.00000
137.00000 0.00000 1316.00000
138.00000 0.00000 203.00000
139.00000 0.00000 200.00000
140.00000 0.00000 1274.00000
141.00000 0.00000 1277.00000
142.00000 0.00000 1280.00000
143.00000 0.00000 1283.00000
144.00000 0.00000 1286.00000
145.00000 0.00000 1319.00000
146.00000 0.00000 1289.00000
147.00000 0.00000 1295.00000
148.00000 0.00000 1298.00000
149.00000 0.00000 1301.00000
150.00000 0.00000 1304.00000
151.00000 0.00000 1307.00000
152.00000 0.00000 1310.00000
153.00000 0.00000 1313.00000
154.00000 0.00000 1292.00000
155.00000 0.00000 323.00000
156.00000 0.00000 1613.00000
157.00000 0.00000 1619.00000
158.00000 0.00000 1919.00000
159.00000 0.00000 1922.00000
160.00000 0.00000 1925.00000
161.00000 0.00000 1928.00000
162.00000 0.00000 1931.00000
163.00000 0.00000 1934.00000
164.00000 0.00000 1937.00000
165.00000 0.00000 1940.00000
166.00000 0.00000 1943.00000
167.00000 0.00000 1946.00000
168.00000 0.00000 1949.00000
169.00000 0.00000 1952.00000
170.00000 0.00000 1955.00000
171.00000 0.00000 1958.00000
172.00000 0.00000 1961.00000
173.00000 0.00000 1916.00000
174.00000 0.00000 1913.00000
175.00000 0.00000 1910.00000
176.00000 0.00000 1907.00000
177.00000 0.00000 1859.00000
178.00000 0.00000 1862.00000
179.00000 0.00000 1865.00000
180.00000 0.00000 1868.00000
181.00000 0.00000 1871.00000
182.00000 0.00000 1874.00000
183.00000 0.00000 1877.00000
184.00000 0.00000 1964.00000
185.00000 0.00000 1880.00000
186.00000 0.00000 1886.00000
187.00000 0.00000 1889.00000
188.00000 0.00000 1892.00000
189.00000 0.00000 1895.00000
190.00000 0.00000 1898.00000
191.00000 0.00000 1901.00000
192.00000 0.00000 1904.00000
193.00000 0.00000 1883.00000
194.00000 0.00000 1856.00000
195.00000 0.00000 1967.00000
196.00000 0.00000 1973.00000
197.00000 0.00000 2036.00000
198.00000 0.00000 2039.00000
199.00000 0.00000 2042.00000
200.00000 0.00000 2045.00000
201.00000 0.00000 2048.00000
202.00000 0.00000 2051.00000
203.00000 0.00000 2054.00000
204.00000 0.00000 2057.00000
205.00000 0.00000 2060.00000
206.00000 0.00000 1265.00000
207.00000 0.00000 2066.00000
208.00000 0.00000 2069.00000
209.00000 0.00000 2072.00000
210.00000 0.00000 2075.00000
211.00000 0.00000 2078.00000
212.00000 0.00000 2033.00000
213.00000 0.00000 2030.00000
214.00000 0.00000 2027.00000
215.00000 0.00000 2024.00000
216.00000 0.00000 1976.00000
217.00000 0.00000 1979.00000
218.00000 0.00000 1982.00000
219.00000 0.00000 1985.00000
220.00000 0.00000 1988.00000
221.00000 0.00000 1991.00000
222.00000 0.00000 1994.00000
223.00000 0.00000 1970.00000
224.00000 0.00000 1997.00000
225.00000 0.00000 2003.00000
226.00000 0.00000 2006.00000
227.00000 0.00000 2009.00000
228.00000 0.00000 2012.00000
229.00000 0.00000 2015.00000
230.00000 0.00000 2018.00000
231.00000 0.00000 2021.00000
232.00000 0.00000 2000.00000
233.00000 0.00000 1853.00000
234.00000 0.00000 1850.00000
235.00000 0.00000 1847.00000
236.00000 0.00000 1682.00000
237.00000 0.00000 1685.00000
238.00000 0.00000 1688.00000
239.00000 0.00000 1691.00000
240.00000 0.00000 1694.00000
241.00000 0.00000 1697.00000
242.00000 0.00000 1700.00000
243.00000 0.00000 1703.00000
244.00000 0.00000 1706.00000
245.00000 0.00000 1709.00000
246.00000 0.00000 1712.00000
247.00000 0.00000 1715.00000
248.00000 0.00000 1718.00000
249.00000 0.00000 1721.00000
250.00000 0.00000 1724.00000
251.00000 0.00000 1679.00000
252.00000 0.00000 1676.00000
253.00000 0.00000 1673.00000
254.00000 0.00000 1670.00000
255.00000 0.00000 1622.00000
256.00000 0.00000 1625.00000
257.00000 0.00000 1628.00000
258.00000 0.00000 1631.00000
259.00000 0.00000 1634.00000
260.00000 0.00000 1637.00000
261.00000 0.00000 1640.00000
262.00000 0.00000 1727.00000
263.00000 0.00000 1643.00000
264.00000 0.00000 1649.00000
265.00000 0.00000 1652.00000
266.00000 0.00000 1655.00000
267.00000 0.00000 1658.00000
268.00000 0.00000 1661.00000
269.00000 0.00000 1664.00000
270.00000 0.00000 1667.00000
271.00000 0.00000 1646.00000
272.00000 0.00000 1730.00000
273.00000 0.00000 1733.00000
274.00000 0.00000 1736.00000
275.00000 0.00000 1799.00000
276.00000 0.00000 1802.00000
277.00000 0.00000 1805.00000
278.00000 0.00000 1808.00000
279.00000 0.00000 1811.00000
280.00000 0.00000 1814.00000
281.00000 0.00000 1817.00000
282.00000 0.00000 1796.00000
283.00000 0.00000 1820.00000
284.00000 0.00000 1826.00000
285.00000 0.00000 1829.00000
286.00000 0.00000 1832.00000
287.00000 0.00000 1835.00000
288.00000 0.00000 1838.00000
289.00000 0.00000 1841.00000
290.00000 0.00000 1844.00000
291.00000 0.00000 1823.00000
292.00000 0.00000 1616.00000
293.00000 0.00000 1793.00000
294.00000 0.00000 1787.00000
295.00000 0.00000 1739.00000
296.00000 0.00000 1742.00000
297.00000 0.00000 1745.00000
298.00000 0.00000 1748.00000
299.00000 0.00000 1751.00000
300.00000 0.00000 1754.00000
301.00000 0.00000 1757.00000
302.00000 0.00000 1790.00000
303.00000 0.00000 1760.00000
304.00000 0.00000 1766.00000
305.00000 0.00000 1769.00000
306.00000 0.00000 1772.00000
307.00000 0.00000 1775.00000
308.00000 0.00000 1778.00000
309.00000 0.00000 1781.00000
310.00000 0.00000 1784.00000
311.00000 0.00000 1763.00000
312.00000 0.00000 2081.00000
313.00000 0.00000 326.00000
314.00000 0.00000 332.00000
315.00000 0.00000 965.00000
316.00000 0.00000 962.00000
317.00000 0.00000 959.00000
318.00000 0.00000 956.00000
319.00000 0.00000 953.00000
320.00000 0.00000 950.00000
321.00000 0.00000 947.00000
322.00000 0.00000 944.00000
323.00000 0.00000 941.00000
324.00000 0.00000 938.00000
325.00000 0.00000 935.00000
326.00000 0.00000 932.00000
327.00000 0.00000 929.00000
328.00000 0.00000 926.00000
329.00000 0.00000 923.00000
330.00000 0.00000 968.00000
331.00000 0.00000 971.00000
332.00000 0.00000 974.00000
333.00000 0.00000 977.00000
334.00000 0.00000 1025.00000
335.00000 0.00000 1022.00000
336.00000 0.00000 1019.00000
337.00000 0.00000 1016.00000
338.00000 0.00000 1013.00000
339.00000 0.00000 1010.00000
340.00000 0.00000 1007.00000
341.00000 0.00000 920.00000
342.00000 0.00000 1004.00000
343.00000 0.00000 998.00000
344.00000 0.00000 995.00000
345.00000 0.00000 992.00000
346.00000 0.00000 989.00000
347.00000 0.00000 986.00000
348.00000 0.00000 983.00000
349.00000 0.00000 980.00000
350.00000 0.00000 1001.00000
351.00000 0.00000 1028.00000
352.00000 0.00000 917.00000
353.00000 0.00000 911.00000
354.00000 0.00000 848.00000
355.00000 0.00000 845.00000
356.00000 0.00000 842.00000
357.00000 0.00000 839.00000
358.00000 0.00000 836.00000
359.00000 0.00000 833.00000
360.00000 0.00000 830.00000
361.00000 0.00000 827.00000
362.00000 0.00000 824.00000
363.00000 0.00000 821.00000
364.00000 0.00000 818.00000
365.00000 0.00000 815.00000
366.00000 0.00000 812.00000
367.00000 0.00000 809.00000
368.00000 0.00000 806.00000
369.00000 0.00000 851.00000
370.00000 0.00000 854.00000
371.00000 0.00000 857.00000
372.00000 0.00000 860.00000
373.00000 0.00000 908.00000
374.00000 0.00000 905.00000
375.00000 0.00000 902.00000
376.00000 0.00000 899.00000
377.00000 0.00000 896.00000
378.00000 0.00000 893.00000
379.00000 0.00000 890.00000
380.00000 0.00000 914.00000
381.00000 0.00000 887.00000
382.00000 0.00000 881.00000
383.00000 0.00000 878.00000
384.00000 0.00000 875.00000
385.00000 0.00000 872.00000
386.00000 0.00000 869.00000
387.00000 0.00000 866.00000
388.00000 0.00000 863.00000
389.00000 0.00000 884.00000
390.00000 0.00000 1031.00000
391.00000 0.00000 1034.00000
392.00000 0.00000 1037.00000
393.00000 0.00000 1202.00000
394.00000 0.00000 1199.00000
395.00000 0.00000 1196.00000
396.00000 0.00000 1193.00000
397.00000 0.00000 1190.00000
398.00000 0.00000 1187.00000
399.00000 0.00000 1184.00000
400.00000 0.00000 1181.00000
401.00000 0.00000 1178.00000
402.00000 0.00000 1175.00000
403.00000 0.00000 1172.00000
404.00000 0.00000 1169.00000
405.00000 0.00000 1166.00000
406.00000 0.00000 1163.00000
407.00000 0.00000 1160.00000
408.00000 0.00000 1205.00000
409.00000 0.00000 1208.00000
410.00000 0.00000 1211.00000
411.00000 0.00000 1214.00000
412.00000 0.00000 1262.00000
413.00000 0.00000 1259.00000
414.00000 0.00000 1256.00000
415.00000 0.00000 1253.00000
416.00000 0.00000 1250.00000
417.00000 0.00000 1247.00000
418.00000 0.00000 1244.00000
419.00000 0.00000 1157.00000
420.00000 0.00000 1241.00000
421.00000 0.00000 1235.00000
422.00000 0.00000 1232.00000
423.00000 0.00000 1229.00000
424.00000 0.00000 1226.00000
425.00000 0.00000 1223.00000
426.00000 0.00000 1220.00000
427.00000 0.00000 1217.00000
428.00000 0.00000 1238.00000
429.00000 0.00000 1154.00000
430.00000 0.00000 1151.00000
431.00000 0.00000 1148.00000
432.00000 0.00000 1085.00000
433.00000 0.00000 1082.00000
434.00000 0.00000 1079.00000
435.00000 0.00000 1076.00000
436.00000 0.00000 1073.00000
437.00000 0.00000 1070.00000
438.00000 0.00000 1067.00000
439.00000 0.00000 1088.00000
440.00000 0.00000 1064.00000
441.00000 0.00000 1058.00000
442.00000 0.00000 1055.00000
443.00000 0.00000 1052.00000
444.00000 0.00000 1049.00000
445.00000 0.00000 1046.00000
446.00000 0.00000 1043.00000
447.00000 0.00000 1040.00000
448.00000 0.00000 1061.00000
449.00000 0.00000 803.00000
450.00000 0.00000 1091.00000
451.00000 0.00000 1097.00000
452.00000 0.00000 1145.00000
453.00000 0.00000 1142.00000
454.00000 0.00000 1139.00000
455.00000 0.00000 1136.00000
456.00000 0.00000 1133.00000
457.00000 0.00000 1130.00000
458.00000 0.00000 1127.00000
459.00000 0.00000 1094.00000
460.00000 0.00000 1124.00000
461.00000 0.00000 1118.00000
462.00000 0.00000 1115.00000
463.00000 0.00000 1112.00000
464.00000 0.00000 1109.00000
465.00000 0.00000 1106.00000
466.00000 0.00000 1103.00000
467.00000 0.00000 1100.00000
468.00000 0.00000 1121.00000
469.00000 0.00000 329.00000
470.00000 0.00000 800.00000
471.00000 0.00000 794.00000
472.00000 0.00000 494.00000
473.00000 0.00000 491.00000
474.00000 0.00000 488.00000
475.00000 0.00000 485.00000
476.00000 0.00000 482.00000
477.00000 0.00000 479.00000
478.00000 0.00000 476.00000
479.00000 0.00000 473.00000
480.00000 0.00000 470.00000
481.00000 0.00000 467.00000
482.00000 0.00000 464.00000
483.00000 0.00000 461.00000
484.00000 0.00000 458.00000
485.00000 0.00000 455.00000
486.00000 0.00000 452.00000
487.00000 0.00000 497.00000
488.00000 0.00000 500.00000
489.00000 0.00000 503.00000
490.00000 0.00000 506.00000
491.00000 0.00000 554.00000
492.00000 0.00000 551.00000
493.00000 0.00000 548.00000
494.00000 0.00000 545.00000
495.00000 0.00000 542.00000
496.00000 0.00000 539.00000
497.00000 0.00000 536.00000
498.00000 0.00000 449.00000
499.00000 0.00000 533.00000
500.00000 0.00000 527.00000
501.00000 0.00000 524.00000
502.00000 0.00000 521.00000
503.00000 0.00000 518.00000
504.00000 0.00000 515.00000
505.00000 0.00000 512.00000
506.00000 0.00000 509.00000
507.00000 0.00000 530.00000
508.00000 0.00000 557.00000
509.00000 0.00000 446.00000
510.00000 0.00000 440.00000
511.00000 0.00000 377.00000
512.00000 0.00000 374.00000
513.00000 0.00000 371.00000
514.00000 0.00000 368.00000
515.00000 0.00000 365.00000
516.00000 0.00000 362.00000
517.00000 0.00000 359.00000
518.00000 0.00000 356.00000
519.00000 0.00000 353.00000
520.00000 0.00000 350.00000
521.00000 0.00000 347.00000
522.00000 0.00000 344.00000
523.00000 0.00000 341.00000
524.00000 0.00000 338.00000
525.00000 0.00000 335.00000
526.00000 0.00000 380.00000
527.00000 0.00000 383.00000
528.00000 0.00000 386.00000
529.00000 0.00000 389.00000
530.00000 0.00000 437.00000
531.00000 0.00000 434.00000
532.00000 0.00000 431.00000
533.00000 0.00000 428.00000
534.00000 0.00000 425.00000
535.00000 0.00000 422.00000
536.00000 0.00000 419.00000
537.00000 0.00000 443.00000
538.00000 0.00000 416.00000
539.00000 0.00000 410.00000
540.00000 0.00000 407.00000
541.00000 0.00000 1271.00000
542.00000 0.00000 401.00000
543.00000 0.00000 398.00000
544.00000 0.00000 395.00000
545.00000 0.00000 392.00000
546.00000 0.00000 413.00000
547.00000 0.00000 560.00000
548.00000 0.00000 563.00000
549.00000 0.00000 566.00000
550.00000 0.00000 731.00000
551.00000 0.00000 728.00000
552.00000 0.00000 725.00000
553.00000 0.00000 722.00000
554.00000 0.00000 719.00000
555.00000 0.00000 716.00000
556.00000 0.00000 713.00000
557.00000 0.00000 710.00000
558.00000 0.00000 707.00000
559.00000 0.00000 704.00000
560.00000 0.00000 701.00000
561.00000 0.00000 698.00000
562.00000 0.00000 695.00000
563.00000 0.00000 692.00000
564.00000 0.00000 689.00000
565.00000 0.00000 734.00000
566.00000 0.00000 737.00000
567.00000 0.00000 740.00000
568.00000 0.00000 743.00000
569.00000 0.00000 791.00000
570.00000 0.00000 788.00000
571.00000 0.00000 785.00000
572.00000 0.00000 782.00000
573.00000 0.00000 779.00000
574.00000 0.00000 776.00000
575.00000 0.00000 773.00000
576.00000 0.00000 686.00000
577.00000 0.00000 770.00000
578.00000 0.00000 764.00000
579.00000 0.00000 761.00000
580.00000 0.00000 758.00000
581.00000 0.00000 755.00000
582.00000 0.00000 752.00000
583.00000 0.00000 749.00000
584.00000 0.00000 746.00000
585.00000 0.00000 767.00000
586.00000 0.00000 683.00000
587.00000 0.00000 680.00000
588.00000 0.00000 677.00000
589.00000 0.00000 614.00000
590.00000 0.00000 611.00000
591.00000 0.00000 608.00000
592.00000 0.00000 605.00000
593.00000 0.00000 602.00000
594.00000 0.00000 599.00000
595.00000 0.00000 596.00000
596.00000 0.00000 617.00000
597.00000 0.00000 593.00000
598.00000 0.00000 587.00000
599.00000 0.00000 584.00000
600.00000 0.00000 581.00000
601.00000 0.00000 578.00000
602.00000 0.00000 575.00000
603.00000 0.00000 572.00000
604.00000 0.00000 569.00000
605.00000 0.00000 590.00000
606.00000 0.00000 797.00000
607.00000 0.00000 620.00000
608.00000 0.00000 626.00000
609.00000 0.00000 674.00000
610.00000 0.00000 671.00000
611.00000 0.00000 668.00000
612.00000 0.00000 665.00000
613.00000 0.00000 662.00000
614.00000 0.00000 659.00000
615.00000 0.00000 656.00000
616.00000 0.00000 623.00000
617.00000 0.00000 653.00000
618.00000 0.00000 647.00000
619.00000 0.00000 644.00000
620.00000 0.00000 641.00000
621.00000 0.00000 638.00000
622.00000 0.00000 635.00000
623.00000 0.00000 632.00000
624.00000 0.00000 629.00000
625.00000 0.00000 650.00000
626.00000 0.00000 2084.00000
627.00000 0.00000 2063.00000
628.00000 0.00000 1268.00000
629.00000 0.00000 2156.00000
630.00000 0.00000 2153.00000
631.00000 0.00000 2150.00000
632.00000 0.00000 2147.00000
633.00000 0.00000 2144.00000
634.00000 0.00000 2141.00000
635.00000 0.00000 2135.00000
636.00000 0.00000 2132.00000
637.00000 0.00000 2129.00000
638.00000 0.00000 2126.00000
639.00000 0.00000 2123.00000
640.00000 0.00000 2120.00000
641.00000 0.00000 2117.00000
642.00000 0.00000 2114.00000
643.00000 0.00000 2111.00000
644.00000 0.00000 2108.00000
645.00000 0.00000 2105.00000
646.00000 0.00000 2102.00000
647.00000 0.00000 2099.00000
648.00000 0.00000 2096.00000
649.00000 0.00000 2093.00000
650.00000 0.00000 2090.00000
651.00000 0.00000 2087.00000
652.00000 0.00000 200.00000
653.00000 0.00000 200.00427
654.00000 0.00000 204.27083
655.00000 0.00000 208.54167
656.00000 0.00000 2159.00000
657.00000 0.00000 2162.00000
658.00000 0.00000 2138.00000
659.00000 0.00000 2168.00000
660.00000 0.00000 2249.00000
661.00000 0.00000 2246.00000
662.00000 0.00000 2243.00000
663.00000 0.00000 2240.00000
664.00000 0.00000 2237.00000
665.00000 0.00000 2165.00000
666.00000 0.00000 2231.00000
667.00000 0.00000 2228.00000
668.00000 0.00000 2225.00000
669.00000 0.00000 2222.00000
670.00000 0.00000 2219.00000
671.00000 0.00000 2216.00000
672.00000 0.00000 2213.00000
673.00000 0.00000 2210.00000
674.00000 0.00000 2234.00000
675.00000 0.00000 2204.00000
676.00000 0.00000 2201.00000
677.00000 0.00000 2198.00000
678.00000 0.00000 2195.00000
679.00000 0.00000 2192.00000
680.00000 0.00000 2189.00000
681.00000 0.00000 2186.00000
682.00000 0.00000 2183.00000
683.00000 0.00000 2180.00000
684.00000 0.00000 2177.00000
685.00000 0.00000 2174.00000
686.00000 0.00000 2171.00000
687.00000 0.00000 2207.00000
688.00000 0.00001 234.16667
689.00000 0.00001 229.89583
690.00000 0.00001 225.62500
691.00000 0.00001 221.35417
692.00000 0.00001 212.81250
693.00000 0.00001 217.08333
694.00000 0.00002 238.43750
695.00000 0.00002 242.70833
696.00000 0.00002 246.97917
697.00000 0.00003 251.25000
698.00000 0.00003 255.52083
699.00000 0.00004 259.79167
700.00000 0.00004 264.06250
701.00000 0.00005 268.33333
702.00000 0.00005 272.60417
703.00000 0.00006 276.87500
704.00000 0.00007 281.14583
705.00000 0.00008 285.41667
706.00000 0.00009 289.68750
707.00000 0.00010 293.95833
708.00000 0.00011 298.22917
709.00000 0.00012 302.50000
710.00000 0.00014 306.77083
711.00000 0.00015 311.04167
712.00000 0.00017 315.31250
713.00000 0.00018 319.58333
714.00000 0.00020 323.85417
715.00000 0.00022 328.12500
716.00000 0.00024 332.39583
717.00000 0.00026 336.66667
718.00000 0.00029 340.93750
719.00000 0.00031 345.20833
720.00000 0.00034 349.47917
721.00000 0.00037 353.75000
722.00000 0.00040 358.02083
723.00000 0.00043 362.29167
724.00000 0.00046 366.56250
725.00000 0.00050 370.83333
726.00000 0.00053 375.10417
727.00000 0.00057 379.37500
728.00000 0.00061 383.64583
729.00000 0.00065 387.91667
730.00000 0.00069 392.18750
731.00000 0.00074 396.45833
732.00000 0.00079 400.72917
733.00000 0.00084 405.00000
734.00000 0.00089 409.27083
735.00000 0.00094 413.54166
736.00000 0.00099 417.81250
737.00000 0.00105 422.08333
738.00000 0.00111 426.35416
739.00000 0.00117 430.62500
740.00000 0.00123 434.89583
741.00000 0.00130 439.16666
742.00000 0.00137 443.43750
743.00000 0.00143 447.70833
744.00000 0.00151 451.97916
745.00000 0.00158 456.25000
746.00000 0.00166 460.52083
747.00000 0.00173 464.79166
748.00000 0.00181 469.06250
749.00000 0.00189 473.33333
750.00000 0.00198 477.60416
751.00000 0.00207 481.87500
752.00000 0.00215 486.14583
753.00000 0.00224 490.41666
754.00000 0.00234 494.68750
755.00000 0.00243 498.95833
756.00000 0.00253 503.22916
757.00000 0.00263 507.50000
758.00000 0.00273 511.77083
759.00000 0.00283 516.04166
760.00000 0.00294 520.31250
761.00000 0.00305 524.58333
762.00000 0.00316 528.85416
763.00000 0.00327 533.12500
764.00000 0.00339 537.39583
765.00000 0.00350 541.66666
766.00000 0.00362 545.93750
767.00000 0.00374 550.20833
768.00000 0.00387 554.47916
769.00000 0.00399 558.75000
770.00000 0.00412 563.02083
771.00000 0.00425 567.29166
772.00000 0.00438 571.56250
773.00000 0.00451 575.83333
774.00000 0.00465 580.10416
775.00000 0.00479 584.37500
776.00000 0.00493 588.64583
777.00000 0.00507 592.91666
778.00000 0.00521 597.18750
779.00000 0.00536 601.45833
780.00000 0.00551 605.72916
781.00000 0.00566 610.00000
782.00000 0.00581 614.27083
783.00000 0.00596 618.54166
784.00000 0.00612 622.81250
785.00000 0.00628 627.08333
786.00000 0.00644 631.35416
787.00000 0.00660 635.62500
788.00000 0.00676 639.89583
789.00000 0.00693 644.16666
790.00000 0.00710 648.43750
791.00000 0.00727 652.70833
792.00000 0.00744 656.97916
793.00000 0.00761 661.25000
794.00000 0.00779 665.52083
795.00000 0.00797 669.79166
796.00000 0.00814 674.06250
797.00000 0.00833 678.33333
798.00000 0.00851 682.60416
799.00000 0.00869 686.87500
800.00000 0.00888 691.14583
801.00000 0.00907 695.41666
802.00000 0.00926 699.68750
803.00000 0.00945 703.95833
804.00000 0.00964 708.22916
805.00000 0.00984 712.50000
806.00000 0.01003 716.77083
807.00000 0.01023 721.04166
808.00000 0.01043 725.31250
809.00000 0.01063 729.58333
810.00000 0.01084 733.85416
811.00000 0.01104 738.12500
812.00000 0.01125 742.39583
813.00000 0.01146 746.66666
814.00000 0.01167 750.93750
815.00000 0.01188 755.20833
816.00000 0.01209 759.47916
817.00000 0.01230 763.75000
818.00000 0.01252 768.02083
819.00000 0.01274 772.29166
820.00000 0.01296 776.56250
821.00000 0.01318 780.83333
822.00000 0.01340 785.10416
823.00000 0.01362 789.37500
824.00000 0.01385 793.64583
825.00000 0.01407 797.91666
826.00000 0.01430 802.18750
827.00000 0.01453 806.45833
828.00000 0.01476 810.72916
829.00000 0.01500 815.00000
830.00000 0.01523 819.27083
831.00000 0.01546 823.54166
832.00000 0.01570 827.81250
833.00000 0.01594 832.08333
834.00000 0.01618 836.35416
835.00000 0.01642 840.62500
836.00000 0.01666 844.89583
837.00000 0.01690 849.16666
838.00000 0.01696 2250.00000
839.00000 0.01713 2246.68952
840.00000 0.01715 853.43749
841.00000 0.01736 2242.41868
842.00000 0.01739 857.70833
843.00000 0.01758 2238.14785
844.00000 0.01764 861.97916
845.00000 0.01781 2233.87702
846.00000 0.01789 866.24999
847.00000 0.01804 2229.60618
848.00000 0.01814 870.52083
849.00000 0.01827 2225.33535
850.00000 0.01839 874.79166
851.00000 0.01851 2221.06452
852.00000 0.01864 879.06249
853.00000 0.01875 2216.79368
854.00000 0.01890 883.33333
855.00000 0.01898 2212.52285
856.00000 0.01915 887.60416
857.00000 0.01923 2208.25202
858.00000 0.01941 891.87499
859.00000 0.01947 2203.98118
860.00000 0.01966 896.14583
861.00000 0.01971 2199.71035
862.00000 0.01992 900.41666
863.00000 0.01996 2195.43952
864.00000 0.02018 904.68749
865.00000 0.02021 2191.16868
866.00000 0.02044 908.95833
867.00000 0.02046 2186.89785
868.00000 0.02071 913.22916
869.00000 0.02072 2182.62702
870.00000 0.02097 917.49999
871.00000 0.02098 2178.35618
872.00000 0.02123 921.77083
873.00000 0.02124 2174.08535
874.00000 0.02150 2169.81452
875.00000 0.02150 926.04166
876.00000 0.02176 2165.54368
877.00000 0.02177 930.31249
878.00000 0.02203 2161.27285
879.00000 0.02203 934.58333
880.00000 0.02230 2157.00202
881.00000 0.02230 938.85416
882.00000 0.02257 943.12499
883.00000 0.02257 2152.73118
884.00000 0.02284 947.39583
885.00000 0.02285 2148.46035
886.00000 0.02312 951.66666
887.00000 0.02313 2144.18952
888.00000 0.02339 955.93749
889.00000 0.02341 2139.91868
890.00000 0.02367 960.20833
891.00000 0.02369 2135.64785
892.00000 0.02394 964.47916
893.00000 0.02397 2131.37702
894.00000 0.02422 968.74999
895.00000 0.02426 2127.10618
896.00000 0.02450 973.02083
897.00000 0.02455 2122.83535
898.00000 0.02477 977.29166
899.00000 0.02485 2118.56452
900.00000 0.02506 981.56249
901.00000 0.02515 2114.29368
902.00000 0.02534 985.83333
903.00000 0.02545 2110.02285
904.00000 0.02562 990.10416
905.00000 0.02575 2105.75202
906.00000 0.02590 994.37499
907.00000 0.02606 2101.48118
908.00000 0.02619 998.64583
909.00000 0.02637 2097.21035
910.00000 0.02647 1002.91666
911.00000 0.02668 2092.93952
912.00000 0.02676 1007.18749
913.00000 0.02699 2088.66868
914.00000 0.02704 1011.45833
915.00000 0.02731 2084.39785
916.00000 0.02733 1015.72916
917.00000 0.02762 1019.99999
918.00000 0.02764 2080.12702
919.00000 0.02791 1024.27083
920.00000 0.02796 2075.85618
921.00000 0.02820 1028.54166
922.00000 0.02829 2071.58535
923.00000 0.02850 1032.81249
924.00000 0.02862 2067.31452
925.00000 0.02879 1037.08333
926.00000 0.02896 2063.04368
927.00000 0.02908 1041.35416
928.00000 0.02930 2058.77285
929.00000 0.02938 1045.62499
930.00000 0.02964 2054.50202
931.00000 0.02968 1049.89583
932.00000 0.02997 1054.16666
933.00000 0.02999 2050.23118
934.00000 0.03027 1058.43749
935.00000 0.03034 2045.96035
936.00000 0.03057 1062.70833
937.00000 0.03070 2041.68952
938.00000 0.03087 1066.97916
939.00000 0.03106 2037.41868
940.00000 0.03117 1071.24999
941.00000 0.03142 2033.14785
942.00000 0.03147 1075.52083
943.00000 0.03178 2028.87702
944.00000 0.03178 1079.79166
945.00000 0.03208 1084.06249
946.00000 0.03216 2024.60618
947.00000 0.03239 1088.33333
948.00000 0.03253 2020.33535
949.00000 0.03269 1092.60416
950.00000 0.03291 2016.06452
951.00000 0.03300 1096.87499
952.00000 0.03329 2011.79368
953.00000 0.03331 1101.14583
954.00000 0.03361 1105.41666
955.00000 0.03368 2007.52285
956.00000 0.03392 1109.68749
957.00000 0.03407 2003.25202
958.00000 0.03423 1113.95833
959.00000 0.03447 1998.98118
960.00000 0.03454 1118.22916
961.00000 0.03486 1122.49999
962.00000 0.03487 1994.71035
963.00000 0.03517 1126.77083
964.00000 0.03527 1990.43952
965.00000 0.03548 1131.04166
966.00000 0.03568 1986.16868
967.00000 0.03580 1135.31249
968.00000 0.03610 1981.89785
969.00000 0.03611 1139.58333
970.00000 0.03643 1143.85416
971.00000 0.03652 1977.62702
972.00000 0.03675 1148.12499
973.00000 0.03694 1973.35618
974.00000 0.03707 1152.39583
975.00000 0.03737 1969.08535
976.00000 0.03738 1156.66666
977.00000 0.03770 1160.93749
978.00000 0.03781 1964.81452
979.00000 0.03802 1165.20833
980.00000 0.03824 1960.54368
981.00000 0.03835 1169.47916
982.00000 0.03867 1173.74999
983.00000 0.03869 1956.27285
984.00000 0.03899 1178.02083
985.00000 0.03914 1952.00202
986.00000 0.03932 1182.29166
987.00000 0.03960 1947.73118
988.00000 0.03964 1186.56249
989.00000 0.03997 1190.83333
990.00000 0.04006 1943.46035
991.00000 0.04029 1195.10416
992.00000 0.04052 1939.18952
993.00000 0.04062 1199.37499
994.00000 0.04095 1203.64583
995.00000 0.04100 1934.91868
996.00000 0.04128 1207.91666
997.00000 0.04147 1930.64785
998.00000 0.04161 1212.18749
999.00000 0.04194 1216.45833
1000.00000 0.04196 1926.37702
1001.00000 0.04227 1220.72916
1002.00000 0.04245 1922.10618
1003.00000 0.04260 1224.99999
1004.00000 0.04294 1229.27083
1005.00000 0.04295 1917.83535
1006.00000 0.04327 1233.54166
1007.00000 0.04345 1913.56452
1008.00000 0.04361 1237.81249
1009.00000 0.04394 1242.08333
1010.00000 0.04396 1909.29368
1011.00000 0.04428 1246.35416
1012.00000 0.04447 1905.02285
1013.00000 0.04462 1250.62499
1014.00000 0.04495 1254.89583
1015.00000 0.04500 1900.75202
1016.00000 0.04529 1259.16666
1017.00000 0.04552 1896.48119
1018.00000 0.04563 1263.43749
1019.00000 0.04597 1267.70833
1020.00000 0.04606 1892.21035
1021.00000 0.04631 1271.97916
1022.00000 0.04660 1887.93952
1023.00000 0.04666 1276.24999
1024.00000 0.04700 1280.52082
1025.00000 0.04715 1883.66869
1026.00000 0.04734 1284.79166
1027.00000 0.04769 1289.06249
1028.00000 0.04771 1879.39785
1029.00000 0.04803 1293.33332
1030.00000 0.04827 1875.12702
1031.00000 0.04838 1297.60416
1032.00000 0.04873 1301.87499
1033.00000 0.04885 1870.85619
1034.00000 0.04907 1306.14582
1035.00000 0.04942 1310.41666
1036.00000 0.04943 1866.58535
1037.00000 0.04977 1314.68749
1038.00000 0.05001 1862.31452
1039.00000 0.05012 1318.95832
1040.00000 0.05047 1323.22916
1041.00000 0.05061 1858.04369
1042.00000 0.05082 1327.49999
1043.00000 0.05118 1331.77082
1044.00000 0.05121 1853.77285
1045.00000 0.05153 1336.04166
1046.00000 0.05182 1849.50202
1047.00000 0.05188 1340.31249
1048.00000 0.05224 1344.58332
1049.00000 0.05244 1845.23119
1050.00000 0.05259 1348.85416
1051.00000 0.05295 1353.12499
1052.00000 0.05307 1840.96035
1053.00000 0.05331 1357.39582
1054.00000 0.05367 1361.66666
1055.00000 0.05371 1836.68952
1056.00000 0.05402 1365.93749
1057.00000 0.05436 1832.41869
1058.00000 0.05438 1370.20832
1059.00000 0.05474 1374.47916
1060.00000 0.05501 1828.14785
1061.00000 0.05511 1378.74999
1062.00000 0.05547 1383.02082
1063.00000 0.05568 1823.87702
1064.00000 0.05583 1387.29166
1065.00000 0.05619 1391.56249
1066.00000 0.05635 1819.60619
1067.00000 0.05656 1395.83332
1068.00000 0.05692 1400.10416
1069.00000 0.05704 1815.33535
1070.00000 0.05729 1404.37499
1071.00000 0.05766 1408.64582
1072.00000 0.05773 1811.06452
1073.00000 0.05802 1412.91666
1074.00000 0.05839 1417.18749
1075.00000 0.05843 1806.79369
1076.00000 0.05876 1421.45832
1077.00000 0.05913 1425.72916
1078.00000 0.05915 1802.52285
1079.00000 0.05950 1429.99999
1080.00000 0.05987 1798.25202
1081.00000 0.05987 1434.27082
1082.00000 0.06024 1438.54166
1083.00000 0.06061 1793.98119
1084.00000 0.06062 1442.81249
1085.00000 0.06099 1447.08332
1086.00000 0.06135 1789.71035
1087.00000 0.06136 1451.35416
1088.00000 0.06174 1455.62499
1089.00000 0.06211 1785.43952
1090.00000 0.06212 1459.89582
1091.00000 0.06249 1464.16666
1092.00000 0.06287 1468.43749
1093.00000 0.06288 1781.16869
1094.00000 0.06325 1472.70832
1095.00000 0.06363 1476.97916
1096.00000 0.06366 1776.89785
1097.00000 0.06401 1481.24999
1098.00000 0.06439 1485.52082
1099.00000 0.06445 1772.62702
1100.00000 0.06477 1489.79166
1101.00000 0.06515 1494.06249
1102.00000 0.06526 1768.35619
1103.00000 0.06554 1498.33332
1104.00000 0.06592 1502.60416
1105.00000 0.06607 1764.08535
1106.00000 0.06631 1506.87499
1107.00000 0.06669 1511.14582
1108.00000 0.06690 1759.81452
1109.00000 0.06708 1515.41666
1110.00000 0.06746 1519.68749
1111.00000 0.06775 1755.54369
1112.00000 0.06785 1523.95832
1113.00000 0.06824 1528.22916
1114.00000 0.06860 1751.27285
1115.00000 0.06863 1532.49999
1116.00000 0.06902 1536.77082
1117.00000 0.06941 1541.04166
1118.00000 0.06948 1747.00202
1119.00000 0.06980 1545.31249
1120.00000 0.07020 1549.58332
1121.00000 0.07036 1742.73119
1122.00000 0.07059 1553.85416
1123.00000 0.07099 1558.12499
1124.00000 0.07126 1738.46035
1125.00000 0.07138 1562.39582
1126.00000 0.07178 1566.66666
1127.00000 0.07217 1570.93749
1128.00000 0.07217 1734.18952
1129.00000 0.07257 1575.20832
1130.00000 0.07297 1579.47916
1131.00000 0.07310 1729.91869
1132.00000 0.07337 1583.74999
1133.00000 0.07377 1588.02082
1134.00000 0.07405 1725.64785
1135.00000 0.07417 1592.29166
1136.00000 0.07457 1596.56249
1137.00000 0.07498 1600.83332
1138.00000 0.07501 1721.37702
1139.00000 0.07538 1605.10416
1140.00000 0.07579 1609.37499
1141.00000 0.07598 1717.10619
1142.00000 0.07619 1613.64582
1143.00000 0.07660 1617.91666
1144.00000 0.07698 1712.83535
1145.00000 0.07700 1622.18749
1146.00000 0.07741 1626.45832
1147.00000 0.07782 1630.72916
1148.00000 0.07799 1708.56452
1149.00000 0.07823 1634.99999
1150.00000 0.07864 1639.27082
1151.00000 0.07901 1704.29369
1152.00000 0.07905 1643.54166
1153.00000 0.07947 1647.81249
1154.00000 0.07988 1652.08332
1155.00000 0.08006 1700.02285
1156.00000 0.08029 1656.35416
1157.00000 0.08071 1660.62499
1158.00000 0.08112 1695.75202
1159.00000 0.08112 1664.89582
1160.00000 0.08154 1669.16666
1161.00000 0.08196 1673.43749
1162.00000 0.08221 1691.48119
1163.00000 0.08238 1677.70832
1164.00000 0.08280 1681.97916
1165.00000 0.08322 1686.24999
1166.00000 0.08331 1687.21035
1167.00000 0.08331 1687.21462
1168.00000 0.08331 1687.21035
1169.00000 0.97306 1702.06972
1170.00000 0.97306 1702.07399
1171.00000 0.97306 1702.07399
1172.00000 0.97306 1702.07826
1173.00000 0.97328 1697.80316
1174.00000 0.97351 1693.53232
1175.00000 0.97373 1689.26149
1176.00000 0.97395 1684.99066
1177.00000 0.97416 1680.71982
1178.00000 0.97425 1706.34482
1179.00000 0.97438 1676.44899
1180.00000 0.97460 1672.17816
1181.00000 0.97481 1667.90732
1182.00000 0.97503 1663.63649
1183.00000 0.97524 1659.36566
1184.00000 0.97543 1710.61566
1185.00000 0.97546 1655.09482
1186.00000 0.97567 1650.82399
1187.00000 0.97588 1646.55316
1188.00000 0.97610 1642.28232
1189.00000 0.97631 1638.01149
1190.00000 0.97652 1633.74066
1191.00000 0.97660 1714.88649
1192.00000 0.97672 1629.46982
1193.00000 0.97693 1625.19899
1194.00000 0.97714 1620.92816
1195.00000 0.97735 1616.65732
1196.00000 0.97755 1612.38649
1197.00000 0.97775 1719.15732
1198.00000 0.97776 1608.11566
1199.00000 0.97796 1603.84482
1200.00000 0.97816 1599.57399
1201.00000 0.97837 1595.30316
1202.00000 0.97857 1591.03232
1203.00000 0.97877 1586.76149
1204.00000 0.97889 1723.42816
1205.00000 0.97897 1582.49066
1206.00000 0.97917 1578.21982
1207.00000 0.97937 1573.94899
1208.00000 0.97956 1569.67816
1209.00000 0.97976 1565.40732
1210.00000 0.97996 1561.13649
1211.00000 0.98002 1727.69899
1212.00000 0.98015 1556.86566
1213.00000 0.98035 1552.59482
1214.00000 0.98054 1548.32399
1215.00000 0.98073 1544.05316
1216.00000 0.98092 1539.78232
1217.00000 0.98111 1535.51149
1218.00000 0.98114 1731.96982
1219.00000 0.98130 1531.24066
1220.00000 0.98149 1526.96982
1221.00000 0.98168 1522.69899
1222.00000 0.98187 1518.42816
1223.00000 0.98205 1514.15732
1224.00000 0.98224 1736.24066
1225.00000 0.98224 1509.88649
1226.00000 0.98243 1505.61566
1227.00000 0.98261 1501.34482
1228.00000 0.98279 1497.07399
1229.00000 0.98297 1492.80316
1230.00000 0.98316 1488.53233
1231.00000 0.98333 1740.51149
1232.00000 0.98334 1484.26149
1233.00000 0.98352 1479.99066
1234.00000 0.98369 1475.71983
1235.00000 0.98387 1471.44899
1236.00000 0.98405 1467.17816
1237.00000 0.98417 1464.22461
1238.00000 0.98417 1464.22888
1239.00000 0.98417 1464.22461
1240.00000 0.98431 1468.49544
1241.00000 0.98442 1744.78232
1242.00000 0.98446 1472.76627
1243.00000 0.98462 1477.03711
1244.00000 0.98478 1481.30794
1245.00000 0.98496 1485.57877
1246.00000 0.98514 1489.84961
1247.00000 0.98533 1494.12044
1248.00000 0.98549 1749.05316
1249.00000 0.98552 1498.39127
1250.00000 0.98573 1502.66211
1251.00000 0.98594 1506.93294
1252.00000 0.98617 1511.20377
1253.00000 0.98640 1515.47461
1254.00000 0.98655 1753.32399
1255.00000 0.98664 1519.74544
1256.00000 0.98688 1524.01627
1257.00000 0.98714 1528.28711
1258.00000 0.98740 1532.55794
1259.00000 0.98760 1757.59482
1260.00000 0.98767 1536.82877
1261.00000 0.98795 1541.09960
1262.00000 0.98824 1545.37044
1263.00000 0.98853 1549.64127
1264.00000 0.98865 1761.86566
1265.00000 0.98883 1553.91210
1266.00000 0.98914 1558.18294
1267.00000 0.98946 1562.45377
1268.00000 0.98968 1766.13649
1269.00000 0.98979 1566.72460
1270.00000 0.99013 1570.99544
1271.00000 0.99047 1575.26627
1272.00000 0.99070 1770.40732
1273.00000 0.99082 1579.53710
1274.00000 0.99118 1583.80794
1275.00000 0.99155 1588.07877
1276.00000 0.99172 1774.67816
1277.00000 0.99193 1592.34960
1278.00000 0.99232 1596.62044
1279.00000 0.99237 1232.12303
1280.00000 0.99237 1232.11876
1281.00000 0.99237 1232.12303
1282.00000 0.99237 1232.11876
1283.00000 0.99250 1227.85220
1284.00000 0.99262 1223.58137
1285.00000 0.99271 1600.89127
1286.00000 0.99272 1778.94899
1287.00000 0.99274 1219.31053
1288.00000 0.99286 1215.03970
1289.00000 0.99293 1227.85220
1290.00000 0.99298 1210.76887
1291.00000 0.99310 1206.49803
1292.00000 0.99311 1605.16210
1293.00000 0.99322 1202.22720
1294.00000 0.99334 1197.95637
1295.00000 0.99346 1193.68553
1296.00000 0.99352 1609.43294
1297.00000 0.99352 1223.58137
1298.00000 0.99357 1189.41470
1299.00000 0.99369 1185.14387
1300.00000 0.99372 1783.21982
1301.00000 0.99380 1180.87303
1302.00000 0.99391 1176.60220
1303.00000 0.99394 1613.70377
1304.00000 0.99402 1172.33137
1305.00000 0.99412 1219.31053
1306.00000 0.99413 1168.06053
1307.00000 0.99424 1163.78970
1308.00000 0.99435 1159.51887
1309.00000 0.99437 1617.97460
1310.00000 0.99446 1155.24803
1311.00000 0.99457 1150.97720
1312.00000 0.99467 1146.70637
1313.00000 0.99471 1787.49066
1314.00000 0.99476 1215.03970
1315.00000 0.99478 1142.43553
1316.00000 0.99481 1622.24544
1317.00000 0.99488 1138.16470
1318.00000 0.99499 1133.89387
1319.00000 0.99509 1129.62303
1320.00000 0.99519 1125.35220
1321.00000 0.99526 1626.51627
1322.00000 0.99529 1121.08137
1323.00000 0.99539 1116.81053
1324.00000 0.99541 1210.76887
1325.00000 0.99549 1112.53970
1326.00000 0.99558 1108.26887
1327.00000 0.99568 1103.99803
1328.00000 0.99569 1791.76149
1329.00000 0.99571 1630.78710
1330.00000 0.99577 1099.72720
1331.00000 0.99587 1095.45637
1332.00000 0.99596 1091.18553
1333.00000 0.99606 1086.91470
1334.00000 0.99610 1206.49803
1335.00000 0.99615 1082.64387
1336.00000 0.99618 1635.05794
1337.00000 0.99624 1078.37304
1338.00000 0.99633 1074.10220
1339.00000 0.99642 1069.83137
1340.00000 0.99651 1065.56054
1341.00000 0.99659 1061.28970
1342.00000 0.99665 1639.32877
1343.00000 0.99666 1796.03232
1344.00000 0.99668 1057.01887
1345.00000 0.99677 1052.74804
1346.00000 0.99681 1202.22720
1347.00000 0.99685 1048.47720
1348.00000 0.99693 1044.20637
1349.00000 0.99702 1039.93554
1350.00000 0.99711 1035.66470
1351.00000 0.99713 1643.59960
1352.00000 0.99720 1031.39387
1353.00000 0.99729 1027.12304
1354.00000 0.99737 1022.85220
1355.00000 0.99745 1018.58137
1356.00000 0.99753 1014.31054
1357.00000 0.99754 1197.95637
1358.00000 0.99761 1010.03970
1359.00000 0.99762 1800.30316
1360.00000 0.99762 1647.87044
1361.00000 0.99768 1005.76887
1362.00000 0.99775 1001.49804
1363.00000 0.99782 997.22720
1364.00000 0.99788 992.95637
1365.00000 0.99794 988.68554
1366.00000 0.99800 984.41470
1367.00000 0.99806 980.14387
1368.00000 0.99812 975.87304
1369.00000 0.99813 1652.14127
1370.00000 0.99818 971.60220
1371.00000 0.99823 967.33137
1372.00000 0.99828 963.06054
1373.00000 0.99831 1193.68553
1374.00000 0.99833 958.78970
1375.00000 0.99838 954.51887
1376.00000 0.99843 950.24804
1377.00000 0.99847 945.97720
1378.00000 0.99852 941.70637
1379.00000 0.99856 937.43554
1380.00000 0.99858 1804.57399
1381.00000 0.99860 933.16470
1382.00000 0.99864 1656.41210
1383.00000 0.99865 928.89387
1384.00000 0.99868 924.62304
1385.00000 0.99872 920.35220
1386.00000 0.99876 916.08137
1387.00000 0.99880 911.81054
1388.00000 0.99883 907.53970
1389.00000 0.99887 903.26887
1390.00000 0.99890 898.99804
1391.00000 0.99893 894.72720
1392.00000 0.99896 890.45637
1393.00000 0.99899 886.18554
1394.00000 0.99902 881.91470
1395.00000 0.99905 877.64387
1396.00000 0.99908 873.37304
1397.00000 0.99911 869.10220
1398.00000 0.99911 1189.41470
1399.00000 0.99913 864.83137
1400.00000 0.99916 860.56054
1401.00000 0.99916 1660.68294
1402.00000 0.99919 856.28970
1403.00000 0.99921 852.01887
1404.00000 0.99923 847.74804
1405.00000 0.99926 843.47720
1406.00000 0.99928 839.20637
1407.00000 0.99930 834.93554
1408.00000 0.99932 830.66470
1409.00000 0.99934 826.39387
1410.00000 0.99936 822.12304
1411.00000 0.99938 817.85220
1412.00000 0.99940 813.58137
1413.00000 0.99942 809.31054
1414.00000 0.99944 805.03970
1415.00000 0.99946 800.76887
1416.00000 0.99948 796.49804
1417.00000 0.99949 792.22720
1418.00000 0.99951 787.95637
1419.00000 0.99952 783.68554
1420.00000 0.99953 1808.84482
1421.00000 0.99954 779.41470
1422.00000 0.99956 775.14387
1423.00000 0.99957 770.87304
1424.00000 0.99958 766.60220
1425.00000 0.99960 762.33137
1426.00000 0.99961 758.06054
1427.00000 0.99962 753.78970
1428.00000 0.99962 1809.23308
1429.00000 0.99964 749.51887
1430.00000 0.99965 745.24804
1431.00000 0.99966 740.97720
1432.00000 0.99967 736.70637
1433.00000 0.99969 732.43554
1434.00000 0.99969 1664.95377
1435.00000 0.99970 728.16470
1436.00000 0.99971 723.89387
1437.00000 0.99972 719.62304
1438.00000 0.99973 715.35220
1439.00000 0.99973 1665.34203
1440.00000 0.99974 711.08137
1441.00000 0.99975 706.81054
1442.00000 0.99976 702.53970
1443.00000 0.99977 698.26887
1444.00000 0.99977 693.99804
1445.00000 0.99978 689.72720
1446.00000 0.99979 685.45637
1447.00000 0.99979 1810.00960
1448.00000 0.99980 681.18554
1449.00000 0.99981 672.64387
1450.00000 0.99981 676.91470
1451.00000 0.99982 668.37304
1452.00000 0.99982 1810.15078
1453.00000 0.99983 664.10220
1454.00000 0.99983 1666.11854
1455.00000 0.99984 659.83137
1456.00000 0.99984 655.56054
1457.00000 0.99985 651.28971
1458.00000 0.99985 1666.25973
1459.00000 0.99986 647.01887
1460.00000 0.99986 642.74804
1461.00000 0.99987 638.47721
1462.00000 0.99987 634.20637
1463.00000 0.99988 629.93554
1464.00000 0.99988 625.66471
1465.00000 0.99988 1666.54210
1466.00000 0.99988 1810.43315
1467.00000 0.99989 617.12304
1468.00000 0.99989 621.39387
1469.00000 0.99990 612.85221
1470.00000 0.99990 1810.48449
1471.00000 0.99990 608.58137
1472.00000 0.99991 600.03971
1473.00000 0.99991 604.31054
1474.00000 0.99992 595.76887
1475.00000 0.99992 591.49804
1476.00000 0.99992 1810.58717
1477.00000 0.99992 587.22721
1478.00000 0.99993 582.95637
1479.00000 0.99993 578.68554
1480.00000 0.99993 1185.14387
1481.00000 0.99994 561.60221
1482.00000 0.99994 565.87304
1483.00000 0.99994 570.14387
1484.00000 0.99994 1185.10857
1485.00000 0.99994 574.41471
1486.00000 0.99995 548.78971
1487.00000 0.99995 553.06054
1488.00000 0.99995 557.33137
1489.00000 0.99996 1667.10684
1490.00000 0.99996 1185.03798
1491.00000 0.99996 1810.79253
1492.00000 0.99996 544.51887
1493.00000 0.99996 540.24804
1494.00000 0.99996 535.97721
1495.00000 0.99996 531.70637
1496.00000 0.99996 527.43554
1497.00000 0.99997 523.16471
1498.00000 0.99997 518.89387
1499.00000 0.99997 514.62304
1500.00000 0.99997 510.35221
1501.00000 0.99997 506.08137
1502.00000 0.99997 1810.82987
1503.00000 0.99997 1667.20952
1504.00000 0.99998 476.18554
1505.00000 0.99998 488.99804
1506.00000 0.99998 493.26887
1507.00000 0.99998 501.81054
1508.00000 0.99998 1184.89679
1509.00000 0.99998 480.45637
1510.00000 0.99998 497.53971
1511.00000 0.99998 484.72721
1512.00000 0.99999 1184.87112
1513.00000 0.99999 1810.90454
1514.00000 0.99999 1810.91812
1515.00000 0.99999 471.91471
1516.00000 0.99999 442.01887
1517.00000 0.99999 433.47721
1518.00000 0.99999 437.74804
1519.00000 0.99999 420.66471
1520.00000 0.99999 446.28971
1521.00000 0.99999 429.20637
1522.00000 0.99999 424.93554
1523.00000 0.99999 454.83137
1524.00000 0.99999 459.10221
1525.00000 0.99999 463.37304
1526.00000 0.99999 467.64387
1527.00000 0.99999 450.56054
1528.00000 1.00000 971.00000
1529.00000 1.00000 974.00000
1530.00000 1.00000 884.00000
1531.00000 1.00000 881.00000
1532.00000 1.00000 878.00000
1533.00000 1.00000 875.00000
1534.00000 1.00000 968.00000
1535.00000 1.00000 977.00000
1536.00000 1.00000 944.00000
1537.00000 1.00000 872.00000
1538.00000 1.00000 869.00000
1539.00000 1.00000 866.00000
1540.00000 1.00000 863.00000
1541.00000 1.00000 860.00000
1542.00000 1.00000 857.00000
1543.00000 1.00000 854.00000
1544.00000 1.00000 980.00000
1545.00000 1.00000 965.00000
1546.00000 1.00000 947.00000
1547.00000 1.00000 962.00000
1548.00000 1.00000 956.00000
1549.00000 1.00000 941.00000
1550.00000 1.00000 938.00000
1551.00000 1.00000 935.00000
1552.00000 1.00000 932.00000
1553.00000 1.00000 929.00000
1554.00000 1.00000 950.00000
1555.00000 1.00000 926.00000
1556.00000 1.00000 923.00000
1557.00000 1.00000 920.00000
1558.00000 1.00000 917.00000
1559.00000 1.00000 914.00000
1560.00000 1.00000 911.00000
1561.00000 1.00000 908.00000
1562.00000 1.00000 959.00000
1563.00000 1.00000 905.00000
1564.00000 1.00000 899.00000
1565.00000 1.00000 896.00000
1566.00000 1.00000 893.00000
1567.00000 1.00000 953.00000
1568.00000 1.00000 887.00000
1569.00000 1.00000 653.00000
1570.00000 1.00000 656.00000
1571.00000 1.00000 659.00000
1572.00000 1.00000 662.00000
1573.00000 1.00000 665.00000
1574.00000 1.00000 668.00000
1575.00000 1.00000 671.00000
1576.00000 1.00000 674.00000
1577.00000 1.00000 902.00000
1578.00000 1.00000 890.00000
1579.00000 1.00000 782.00000
1580.00000 1.00000 680.00000
1581.00000 1.00000 758.00000
1582.00000 1.00000 761.00000
1583.00000 1.00000 764.00000
1584.00000 1.00000 767.00000
1585.00000 1.00000 770.00000
1586.00000 1.00000 773.00000
1587.00000 1.00000 776.00000
1588.00000 1.00000 779.00000
1589.00000 1.00000 785.00000
1590.00000 1.00000 788.00000
1591.00000 1.00000 791.00000
1592.00000 1.00000 794.00000
1593.00000 1.00000 755.00000
1594.00000 1.00000 797.00000
1595.00000 1.00000 800.00000
1596.00000 1.00000 803.00000
1597.00000 1.00000 806.00000
1598.00000 1.00000 809.00000
1599.00000 1.00000 812.00000
1600.00000 1.00000 815.00000
1601.00000 1.00000 818.00000
1602.00000 1.00000 821.00000
1603.00000 1.00000 824.00000
1604.00000 1.00000 827.00000
1605.00000 1.00000 830.00000
1606.00000 1.00000 983.00000
1607.00000 1.00000 833.00000
1608.00000 1.00000 752.00000
1609.00000 1.00000 749.00000
1610.00000 1.00000 746.00000
1611.00000 1.00000 683.00000
1612.00000 1.00000 686.00000
1613.00000 1.00000 689.00000
1614.00000 1.00000 692.00000
1615.00000 1.00000 695.00000
1616.00000 1.00000 851.00000
1617.00000 1.00000 848.00000
1618.00000 1.00000 845.00000
1619.00000 1.00000 842.00000
1620.00000 1.00000 839.00000
1621.00000 1.00000 836.00000
1622.00000 1.00000 698.00000
1623.00000 1.00000 701.00000
1624.00000 1.00000 704.00000
1625.00000 1.00000 707.00000
1626.00000 1.00000 710.00000
1627.00000 1.00000 713.00000
1628.00000 1.00000 716.00000
1629.00000 1.00000 719.00000
1630.00000 1.00000 722.00000
1631.00000 1.00000 725.00000
1632.00000 1.00000 728.00000
1633.00000 1.00000 731.00000
1634.00000 1.00000 734.00000
1635.00000 1.00000 737.00000
1636.00000 1.00000 740.00000
1637.00000 1.00000 743.00000
1638.00000 1.00000 677.00000
1639.00000 1.00000 986.00000
1640.00000 1.00000 1810.95725
1641.00000 1.00000 992.00000
1642.00000 1.00000 1714.00000
1643.00000 1.00000 1711.00000
1644.00000 1.00000 1708.00000
1645.00000 1.00000 1705.00000
1646.00000 1.00000 1702.00000
1647.00000 1.00000 1699.00000
1648.00000 1.00000 1696.00000
1649.00000 1.00000 1693.00000
1650.00000 1.00000 1690.00000
1651.00000 1.00000 1687.00000
1652.00000 1.00000 1684.00000
1653.00000 1.00000 1717.00000
1654.00000 1.00000 1681.00000
1655.00000 1.00000 1675.00000
1656.00000 1.00000 1672.00000
1657.00000 1.00000 1669.00000
1658.00000 1.00000 1666.00000
1659.00000 1.00000 1181.00000
1660.00000 1.00000 1178.00000
1661.00000 1.00000 1175.00000
1662.00000 1.00000 1172.00000
1663.00000 1.00000 1169.00000
1664.00000 1.00000 1166.00000
1665.00000 1.00000 1163.00000
1666.00000 1.00000 1678.00000
1667.00000 1.00000 1720.00000
1668.00000 1.00000 1723.00000
1669.00000 1.00000 1726.00000
1670.00000 1.00000 1801.00000
1671.00000 1.00000 1798.00000
1672.00000 1.00000 1795.00000
1673.00000 1.00000 1792.00000
1674.00000 1.00000 1789.00000
1675.00000 1.00000 1786.00000
1676.00000 1.00000 1783.00000
1677.00000 1.00000 1780.00000
1678.00000 1.00000 1777.00000
1679.00000 1.00000 1774.00000
1680.00000 1.00000 1771.00000
1681.00000 1.00000 1768.00000
1682.00000 1.00000 1765.00000
1683.00000 1.00000 1762.00000
1684.00000 1.00000 1759.00000
1685.00000 1.00000 1756.00000
1686.00000 1.00000 1753.00000
1687.00000 1.00000 1750.00000
1688.00000 1.00000 1747.00000
1689.00000 1.00000 1744.00000
1690.00000 1.00000 1741.00000
1691.00000 1.00000 1738.00000
1692.00000 1.00000 1735.00000
1693.00000 1.00000 1732.00000
1694.00000 1.00000 1729.00000
1695.00000 1.00000 1160.00000
1696.00000 1.00000 989.00000
1697.00000 1.00000 1157.00000
1698.00000 1.00000 1151.00000
1699.00000 1.00000 1064.00000
1700.00000 1.00000 1061.00000
1701.00000 1.00000 1058.00000
1702.00000 1.00000 1055.00000
1703.00000 1.00000 1052.00000
1704.00000 1.00000 1049.00000
1705.00000 1.00000 1046.00000
1706.00000 1.00000 1043.00000
1707.00000 1.00000 1040.00000
1708.00000 1.00000 1037.00000
1709.00000 1.00000 1034.00000
1710.00000 1.00000 1067.00000
1711.00000 1.00000 1031.00000
1712.00000 1.00000 1025.00000
1713.00000 1.00000 1022.00000
1714.00000 1.00000 1019.00000
1715.00000 1.00000 1016.00000
1716.00000 1.00000 1013.00000
1717.00000 1.00000 1010.00000
1718.00000 1.00000 1007.00000
1719.00000 1.00000 1004.00000
1720.00000 1.00000 1001.00000
1721.00000 1.00000 998.00000
1722.00000 1.00000 995.00000
1723.00000 1.00000 1028.00000
1724.00000 1.00000 1070.00000
1725.00000 1.00000 1073.00000
1726.00000 1.00000 1076.00000
1727.00000 1.00000 1148.00000
1728.00000 1.00000 1145.00000
1729.00000 1.00000 1142.00000
1730.00000 1.00000 650.00000
1731.00000 1.00000 1139.00000
1732.00000 1.00000 1136.00000
1733.00000 1.00000 1133.00000
1734.00000 1.00000 1130.00000
1735.00000 1.00000 1127.00000
1736.00000 1.00000 1124.00000
1737.00000 1.00000 1121.00000
1738.00000 1.00000 1118.00000
1739.00000 1.00000 1115.00000
1740.00000 1.00000 1112.00000
1741.00000 1.00000 1109.00000
1742.00000 1.00000 1106.00000
1743.00000 1.00000 1103.00000
1744.00000 1.00000 1100.00000
1745.00000 1.00000 1097.00000
1746.00000 1.00000 1094.00000
1747.00000 1.00000 1091.00000
1748.00000 1.00000 1088.00000
1749.00000 1.00000 1085.00000
1750.00000 1.00000 1082.00000
1751.00000 1.00000 1079.00000
1752.00000 1.00000 1154.00000
1753.00000 1.00000 647.00000
1754.00000 1.00000 272.00000
1755.00000 1.00000 641.00000
1756.00000 1.00000 209.00000
1757.00000 1.00000 206.00000
1758.00000 1.00000 203.00000
1759.00000 1.00000 200.00000
1760.00000 1.00000 1184.81978
1761.00000 1.00000 1184.81894
1762.00000 1.00000 1184.81724
1763.00000 1.00000 1184.81693
1764.00000 1.00000 1184.81631
1765.00000 1.00000 1184.81508
1766.00000 1.00000 1184.81485
1767.00000 1.00000 212.00000
1768.00000 1.00000 1184.81481
1769.00000 1.00000 1184.81479
1770.00000 1.00000 1184.81479
1771.00000 1.00000 1667.41487
1772.00000 1.00000 1667.45221
1773.00000 1.00000 1667.45283
1774.00000 1.00000 1667.45406
1775.00000 1.00000 1667.45408
1776.00000 1.00000 1667.45408
1777.00000 1.00000 416.39387
1778.00000 1.00000 412.12304
1779.00000 1.00000 407.85221
1780.00000 1.00000 1184.81481
1781.00000 1.00000 215.00000
1782.00000 1.00000 218.00000
1783.00000 1.00000 221.00000
1784.00000 1.00000 296.00000
1785.00000 1.00000 293.00000
1786.00000 1.00000 290.00000
1787.00000 1.00000 287.00000
1788.00000 1.00000 284.00000
1789.00000 1.00000 281.00000
1790.00000 1.00000 278.00000
1791.00000 1.00000 275.00000
1792.00000 1.00000 1804.00000
1793.00000 1.00000 269.00000
1794.00000 1.00000 266.00000
1795.00000 1.00000 263.00000
1796.00000 1.00000 260.00000
1797.00000 1.00000 257.00000
1798.00000 1.00000 254.00000
1799.00000 1.00000 251.00000
1800.00000 1.00000 248.00000
1801.00000 1.00000 245.00000
1802.00000 1.00000 242.00000
1803.00000 1.00000 239.00000
1804.00000 1.00000 236.00000
1805.00000 1.00000 233.00000
1806.00000 1.00000 230.00000
1807.00000 1.00000 227.00000
1808.00000 1.00000 224.00000
1809.00000 1.00000 403.58137
1810.00000 1.00000 299.00000
1811.00000 1.00000 399.31054
1812.00000 1.00000 390.76887
1813.00000 1.00000 262.64387
1814.00000 1.00000 258.37304
1815.00000 1.00000 254.10221
1816.00000 1.00000 249.83137
1817.00000 1.00000 245.56054
1818.00000 1.00000 241.28971
1819.00000 1.00000 237.01887
1820.00000 1.00000 232.74804
1821.00000 1.00000 228.47721
1822.00000 1.00000 224.20638
1823.00000 1.00000 219.93554
1824.00000 1.00000 266.91471
1825.00000 1.00000 215.66471
1826.00000 1.00000 207.12304
1827.00000 1.00000 202.85221
1828.00000 1.00000 200.00000
1829.00000 1.00000 1810.94527
1830.00000 1.00000 1810.95021
1831.00000 1.00000 1810.95515
1832.00000 1.00000 1810.95605
1833.00000 1.00000 1810.95694
1834.00000 1.00000 1810.95717
1835.00000 1.00000 1810.95723
1836.00000 1.00000 1810.95725
1837.00000 1.00000 211.39388
1838.00000 1.00000 271.18554
1839.00000 1.00000 275.45637
1840.00000 1.00000 279.72721
1841.00000 1.00000 386.49804
1842.00000 1.00000 382.22721
1843.00000 1.00000 377.95637
1844.00000 1.00000 373.68554
1845.00000 1.00000 369.41471
1846.00000 1.00000 365.14387
1847.00000 1.00000 360.87304
1848.00000 1.00000 356.60221
1849.00000 1.00000 352.33137
1850.00000 1.00000 348.06054
1851.00000 1.00000 343.78971
1852.00000 1.00000 339.51887
1853.00000 1.00000 335.24804
1854.00000 1.00000 330.97721
1855.00000 1.00000 326.70637
1856.00000 1.00000 322.43554
1857.00000 1.00000 318.16471
1858.00000 1.00000 313.89387
1859.00000 1.00000 309.62304
1860.00000 1.00000 305.35221
1861.00000 1.00000 301.08137
1862.00000 1.00000 296.81054
1863.00000 1.00000 292.53971
1864.00000 1.00000 288.26887
1865.00000 1.00000 283.99804
1866.00000 1.00000 395.03971
1867.00000 1.00000 644.00000
1868.00000 1.00000 302.00000
1869.00000 1.00000 308.00000
1870.00000 1.00000 551.00000
1871.00000 1.00000 548.00000
1872.00000 1.00000 545.00000
1873.00000 1.00000 542.00000
1874.00000 1.00000 539.00000
1875.00000 1.00000 536.00000
1876.00000 1.00000 533.00000
1877.00000 1.00000 530.00000
1878.00000 1.00000 527.00000
1879.00000 1.00000 524.00000
1880.00000 1.00000 521.00000
1881.00000 1.00000 554.00000
1882.00000 1.00000 518.00000
1883.00000 1.00000 512.00000
1884.00000 1.00000 509.00000
1885.00000 1.00000 506.00000
1886.00000 1.00000 503.00000
1887.00000 1.00000 500.00000
1888.00000 1.00000 497.00000
1889.00000 1.00000 494.00000
1890.00000 1.00000 491.00000
1891.00000 1.00000 488.00000
1892.00000 1.00000 485.00000
1893.00000 1.00000 482.00000
1894.00000 1.00000 515.00000
1895.00000 1.00000 557.00000
1896.00000 1.00000 560.00000
1897.00000 1.00000 563.00000
1898.00000 1.00000 638.00000
1899.00000 1.00000 635.00000
1900.00000 1.00000 632.00000
1901.00000 1.00000 629.00000
1902.00000 1.00000 626.00000
1903.00000 1.00000 623.00000
1904.00000 1.00000 620.00000
1905.00000 1.00000 617.00000
1906.00000 1.00000 614.00000
1907.00000 1.00000 611.00000
1908.00000 1.00000 608.00000
1909.00000 1.00000 605.00000
1910.00000 1.00000 602.00000
1911.00000 1.00000 599.00000
1912.00000 1.00000 596.00000
1913.00000 1.00000 593.00000
1914.00000 1.00000 590.00000
1915.00000 1.00000 587.00000
1916.00000 1.00000 584.00000
1917.00000 1.00000 581.00000
1918.00000 1.00000 578.00000
1919.00000 1.00000 575.00000
1920.00000 1.00000 572.00000
1921.00000 1.00000 569.00000
1922.00000 1.00000 566.00000
1923.00000 1.00000 479.00000
1924.00000 1.00000 305.00000
1925.00000 1.00000 476.00000
1926.00000 1.00000 470.00000
1927.00000 1.00000 380.00000
1928.00000 1.00000 377.00000
1929.00000 1.00000 374.00000
1930.00000 1.00000 371.00000
1931.00000 1.00000 368.00000
1932.00000 1.00000 365.00000
1933.00000 1.00000 362.00000
1934.00000 1.00000 359.00000
1935.00000 1.00000 356.00000
1936.00000 1.00000 353.00000
1937.00000 1.00000 350.00000
1938.00000 1.00000 383.00000
1939.00000 1.00000 347.00000
1940.00000 1.00000 341.00000
1941.00000 1.00000 338.00000
1942.00000 1.00000 335.00000
1943.00000 1.00000 332.00000
1944.00000 1.00000 329.00000
1945.00000 1.00000 326.00000
1946.00000 1.00000 323.00000
1947.00000 1.00000 320.00000
1948.00000 1.00000 317.00000
1949.00000 1.00000 314.00000
1950.00000 1.00000 311.00000
1951.00000 1.00000 344.00000
1952.00000 1.00000 386.00000
1953.00000 1.00000 389.00000
1954.00000 1.00000 392.00000
1955.00000 1.00000 467.00000
1956.00000 1.00000 464.00000
1957.00000 1.00000 461.00000
1958.00000 1.00000 458.00000
1959.00000 1.00000 455.00000
1960.00000 1.00000 452.00000
1961.00000 1.00000 449.00000
1962.00000 1.00000 446.00000
1963.00000 1.00000 443.00000
1964.00000 1.00000 440.00000
1965.00000 1.00000 437.00000
1966.00000 1.00000 434.00000
1967.00000 1.00000 431.00000
1968.00000 1.00000 428.00000
1969.00000 1.00000 425.00000
1970.00000 1.00000 422.00000
1971.00000 1.00000 419.00000
1972.00000 1.00000 416.00000
1973.00000 1.00000 413.00000
1974.00000 1.00000 410.00000
1975.00000 1.00000 407.00000
1976.00000 1.00000 404.00000
1977.00000 1.00000 401.00000
1978.00000 1.00000 398.00000
1979.00000 1.00000 395.00000
1980.00000 1.00000 473.00000
1981.00000 1.00000 1807.00000
