0.00000 0.98974 1464.22461
1.00000 0.98974 1464.22888
2.00000 0.98974 1464.22461
3.00000 0.98974 1464.22033
4.00000 0.98981 1468.49544
5.00000 0.98987 1459.95377
6.00000 0.98988 1472.76627
7.00000 0.98996 1477.03711
8.00000 0.99001 1455.68294
9.00000 0.99005 1481.30794
10.00000 0.99014 1485.57877
11.00000 0.99014 1451.41211
12.00000 0.99024 1489.84961
13.00000 0.99027 1447.14127
14.00000 0.99034 1494.12044
15.00000 0.99040 1442.87044
16.00000 0.99045 1498.39127
17.00000 0.99053 1438.59961
18.00000 0.99057 1502.66211
19.00000 0.99066 1434.32877
20.00000 0.99069 1506.93294
21.00000 0.99079 1430.05794
22.00000 0.99082 1511.20377
23.00000 0.99091 1425.78711
24.00000 0.99095 1515.47461
25.00000 0.99104 1421.51627
26.00000 0.99109 1519.74544
27.00000 0.99116 1417.24544
28.00000 0.99123 1524.01627
29.00000 0.99129 1412.97461
30.00000 0.99139 1528.28711
31.00000 0.99141 1408.70377
32.00000 0.99153 1404.43294
33.00000 0.99154 1532.55794
34.00000 0.99165 1400.16211
35.00000 0.99171 1536.82877
36.00000 0.99177 1395.89127
37.00000 0.99188 1541.09960
38.00000 0.99189 1391.62044
39.00000 0.99201 1387.34961
40.00000 0.99205 1545.37044
41.00000 0.99212 1383.07877
42.00000 0.99224 1378.80794
43.00000 0.99224 1549.64127
44.00000 0.99235 1374.53711
45.00000 0.99243 1553.91210
46.00000 0.99247 1370.26627
47.00000 0.99258 1365.99544
48.00000 0.99262 1558.18294
49.00000 0.99269 1361.72461
50.00000 0.99280 1357.45377
51.00000 0.99282 1562.45377
52.00000 0.99291 1353.18294
53.00000 0.99302 1348.91211
54.00000 0.99303 1566.72460
55.00000 0.99313 1344.64127
56.00000 0.99323 1340.37044
57.00000 0.99325 1570.99544
58.00000 0.99334 1336.09961
59.00000 0.99344 1331.82877
60.00000 0.99347 1575.26627
61.00000 0.99355 1327.55794
62.00000 0.99365 1323.28711
63.00000 0.99370 1579.53710
64.00000 0.99375 1319.01627
65.00000 0.99385 1314.74544
66.00000 0.99393 1583.80794
67.00000 0.99395 1310.47461
68.00000 0.99405 1306.20377
69.00000 0.99415 1301.93294
70.00000 0.99417 1588.07877
71.00000 0.99425 1297.66211
72.00000 0.99434 1293.39127
73.00000 0.99442 1592.34960
74.00000 0.99444 1289.12044
75.00000 0.99453 1284.84961
76.00000 0.99463 1280.57877
77.00000 0.99468 1596.62044
78.00000 0.99472 1276.30794
79.00000 0.99481 1272.03711
80.00000 0.99490 1267.76627
81.00000 0.99494 1600.89127
82.00000 0.99499 1263.49544
83.00000 0.99508 1259.22461
84.00000 0.99516 1254.95377
85.00000 0.99521 1605.16210
86.00000 0.99525 1250.68294
87.00000 0.99534 1246.41211
88.00000 0.99542 1242.14127
89.00000 0.99548 1609.43294
90.00000 0.99550 1237.87044
91.00000 0.99559 1233.59961
92.00000 0.99562 1232.12303
93.00000 0.99562 1232.12303
94.00000 0.99562 1232.11876
95.00000 0.99577 1613.70377
96.00000 0.99595 1227.85220
97.00000 0.99606 1617.97460
98.00000 0.99629 1223.58137
99.00000 0.99636 1622.24544
100.00000 0.99664 1219.31053
101.00000 0.99666 1626.51627
102.00000 0.99698 1630.78710
103.00000 0.99701 1215.03970
104.00000 0.99730 1635.05794
105.00000 0.99739 1210.76887
106.00000 0.99763 1639.32877
107.00000 0.99778 1206.49803
108.00000 0.99797 1643.59960
109.00000 0.99819 1202.22720
110.00000 0.99831 1647.87044
111.00000 0.99861 1197.95637
112.00000 0.99866 1652.14127
113.00000 0.99903 1656.41210
114.00000 0.99905 1193.68553
115.00000 0.99940 1660.68294
116.00000 0.99950 1189.41470
117.00000 0.99977 1664.95377
118.00000 0.99981 1665.34203
119.00000 0.99988 1666.11854
120.00000 0.99989 1666.25973
121.00000 0.99992 1666.54210
122.00000 0.99996 1185.14387
123.00000 0.99997 1185.10857
124.00000 0.99997 1667.10684
125.00000 0.99998 1667.20952
126.00000 0.99998 1185.03798
127.00000 0.99999 1184.87112
128.00000 0.99999 1184.89679
129.00000 1.00000 1482.00000
130.00000 1.00000 1485.00000
131.00000 1.00000 1488.00000
132.00000 1.00000 1491.00000
133.00000 1.00000 1476.00000
134.00000 1.00000 1473.00000
135.00000 1.00000 1470.00000
136.00000 1.00000 1479.00000
137.00000 1.00000 1629.00000
138.00000 1.00000 1494.00000
139.00000 1.00000 1497.00000
140.00000 1.00000 1500.00000
141.00000 1.00000 1503.00000
142.00000 1.00000 1506.00000
143.00000 1.00000 1509.00000
144.00000 1.00000 1512.00000
145.00000 1.00000 1515.00000
146.00000 1.00000 1518.00000
147.00000 1.00000 1521.00000
148.00000 1.00000 1467.00000
149.00000 1.00000 1464.00000
150.00000 1.00000 1443.00000
151.00000 1.00000 1458.00000
152.00000 1.00000 1404.00000
153.00000 1.00000 1407.00000
154.00000 1.00000 1410.00000
155.00000 1.00000 1413.00000
156.00000 1.00000 1416.00000
157.00000 1.00000 1419.00000
158.00000 1.00000 1422.00000
159.00000 1.00000 1425.00000
160.00000 1.00000 1461.00000
161.00000 1.00000 1428.00000
162.00000 1.00000 1434.00000
163.00000 1.00000 1437.00000
164.00000 1.00000 1440.00000
165.00000 1.00000 1524.00000
166.00000 1.00000 1446.00000
167.00000 1.00000 1449.00000
168.00000 1.00000 1452.00000
169.00000 1.00000 1455.00000
170.00000 1.00000 1431.00000
171.00000 1.00000 1527.00000
172.00000 1.00000 1548.00000
173.00000 1.00000 1533.00000
174.00000 1.00000 1605.00000
175.00000 1.00000 1608.00000
176.00000 1.00000 1611.00000
177.00000 1.00000 1614.00000
178.00000 1.00000 1617.00000
179.00000 1.00000 1620.00000
180.00000 1.00000 1623.00000
181.00000 1.00000 1626.00000
182.00000 1.00000 1602.00000
183.00000 1.00000 1659.00000
184.00000 1.00000 1653.00000
185.00000 1.00000 1650.00000
186.00000 1.00000 1647.00000
187.00000 1.00000 1644.00000
188.00000 1.00000 1641.00000
189.00000 1.00000 1638.00000
190.00000 1.00000 1635.00000
191.00000 1.00000 1632.00000
192.00000 1.00000 1656.00000
193.00000 1.00000 1599.00000
194.00000 1.00000 1596.00000
195.00000 1.00000 1593.00000
196.00000 1.00000 1536.00000
197.00000 1.00000 1539.00000
198.00000 1.00000 1542.00000
199.00000 1.00000 1545.00000
200.00000 1.00000 1401.00000
201.00000 1.00000 1551.00000
202.00000 1.00000 1554.00000
203.00000 1.00000 1557.00000
204.00000 1.00000 1560.00000
205.00000 1.00000 1563.00000
206.00000 1.00000 1566.00000
207.00000 1.00000 1569.00000
208.00000 1.00000 1572.00000
209.00000 1.00000 1575.00000
210.00000 1.00000 1578.00000
211.00000 1.00000 1581.00000
212.00000 1.00000 1584.00000
213.00000 1.00000 1587.00000
214.00000 1.00000 1590.00000
215.00000 1.00000 1530.00000
216.00000 1.00000 1398.00000
217.00000 1.00000 1206.00000
218.00000 1.00000 1392.00000
219.00000 1.00000 1203.00000
220.00000 1.00000 1662.00000
221.00000 1.00000 1209.00000
222.00000 1.00000 1212.00000
223.00000 1.00000 1215.00000
224.00000 1.00000 1218.00000
225.00000 1.00000 1221.00000
226.00000 1.00000 1224.00000
227.00000 1.00000 1200.00000
228.00000 1.00000 1227.00000
229.00000 1.00000 1233.00000
230.00000 1.00000 1236.00000
231.00000 1.00000 1239.00000
232.00000 1.00000 1242.00000
233.00000 1.00000 1245.00000
234.00000 1.00000 1248.00000
235.00000 1.00000 1251.00000
236.00000 1.00000 1254.00000
237.00000 1.00000 1230.00000
238.00000 1.00000 1197.00000
239.00000 1.00000 1194.00000
240.00000 1.00000 1191.00000
241.00000 1.00000 1184.81978
242.00000 1.00000 1184.81894
243.00000 1.00000 1184.81724
244.00000 1.00000 1184.81693
245.00000 1.00000 1184.81631
246.00000 1.00000 1184.81508
247.00000 1.00000 1184.81485
248.00000 1.00000 1184.81481
249.00000 1.00000 1184.81481
250.00000 1.00000 1184.81479
251.00000 1.00000 1184.81479
252.00000 1.00000 1667.41487
253.00000 1.00000 1667.45221
254.00000 1.00000 1667.45283
255.00000 1.00000 1667.45406
256.00000 1.00000 1667.45408
257.00000 1.00000 1667.45408
258.00000 1.00000 1185.00000
259.00000 1.00000 1188.00000
260.00000 1.00000 1257.00000
261.00000 1.00000 1395.00000
262.00000 1.00000 1260.00000
263.00000 1.00000 1266.00000
264.00000 1.00000 1338.00000
265.00000 1.00000 1341.00000
266.00000 1.00000 1344.00000
267.00000 1.00000 1347.00000
268.00000 1.00000 1350.00000
269.00000 1.00000 1353.00000
270.00000 1.00000 1356.00000
271.00000 1.00000 1359.00000
272.00000 1.00000 1335.00000
273.00000 1.00000 1362.00000
274.00000 1.00000 1368.00000
275.00000 1.00000 1371.00000
276.00000 1.00000 1374.00000
277.00000 1.00000 1377.00000
278.00000 1.00000 1380.00000
279.00000 1.00000 1383.00000
280.00000 1.00000 1386.00000
281.00000 1.00000 1389.00000
282.00000 1.00000 1365.00000
283.00000 1.00000 1332.00000
284.00000 1.00000 1329.00000
285.00000 1.00000 1326.00000
286.00000 1.00000 1269.00000
287.00000 1.00000 1272.00000
288.00000 1.00000 1275.00000
289.00000 1.00000 1278.00000
290.00000 1.00000 1281.00000
291.00000 1.00000 1284.00000
292.00000 1.00000 1287.00000
293.00000 1.00000 1290.00000
294.00000 1.00000 1293.00000
295.00000 1.00000 1296.00000
296.00000 1.00000 1299.00000
297.00000 1.00000 1302.00000
298.00000 1.00000 1305.00000
299.00000 1.00000 1308.00000
300.00000 1.00000 1311.00000
301.00000 1.00000 1314.00000
302.00000 1.00000 1317.00000
303.00000 1.00000 1320.00000
304.00000 1.00000 1323.00000
305.00000 1.00000 1263.00000
306.00000 1.00000 1665.00000
