0.00000 0.57804 1506.87499
1.00000 0.57804 1498.33332
2.00000 0.57804 1494.06249
3.00000 0.57804 1485.52082
4.00000 0.57804 1489.79166
5.00000 0.57804 1502.60416
6.00000 0.57805 1511.14582
7.00000 0.57805 1523.95832
8.00000 0.57805 1481.24999
9.00000 0.57805 1472.70832
10.00000 0.57805 1468.43749
11.00000 0.57805 1476.97916
12.00000 0.57805 1519.68749
13.00000 0.57805 1515.41666
14.00000 0.57805 1464.16666
15.00000 0.57806 1459.89582
16.00000 0.57806 1455.62499
17.00000 0.57806 1528.22916
18.00000 0.57806 1532.49999
19.00000 0.57806 1536.77082
20.00000 0.57807 1541.04166
21.00000 0.57807 1545.31249
22.00000 0.57807 1442.81249
23.00000 0.57807 1451.35416
24.00000 0.57807 1447.08332
25.00000 0.57808 1553.85416
26.00000 0.57808 1438.54166
27.00000 0.57808 1549.58332
28.00000 0.57809 1558.12499
29.00000 0.57809 1562.39582
30.00000 0.57809 1429.99999
31.00000 0.57809 1434.27082
32.00000 0.57810 1425.72916
33.00000 0.57810 1566.66666
34.00000 0.57810 1570.93749
35.00000 0.57811 1417.18749
36.00000 0.57811 1421.45832
37.00000 0.57811 1575.20832
38.00000 0.57812 1583.74999
39.00000 0.57812 1412.91666
40.00000 0.57812 1579.47916
41.00000 0.57813 1588.02082
42.00000 0.57813 1408.64582
43.00000 0.57814 1592.29166
44.00000 0.57814 1404.37499
45.00000 0.57815 1596.56249
46.00000 0.57815 1400.10416
47.00000 0.57816 1600.83332
48.00000 0.57816 1395.83332
49.00000 0.57817 1605.10416
50.00000 0.57817 1391.56249
51.00000 0.57818 1387.29166
52.00000 0.57818 1609.37499
53.00000 0.57819 1383.02082
54.00000 0.57819 1613.64582
55.00000 0.57820 1617.91666
56.00000 0.57821 1622.18749
57.00000 0.57821 1378.74999
58.00000 0.57822 1374.47916
59.00000 0.57822 1626.45832
60.00000 0.57823 1370.20832
61.00000 0.57823 1630.72916
62.00000 0.57824 1634.99999
63.00000 0.57825 1639.27082
64.00000 0.57825 1365.93749
65.00000 0.57826 1643.54166
66.00000 0.57826 1361.66666
67.00000 0.57827 1647.81249
68.00000 0.57828 1357.39582
69.00000 0.57828 1652.08332
70.00000 0.57829 1353.12499
71.00000 0.57830 1656.35416
72.00000 0.57831 1348.85416
73.00000 0.57831 1660.62499
74.00000 0.57832 1344.58332
75.00000 0.57832 1664.89582
76.00000 0.57834 1340.31249
77.00000 0.57834 1669.16666
78.00000 0.57835 1673.43749
79.00000 0.57836 1336.04166
80.00000 0.57836 1677.70832
81.00000 0.57838 1331.77082
82.00000 0.57838 1681.97916
83.00000 0.57839 1327.49999
84.00000 0.57839 1686.24999
85.00000 0.57839 1687.21035
86.00000 0.57839 1687.21035
87.00000 0.57840 1687.21462
88.00000 0.57841 1323.22916
89.00000 0.57843 1318.95832
90.00000 0.57845 1314.68749
91.00000 0.57847 1310.41666
92.00000 0.57850 1306.14582
93.00000 0.57852 1301.87499
94.00000 0.57854 1297.60416
95.00000 0.57856 1293.33332
96.00000 0.57859 1289.06249
97.00000 0.57861 1284.79166
98.00000 0.57864 1280.52082
99.00000 0.57866 1276.24999
100.00000 0.57869 1271.97916
101.00000 0.57872 1267.70833
102.00000 0.57874 1263.43749
103.00000 0.57877 1259.16666
104.00000 0.57880 1254.89583
105.00000 0.57883 1250.62499
106.00000 0.57886 1246.35416
107.00000 0.57889 1242.08333
108.00000 0.57892 1237.81249
109.00000 0.57896 1233.54166
110.00000 0.57899 1229.27083
111.00000 0.57902 1224.99999
112.00000 0.57906 1220.72916
113.00000 0.57909 1216.45833
114.00000 0.57913 1212.18749
115.00000 0.57916 1207.91666
116.00000 0.57920 1203.64583
117.00000 0.57924 1199.37499
118.00000 0.57928 1195.10416
119.00000 0.57932 1190.83333
120.00000 0.57936 1186.56249
121.00000 0.57940 1182.29166
122.00000 0.57944 1178.02083
123.00000 0.57948 1173.74999
124.00000 0.57952 1169.47916
125.00000 0.57957 1165.20833
126.00000 0.57961 1160.93749
127.00000 0.57965 1156.66666
128.00000 0.57970 1152.39583
129.00000 0.57975 1148.12499
130.00000 0.57979 1143.85416
131.00000 0.57984 1139.58333
132.00000 0.57989 1135.31249
133.00000 0.57994 1131.04166
134.00000 0.57999 1126.77083
135.00000 0.58004 1122.49999
136.00000 0.58009 1118.22916
137.00000 0.58015 1113.95833
138.00000 0.58020 1109.68749
139.00000 0.58025 1105.41666
140.00000 0.58031 1101.14583
141.00000 0.58036 1096.87499
142.00000 0.58042 1092.60416
143.00000 0.58048 1088.33333
144.00000 0.58054 1084.06249
145.00000 0.58060 1079.79166
146.00000 0.58066 1075.52083
147.00000 0.58072 1071.24999
148.00000 0.58078 1066.97916
149.00000 0.58084 1062.70833
150.00000 0.58091 1058.43749
151.00000 0.58097 1054.16666
152.00000 0.58103 1049.89583
153.00000 0.58105 1691.48119
154.00000 0.58110 1045.62499
155.00000 0.58117 1041.35416
156.00000 0.58124 1037.08333
157.00000 0.58130 1032.81249
158.00000 0.58137 1028.54166
159.00000 0.58145 1024.27083
160.00000 0.58152 1019.99999
161.00000 0.58159 1015.72916
162.00000 0.58166 1011.45833
163.00000 0.58174 1007.18749
164.00000 0.58181 1002.91666
165.00000 0.58189 998.64583
166.00000 0.58197 994.37499
167.00000 0.58204 990.10416
168.00000 0.58212 985.83333
169.00000 0.58220 981.56249
170.00000 0.58228 977.29166
171.00000 0.58237 973.02083
172.00000 0.58245 968.74999
173.00000 0.58253 964.47916
174.00000 0.58262 960.20833
175.00000 0.58270 955.93749
176.00000 0.58279 951.66666
177.00000 0.58288 947.39583
178.00000 0.58297 943.12499
179.00000 0.58306 938.85416
180.00000 0.58315 934.58333
181.00000 0.58324 930.31249
182.00000 0.58334 926.04166
183.00000 0.58343 921.77083
184.00000 0.58352 917.49999
185.00000 0.58359 1695.75202
186.00000 0.58362 913.22916
187.00000 0.58372 908.95833
188.00000 0.58382 904.68749
189.00000 0.58392 900.41666
190.00000 0.58402 896.14583
191.00000 0.58412 891.87499
192.00000 0.58422 887.60416
193.00000 0.58433 883.33333
194.00000 0.58443 879.06249
195.00000 0.58454 874.79166
196.00000 0.58465 870.52083
197.00000 0.58475 866.24999
198.00000 0.58486 861.97916
199.00000 0.58497 857.70833
200.00000 0.58509 853.43749
201.00000 0.58520 849.16666
202.00000 0.58531 844.89583
203.00000 0.58543 840.62500
204.00000 0.58555 836.35416
205.00000 0.58567 832.08333
206.00000 0.58578 827.81250
207.00000 0.58591 823.54166
208.00000 0.58600 1700.02285
209.00000 0.58603 819.27083
210.00000 0.58615 815.00000
211.00000 0.58627 810.72916
212.00000 0.58640 806.45833
213.00000 0.58653 802.18750
214.00000 0.58665 797.91666
215.00000 0.58678 793.64583
216.00000 0.58691 789.37500
217.00000 0.58705 785.10416
218.00000 0.58718 780.83333
219.00000 0.58731 776.56250
220.00000 0.58745 772.29166
221.00000 0.58759 768.02083
222.00000 0.58772 763.75000
223.00000 0.58786 759.47916
224.00000 0.58801 755.20833
225.00000 0.58815 750.93750
226.00000 0.58829 746.66666
227.00000 0.58832 1704.29369
228.00000 0.58844 742.39583
229.00000 0.58858 738.12500
230.00000 0.58873 733.85416
231.00000 0.58888 729.58333
232.00000 0.58903 725.31250
233.00000 0.58918 721.04166
234.00000 0.58934 716.77083
235.00000 0.58949 712.50000
236.00000 0.58965 708.22916
237.00000 0.58981 703.95833
238.00000 0.58997 699.68750
239.00000 0.59013 695.41666
240.00000 0.59029 691.14583
241.00000 0.59045 686.87500
242.00000 0.59053 1708.56452
243.00000 0.59062 682.60416
244.00000 0.59079 678.33333
245.00000 0.59095 674.06250
246.00000 0.59112 669.79166
247.00000 0.59130 665.52083
248.00000 0.59147 661.25000
249.00000 0.59164 656.97916
250.00000 0.59182 652.70833
251.00000 0.59200 648.43750
252.00000 0.59218 644.16666
253.00000 0.59236 639.89583
254.00000 0.59254 635.62500
255.00000 0.59266 1712.83535
256.00000 0.59273 631.35416
257.00000 0.59291 627.08333
258.00000 0.59310 622.81250
259.00000 0.59329 618.54166
260.00000 0.59348 614.27083
261.00000 0.59367 610.00000
262.00000 0.59387 605.72916
263.00000 0.59406 601.45833
264.00000 0.59426 597.18750
265.00000 0.59446 592.91666
266.00000 0.59466 588.64583
267.00000 0.59470 1717.10619
268.00000 0.59487 584.37500
269.00000 0.59507 580.10416
270.00000 0.59528 575.83333
271.00000 0.59549 571.56250
272.00000 0.59570 567.29166
273.00000 0.59591 563.02083
274.00000 0.59612 558.75000
275.00000 0.59634 554.47916
276.00000 0.59656 550.20833
277.00000 0.59667 1721.37702
278.00000 0.59678 545.93750
279.00000 0.59700 541.66666
280.00000 0.59723 537.39583
281.00000 0.59745 533.12500
282.00000 0.59768 528.85416
283.00000 0.59791 524.58333
284.00000 0.59814 520.31250
285.00000 0.59838 516.04166
286.00000 0.59856 1725.64785
287.00000 0.59861 511.77083
288.00000 0.59885 507.50000
289.00000 0.59909 503.22916
290.00000 0.59933 498.95833
291.00000 0.59958 494.68750
292.00000 0.59982 490.41666
293.00000 0.60007 486.14583
294.00000 0.60032 481.87500
295.00000 0.60038 1729.91869
296.00000 0.60058 477.60416
297.00000 0.60083 473.33333
298.00000 0.60109 469.06250
299.00000 0.60135 464.79166
300.00000 0.60161 460.52083
301.00000 0.60188 456.25000
302.00000 0.60214 451.97916
303.00000 0.60215 1734.18952
304.00000 0.60241 447.70833
305.00000 0.60269 443.43750
306.00000 0.60296 439.16666
307.00000 0.60324 434.89583
308.00000 0.60352 430.62500
309.00000 0.60380 426.35416
310.00000 0.60385 1738.46035
311.00000 0.60408 422.08333
312.00000 0.60437 417.81250
313.00000 0.60466 413.54166
314.00000 0.60495 409.27083
315.00000 0.60525 405.00000
316.00000 0.60549 1742.73119
317.00000 0.60554 400.72917
318.00000 0.60584 396.45833
319.00000 0.60615 392.18750
320.00000 0.60645 387.91667
321.00000 0.60676 383.64583
322.00000 0.60708 379.37500
323.00000 0.60708 1747.00202
324.00000 0.60739 375.10417
325.00000 0.60771 370.83333
326.00000 0.60803 366.56250
327.00000 0.60835 362.29167
328.00000 0.60862 1751.27285
329.00000 0.60868 358.02083
330.00000 0.60901 353.75000
331.00000 0.60935 349.47917
332.00000 0.60968 345.20833
333.00000 0.61002 340.93750
334.00000 0.61012 1755.54369
335.00000 0.61037 336.66667
336.00000 0.61071 332.39583
337.00000 0.61107 328.12500
338.00000 0.61142 323.85417
339.00000 0.61156 1759.81452
340.00000 0.61178 319.58333
341.00000 0.61214 315.31250
342.00000 0.61251 311.04167
343.00000 0.61288 306.77083
344.00000 0.61297 1764.08535
345.00000 0.61325 302.50000
346.00000 0.61363 298.22917
347.00000 0.61401 293.95833
348.00000 0.61434 1768.35619
349.00000 0.61440 289.68750
350.00000 0.61479 285.41667
351.00000 0.61518 281.14583
352.00000 0.61558 276.87500
353.00000 0.61567 1772.62702
354.00000 0.61599 272.60417
355.00000 0.61639 268.33333
356.00000 0.61681 264.06250
357.00000 0.61696 1776.89785
358.00000 0.61723 259.79167
359.00000 0.61765 255.52083
360.00000 0.61808 251.25000
361.00000 0.61822 1781.16869
362.00000 0.61851 246.97917
363.00000 0.61895 242.70833
364.00000 0.61940 238.43750
365.00000 0.61945 1785.43952
366.00000 0.61985 234.16667
367.00000 0.62031 229.89583
368.00000 0.62064 1789.71035
369.00000 0.62077 225.62500
370.00000 0.62124 221.35417
371.00000 0.62172 217.08333
372.00000 0.62181 1793.98119
373.00000 0.62220 212.81250
374.00000 0.62269 208.54167
375.00000 0.62294 1798.25202
376.00000 0.62319 204.27083
377.00000 0.62369 200.00427
378.00000 0.62369 200.00000
379.00000 0.62405 1802.52285
380.00000 0.62514 1806.79369
381.00000 0.62620 1811.06452
382.00000 0.62724 1815.33535
383.00000 0.62825 1819.60619
384.00000 0.62925 1823.87702
385.00000 0.63022 1828.14785
386.00000 0.63118 1832.41869
387.00000 0.63212 1836.68952
388.00000 0.63304 1840.96035
389.00000 0.63394 1845.23119
390.00000 0.63483 1849.50202
391.00000 0.63570 1853.77285
392.00000 0.63656 1858.04369
393.00000 0.63741 1862.31452
394.00000 0.63824 1866.58535
395.00000 0.63906 1870.85619
396.00000 0.63987 1875.12702
397.00000 0.64067 1879.39785
398.00000 0.64146 1883.66869
399.00000 0.64225 1887.93952
400.00000 0.64302 1892.21035
401.00000 0.64379 1896.48119
402.00000 0.64455 1900.75202
403.00000 0.64531 1905.02285
404.00000 0.64607 1909.29368
405.00000 0.64682 1913.56452
406.00000 0.64757 1917.83535
407.00000 0.64832 1922.10618
408.00000 0.64907 1926.37702
409.00000 0.64983 1930.64785
410.00000 0.65059 1934.91868
411.00000 0.65136 1939.18952
412.00000 0.65214 1943.46035
413.00000 0.65294 1947.73118
414.00000 0.65376 1952.00202
415.00000 0.65461 1956.27285
416.00000 0.65550 1960.54368
417.00000 0.65645 1964.81452
418.00000 0.65749 1969.08535
419.00000 0.65867 1973.35618
420.00000 0.66015 1977.62702
421.00000 0.66032 1978.01528
422.00000 0.66068 1978.79179
423.00000 0.66160 1980.34482
424.00000 0.66183 1980.62719
425.00000 0.66249 1981.19193
426.00000 0.66271 1981.29461
427.00000 0.66277 1981.31328
428.00000 0.66293 1981.35062
429.00000 0.66299 1981.35916
430.00000 0.66313 1981.36354
431.00000 0.66339 1981.32133
432.00000 0.66391 1981.03234
433.00000 0.66443 1980.46922
434.00000 0.66544 1978.51305
435.00000 0.66643 1975.43590
436.00000 0.66667 506.08137
437.00000 0.66667 501.81054
438.00000 0.66667 497.53971
439.00000 0.66667 493.26887
440.00000 0.66667 488.99804
441.00000 0.66667 484.72721
442.00000 0.66667 480.45637
443.00000 0.66667 476.18554
444.00000 0.66667 471.91471
445.00000 0.66667 467.64387
446.00000 0.66667 433.47721
447.00000 0.66667 459.10221
448.00000 0.66667 454.83137
449.00000 0.66667 450.56054
450.00000 0.66667 446.28971
451.00000 0.66667 442.01887
452.00000 0.66667 437.74804
453.00000 0.66667 540.24804
454.00000 0.66667 429.20637
455.00000 0.66667 424.93554
456.00000 0.66667 420.66471
457.00000 0.66667 510.35221
458.00000 0.66667 463.37304
459.00000 0.66667 514.62304
460.00000 0.66667 591.49804
461.00000 0.66667 523.16471
462.00000 0.66667 544.51887
463.00000 0.66667 548.78971
464.00000 0.66667 553.06054
465.00000 0.66667 557.33137
466.00000 0.66667 561.60221
467.00000 0.66667 565.87304
468.00000 0.66667 570.14387
469.00000 0.66667 574.41471
470.00000 0.66667 578.68554
471.00000 0.66667 582.95637
472.00000 0.66667 587.22721
473.00000 0.66667 416.39387
474.00000 0.66667 595.76887
475.00000 0.66667 600.03971
476.00000 0.66667 604.31054
477.00000 0.66667 608.58137
478.00000 0.66667 612.85221
479.00000 0.66667 617.12304
480.00000 0.66667 621.39387
481.00000 0.66667 531.70637
482.00000 0.66667 527.43554
483.00000 0.66667 518.89387
484.00000 0.66667 412.12304
485.00000 0.66667 535.97721
486.00000 0.66667 403.58137
487.00000 0.66667 288.26887
488.00000 0.66667 283.99804
489.00000 0.66667 200.00000
490.00000 0.66667 202.85221
491.00000 0.66667 207.12304
492.00000 0.66667 215.66471
493.00000 0.66667 219.93554
494.00000 0.66667 224.20638
495.00000 0.66667 228.47721
496.00000 0.66667 232.74804
497.00000 0.66667 292.53971
498.00000 0.66667 237.01887
499.00000 0.66667 245.56054
500.00000 0.66667 249.83137
501.00000 0.66667 254.10221
502.00000 0.66667 407.85221
503.00000 0.66667 258.37304
504.00000 0.66667 262.64387
505.00000 0.66667 266.91471
506.00000 0.66667 271.18554
507.00000 0.66667 275.45637
508.00000 0.66667 279.72721
509.00000 0.66667 241.28971
510.00000 0.66667 296.81054
511.00000 0.66667 211.39388
512.00000 0.66667 305.35221
513.00000 0.66667 399.31054
514.00000 0.66667 395.03971
515.00000 0.66667 390.76887
516.00000 0.66667 386.49804
517.00000 0.66667 301.08137
518.00000 0.66667 377.95637
519.00000 0.66667 373.68554
520.00000 0.66667 369.41471
521.00000 0.66667 365.14387
522.00000 0.66667 360.87304
523.00000 0.66667 356.60221
524.00000 0.66667 382.22721
525.00000 0.66667 348.06054
526.00000 0.66667 352.33137
527.00000 0.66667 309.62304
528.00000 0.66667 313.89387
529.00000 0.66667 322.43554
530.00000 0.66667 326.70637
531.00000 0.66667 318.16471
532.00000 0.66667 330.97721
533.00000 0.66667 335.24804
534.00000 0.66667 339.51887
535.00000 0.66667 343.78971
536.00000 0.66668 655.56054
537.00000 0.66668 642.74804
538.00000 0.66668 647.01887
539.00000 0.66668 651.28971
540.00000 0.66668 638.47721
541.00000 0.66668 659.83137
542.00000 0.66668 629.93554
543.00000 0.66668 625.66471
544.00000 0.66668 634.20637
545.00000 0.66669 668.37304
546.00000 0.66669 672.64387
547.00000 0.66669 676.91470
548.00000 0.66669 681.18554
549.00000 0.66669 664.10220
550.00000 0.66669 685.45637
551.00000 0.66670 689.72720
552.00000 0.66670 698.26887
553.00000 0.66670 702.53970
554.00000 0.66670 693.99804
555.00000 0.66671 706.81054
556.00000 0.66671 711.08137
557.00000 0.66671 715.35220
558.00000 0.66672 719.62304
559.00000 0.66672 723.89387
560.00000 0.66672 728.16470
561.00000 0.66673 732.43554
562.00000 0.66673 736.70637
563.00000 0.66674 740.97720
564.00000 0.66674 745.24804
565.00000 0.66675 749.51887
566.00000 0.66675 753.78970
567.00000 0.66676 758.06054
568.00000 0.66676 762.33137
569.00000 0.66677 766.60220
570.00000 0.66678 770.87304
571.00000 0.66678 775.14387
572.00000 0.66679 779.41470
573.00000 0.66680 787.95637
574.00000 0.66680 783.68554
575.00000 0.66681 792.22720
576.00000 0.66682 796.49804
577.00000 0.66683 800.76887
578.00000 0.66684 805.03970
579.00000 0.66685 809.31054
580.00000 0.66686 813.58137
581.00000 0.66687 817.85220
582.00000 0.66688 822.12304
583.00000 0.66689 826.39387
584.00000 0.66690 830.66470
585.00000 0.66691 834.93554
586.00000 0.66692 839.20637
587.00000 0.66694 843.47720
588.00000 0.66695 847.74804
589.00000 0.66696 852.01887
590.00000 0.66698 856.28970
591.00000 0.66699 860.56054
592.00000 0.66701 864.83137
593.00000 0.66702 869.10220
594.00000 0.66704 873.37304
595.00000 0.66706 877.64387
596.00000 0.66707 881.91470
597.00000 0.66709 886.18554
598.00000 0.66711 890.45637
599.00000 0.66713 894.72720
600.00000 0.66715 898.99804
601.00000 0.66717 903.26887
602.00000 0.66719 907.53970
603.00000 0.66721 911.81054
604.00000 0.66723 916.08137
605.00000 0.66725 920.35220
606.00000 0.66728 924.62304
607.00000 0.66730 928.89387
608.00000 0.66733 933.16470
609.00000 0.66735 937.43554
610.00000 0.66738 941.70637
611.00000 0.66739 1971.21691
612.00000 0.66740 945.97720
613.00000 0.66743 950.24804
614.00000 0.66746 954.51887
615.00000 0.66748 958.78970
616.00000 0.66751 963.06054
617.00000 0.66754 967.33137
618.00000 0.66757 971.60220
619.00000 0.66760 975.87304
620.00000 0.66763 980.14387
621.00000 0.66767 984.41470
622.00000 0.66770 988.68554
623.00000 0.66773 992.95637
624.00000 0.66777 997.22720
625.00000 0.66780 1001.49804
626.00000 0.66784 1005.76887
627.00000 0.66787 1968.67138
628.00000 0.66787 1010.03970
629.00000 0.66791 1014.31054
630.00000 0.66794 1018.58137
631.00000 0.66798 1022.85220
632.00000 0.66802 1027.12304
633.00000 0.66806 1031.39387
634.00000 0.66808 1967.47657
635.00000 0.66810 1035.66470
636.00000 0.66814 1039.93554
637.00000 0.66818 1044.20637
638.00000 0.66822 1048.47720
639.00000 0.66826 1052.74804
640.00000 0.66830 1057.01887
641.00000 0.66834 1061.28970
642.00000 0.66839 1065.56054
643.00000 0.66843 1069.83137
644.00000 0.66846 1965.08693
645.00000 0.66847 1074.10220
646.00000 0.66852 1078.37304
647.00000 0.66856 1082.64387
648.00000 0.66861 1086.91470
649.00000 0.66866 1091.18553
650.00000 0.66871 1095.45637
651.00000 0.66875 1099.72720
652.00000 0.66880 1103.99803
653.00000 0.66885 1108.26887
654.00000 0.66890 1112.53970
655.00000 0.66895 1116.81053
656.00000 0.66900 1121.08137
657.00000 0.66905 1125.35220
658.00000 0.66907 1960.81610
659.00000 0.66911 1129.62303
660.00000 0.66916 1133.89387
661.00000 0.66921 1138.16470
662.00000 0.66927 1142.43553
663.00000 0.66932 1146.70637
664.00000 0.66938 1150.97720
665.00000 0.66943 1155.24803
666.00000 0.66949 1159.51887
667.00000 0.66955 1163.78970
668.00000 0.66960 1168.06053
669.00000 0.66961 1956.54526
670.00000 0.66966 1172.33137
671.00000 0.66972 1176.60220
672.00000 0.66978 1180.87303
673.00000 0.66984 1185.14387
674.00000 0.66990 1189.41470
675.00000 0.66996 1193.68553
676.00000 0.67003 1197.95637
677.00000 0.67009 1202.22720
678.00000 0.67011 1952.27443
679.00000 0.67015 1206.49803
680.00000 0.67022 1210.76887
681.00000 0.67028 1215.03970
682.00000 0.67035 1219.31053
683.00000 0.67041 1223.58137
684.00000 0.67048 1227.85220
685.00000 0.67055 1232.11876
686.00000 0.67055 1232.12303
687.00000 0.67055 1232.12303
688.00000 0.67056 1948.00360
689.00000 0.67057 1233.59961
690.00000 0.67064 1237.87044
691.00000 0.67070 1242.14127
692.00000 0.67077 1246.41211
693.00000 0.67084 1250.68294
694.00000 0.67091 1254.95377
695.00000 0.67097 1259.22461
696.00000 0.67098 1943.73276
697.00000 0.67104 1263.49544
698.00000 0.67111 1267.76627
699.00000 0.67119 1272.03711
700.00000 0.67126 1276.30794
701.00000 0.67133 1280.57877
702.00000 0.67137 1939.46193
703.00000 0.67140 1284.84961
704.00000 0.67148 1289.12044
705.00000 0.67155 1293.39127
706.00000 0.67163 1297.66211
707.00000 0.67170 1301.93294
708.00000 0.67174 1935.19110
709.00000 0.67178 1306.20377
710.00000 0.67186 1310.47461
711.00000 0.67193 1314.74544
712.00000 0.67201 1319.01627
713.00000 0.67209 1323.28711
714.00000 0.67209 1930.92026
715.00000 0.67217 1327.55794
716.00000 0.67225 1331.82877
717.00000 0.67234 1336.09961
718.00000 0.67242 1340.37044
719.00000 0.67243 1926.64943
720.00000 0.67250 1344.64127
721.00000 0.67258 1348.91211
722.00000 0.67267 1353.18294
723.00000 0.67274 1922.37860
724.00000 0.67275 1357.45377
725.00000 0.67284 1361.72461
726.00000 0.67292 1365.99544
727.00000 0.67301 1370.26627
728.00000 0.67305 1918.10776
729.00000 0.67310 1374.53711
730.00000 0.67319 1378.80794
731.00000 0.67328 1383.07877
732.00000 0.67334 1913.83693
733.00000 0.67337 1387.34961
734.00000 0.67346 1391.62044
735.00000 0.67355 1395.89127
736.00000 0.67362 1909.56610
737.00000 0.67364 1400.16211
738.00000 0.67373 1404.43294
739.00000 0.67383 1408.70377
740.00000 0.67389 1905.29526
741.00000 0.67392 1412.97461
742.00000 0.67402 1417.24544
743.00000 0.67411 1421.51627
744.00000 0.67416 1901.02443
745.00000 0.67421 1425.78711
746.00000 0.67430 1430.05794
747.00000 0.67440 1434.32877
748.00000 0.67441 1896.75360
749.00000 0.67450 1438.59961
750.00000 0.67460 1442.87044
751.00000 0.67466 1892.48276
752.00000 0.67470 1447.14127
753.00000 0.67480 1451.41211
754.00000 0.67489 1888.21193
755.00000 0.67490 1455.68294
756.00000 0.67500 1459.95377
757.00000 0.67510 1464.22461
758.00000 0.67510 1464.22033
759.00000 0.67510 1464.22461
760.00000 0.67512 1883.94110
761.00000 0.67517 1467.17816
762.00000 0.67527 1471.44899
763.00000 0.67535 1879.67026
764.00000 0.67537 1475.71983
765.00000 0.67547 1479.99066
766.00000 0.67557 1875.39943
767.00000 0.67557 1484.26149
768.00000 0.67568 1488.53233
769.00000 0.67578 1871.12860
770.00000 0.67578 1492.80316
771.00000 0.67588 1497.07399
772.00000 0.67599 1501.34482
773.00000 0.67599 1866.85776
774.00000 0.67609 1505.61566
775.00000 0.67619 1862.58693
776.00000 0.67619 1509.88649
777.00000 0.67630 1514.15732
778.00000 0.67639 1858.31610
779.00000 0.67641 1518.42816
780.00000 0.67651 1522.69899
781.00000 0.67658 1854.04526
782.00000 0.67662 1526.96982
783.00000 0.67672 1531.24066
784.00000 0.67677 1849.77443
785.00000 0.67683 1535.51149
786.00000 0.67694 1539.78232
787.00000 0.67695 1845.50360
788.00000 0.67705 1544.05316
789.00000 0.67713 1841.23276
790.00000 0.67716 1548.32399
791.00000 0.67727 1552.59482
792.00000 0.67731 1836.96193
793.00000 0.67738 1556.86566
794.00000 0.67748 1832.69110
795.00000 0.67749 1561.13649
796.00000 0.67760 1565.40732
797.00000 0.67765 1828.42026
798.00000 0.67771 1569.67816
799.00000 0.67781 1824.14943
800.00000 0.67782 1573.94899
801.00000 0.67793 1578.21982
802.00000 0.67797 1819.87860
803.00000 0.67805 1582.49066
804.00000 0.67813 1815.60776
805.00000 0.67816 1586.76149
806.00000 0.67827 1591.03232
807.00000 0.67829 1811.33693
808.00000 0.67839 1595.30316
809.00000 0.67844 1807.06610
810.00000 0.67850 1599.57399
811.00000 0.67859 1802.79526
812.00000 0.67862 1603.84482
813.00000 0.67873 1608.11566
814.00000 0.67873 1798.52443
815.00000 0.67885 1612.38649
816.00000 0.67887 1794.25360
817.00000 0.67896 1616.65732
818.00000 0.67901 1789.98276
819.00000 0.67908 1620.92816
820.00000 0.67915 1785.71193
821.00000 0.67920 1625.19899
822.00000 0.67929 1781.44110
823.00000 0.67931 1629.46982
824.00000 0.67942 1777.17026
825.00000 0.67943 1633.74066
826.00000 0.67955 1638.01149
827.00000 0.67955 1772.89943
828.00000 0.67967 1642.28232
829.00000 0.67967 1768.62860
830.00000 0.67979 1646.55316
831.00000 0.67980 1764.35776
832.00000 0.67991 1650.82399
833.00000 0.67992 1760.08693
834.00000 0.68003 1655.09482
835.00000 0.68004 1755.81610
836.00000 0.68015 1659.36566
837.00000 0.68016 1751.54526
838.00000 0.68027 1663.63649
839.00000 0.68027 1747.27443
840.00000 0.68039 1743.00360
841.00000 0.68039 1667.90732
842.00000 0.68050 1738.73276
843.00000 0.68051 1672.17816
844.00000 0.68061 1734.46193
845.00000 0.68063 1676.44899
846.00000 0.68071 1730.19110
847.00000 0.68075 1680.71982
848.00000 0.68082 1725.92026
849.00000 0.68087 1684.99066
850.00000 0.68092 1721.64943
851.00000 0.68100 1689.26149
852.00000 0.68102 1717.37860
853.00000 0.68112 1693.53232
854.00000 0.68112 1713.10776
855.00000 0.68122 1708.83693
856.00000 0.68124 1697.80316
857.00000 0.68131 1704.56610
858.00000 0.68137 1702.06972
859.00000 0.68137 1702.07399
860.00000 0.68137 1702.07399
