0.00000 0.95414 764.07773
1.00000 0.95414 768.34856
2.00000 0.95415 772.61940
3.00000 0.95417 759.80690
4.00000 0.95417 776.89023
5.00000 0.95421 755.53606
6.00000 0.95421 781.16106
7.00000 0.95427 751.26523
8.00000 0.95427 785.43190
9.00000 0.95434 789.70273
10.00000 0.95435 746.99440
11.00000 0.95443 793.97356
12.00000 0.95444 742.72356
13.00000 0.95454 798.24440
14.00000 0.95456 738.45273
15.00000 0.95466 802.51523
16.00000 0.95469 734.18190
17.00000 0.95479 806.78606
18.00000 0.95484 729.91106
19.00000 0.95494 811.05690
20.00000 0.95501 725.64023
21.00000 0.95511 815.32773
22.00000 0.95520 721.36940
23.00000 0.95529 819.59856
24.00000 0.95541 717.09856
25.00000 0.95548 823.86940
26.00000 0.95565 712.82773
27.00000 0.95569 828.14023
28.00000 0.95590 708.55690
29.00000 0.95592 832.41106
30.00000 0.95615 836.68190
31.00000 0.95618 704.28606
32.00000 0.95641 840.95273
33.00000 0.95648 700.01523
34.00000 0.95667 845.22356
35.00000 0.95681 695.74440
36.00000 0.95695 849.49440
37.00000 0.95716 691.47356
38.00000 0.95725 853.76523
39.00000 0.95754 687.20273
40.00000 0.95756 858.03606
41.00000 0.95788 862.30690
42.00000 0.95795 682.93190
43.00000 0.95795 682.93190
44.00000 0.95795 682.93617
45.00000 0.95799 682.60416
46.00000 0.95822 866.57773
47.00000 0.95857 870.84856
48.00000 0.95860 678.33333
49.00000 0.95893 875.11940
50.00000 0.95924 674.06250
51.00000 0.95931 879.39023
52.00000 0.95970 883.66106
53.00000 0.95989 669.79166
54.00000 0.96011 887.93190
55.00000 0.96052 892.20273
56.00000 0.96056 665.52083
57.00000 0.96095 896.47356
58.00000 0.96123 661.25000
59.00000 0.96140 900.74440
60.00000 0.96173 1790.35861
61.00000 0.96173 1790.36288
62.00000 0.96173 1790.36715
63.00000 0.96173 1790.36288
64.00000 0.96185 905.01523
65.00000 0.96191 656.97916
66.00000 0.96232 909.28606
67.00000 0.96260 652.70833
68.00000 0.96280 913.55690
69.00000 0.96329 648.43750
70.00000 0.96330 917.82773
71.00000 0.96343 1786.09205
72.00000 0.96380 922.09856
73.00000 0.96398 644.16666
74.00000 0.96431 926.36940
75.00000 0.96467 639.89583
76.00000 0.96484 930.64023
77.00000 0.96511 1781.82121
78.00000 0.96537 635.62500
79.00000 0.96538 934.91106
80.00000 0.96593 939.18190
81.00000 0.96606 631.35416
82.00000 0.96648 943.45273
83.00000 0.96676 627.08333
84.00000 0.96676 1777.55038
85.00000 0.96705 947.72356
86.00000 0.96745 622.81250
87.00000 0.96763 951.99440
88.00000 0.96814 618.54166
89.00000 0.96821 956.26523
90.00000 0.96839 1773.27955
91.00000 0.96878 1794.63371
92.00000 0.96880 960.53606
93.00000 0.96883 614.27083
94.00000 0.96940 964.80690
95.00000 0.96951 610.00000
96.00000 0.96998 1769.00871
97.00000 0.97001 969.07773
98.00000 0.97020 605.72916
99.00000 0.97062 973.34856
100.00000 0.97088 601.45833
101.00000 0.97123 977.61940
102.00000 0.97155 597.18750
103.00000 0.97156 1764.73788
104.00000 0.97186 981.89023
105.00000 0.97222 592.91666
106.00000 0.97248 986.16106
107.00000 0.97289 588.64583
108.00000 0.97310 1760.46705
109.00000 0.97311 990.43190
110.00000 0.97355 584.37500
111.00000 0.97374 994.70273
112.00000 0.97421 580.10416
113.00000 0.97437 998.97356
114.00000 0.97462 1756.19621
115.00000 0.97486 575.83333
116.00000 0.97500 1003.24439
117.00000 0.97551 571.56250
118.00000 0.97562 1007.51523
119.00000 0.97610 1751.92538
120.00000 0.97615 567.29166
121.00000 0.97622 1798.90455
122.00000 0.97625 1011.78606
123.00000 0.97678 563.02083
124.00000 0.97687 1016.05689
125.00000 0.97741 558.75000
126.00000 0.97748 1020.32773
127.00000 0.97757 1747.65455
128.00000 0.97803 554.47916
129.00000 0.97809 1024.59856
130.00000 0.97864 550.20833
131.00000 0.97869 1028.86939
132.00000 0.97900 1743.38371
133.00000 0.97925 545.93750
134.00000 0.97927 1033.14023
135.00000 0.97985 541.66666
136.00000 0.97989 1037.41106
137.00000 0.98041 1739.11288
138.00000 0.98044 537.39583
139.00000 0.98050 1041.68189
140.00000 0.98103 533.12500
141.00000 0.98112 1045.95273
142.00000 0.98160 528.85416
143.00000 0.98173 1050.22356
144.00000 0.98179 1734.84205
145.00000 0.98217 524.58333
146.00000 0.98235 1054.49439
147.00000 0.98273 520.31250
148.00000 0.98296 1058.76523
149.00000 0.98314 1730.57121
150.00000 0.98328 516.04166
151.00000 0.98357 1063.03606
152.00000 0.98383 511.77083
153.00000 0.98412 1803.17538
154.00000 0.98419 1067.30689
155.00000 0.98436 507.50000
156.00000 0.98447 1726.30038
157.00000 0.98480 1071.57773
158.00000 0.98489 503.22916
159.00000 0.98541 1075.84856
160.00000 0.98541 498.95833
161.00000 0.98577 1722.02955
162.00000 0.98592 494.68750
163.00000 0.98601 1080.11939
164.00000 0.98642 490.41666
165.00000 0.98662 1084.39023
166.00000 0.98691 486.14583
167.00000 0.98704 1717.75871
168.00000 0.98722 1088.66106
169.00000 0.98739 481.87500
170.00000 0.98782 1092.93189
171.00000 0.98787 477.60416
172.00000 0.98828 1713.48788
173.00000 0.98833 473.33333
174.00000 0.98842 1097.20273
175.00000 0.98878 469.06250
176.00000 0.98902 1101.47356
177.00000 0.98923 464.79166
178.00000 0.98950 1709.21705
179.00000 0.98961 1105.74439
180.00000 0.98966 460.52083
181.00000 0.99009 456.25000
182.00000 0.99020 1110.01523
183.00000 0.99050 451.97916
184.00000 0.99069 1704.94621
185.00000 0.99079 1114.28606
186.00000 0.99091 447.70833
187.00000 0.99130 443.43750
188.00000 0.99138 1118.55689
189.00000 0.99169 439.16666
190.00000 0.99186 1700.67538
191.00000 0.99196 1122.82773
192.00000 0.99206 434.89583
193.00000 0.99243 430.62500
194.00000 0.99254 1127.09856
195.00000 0.99257 1807.44621
196.00000 0.99278 426.35416
197.00000 0.99299 1696.40455
198.00000 0.99311 1131.36939
199.00000 0.99313 422.08333
200.00000 0.99347 417.81250
201.00000 0.99369 1135.64023
202.00000 0.99379 413.54166
203.00000 0.99410 1692.13371
204.00000 0.99411 409.27083
205.00000 0.99425 1139.91106
206.00000 0.99441 405.00000
207.00000 0.99471 400.72917
208.00000 0.99482 1144.18189
209.00000 0.99500 396.45833
210.00000 0.99519 1687.86288
211.00000 0.99527 392.18750
212.00000 0.99538 1148.45273
213.00000 0.99554 387.91667
214.00000 0.99580 383.64583
215.00000 0.99594 1152.72356
216.00000 0.99605 379.37500
217.00000 0.99624 1683.59205
218.00000 0.99628 375.10417
219.00000 0.99649 1156.99439
220.00000 0.99651 370.83333
221.00000 0.99673 366.56250
222.00000 0.99694 362.29167
223.00000 0.99703 1809.58163
224.00000 0.99704 1161.26523
225.00000 0.99715 358.02083
226.00000 0.99727 1679.32121
227.00000 0.99734 353.75000
228.00000 0.99752 349.47917
229.00000 0.99759 1165.53606
230.00000 0.99770 345.20833
231.00000 0.99787 340.93750
232.00000 0.99802 336.66667
233.00000 0.99813 1169.80689
234.00000 0.99817 332.39583
235.00000 0.99828 1675.05038
236.00000 0.99832 328.12500
237.00000 0.99845 323.85417
238.00000 0.99858 319.58333
239.00000 0.99867 1174.07773
240.00000 0.99870 315.31250
241.00000 0.99881 311.04167
242.00000 0.99892 306.77083
243.00000 0.99902 302.50000
244.00000 0.99911 298.22917
245.00000 0.99919 293.95833
246.00000 0.99920 1178.34856
247.00000 0.99926 1670.77955
248.00000 0.99927 289.68750
249.00000 0.99933 1810.64934
250.00000 0.99934 1670.39129
251.00000 0.99935 285.41667
252.00000 0.99942 281.14583
253.00000 0.99948 276.87500
254.00000 0.99952 1669.61477
255.00000 0.99954 272.60417
256.00000 0.99959 268.33333
257.00000 0.99964 264.06250
258.00000 0.99968 259.79167
259.00000 0.99972 255.52083
260.00000 0.99973 1182.61939
261.00000 0.99976 251.25000
262.00000 0.99978 1183.00765
263.00000 0.99979 246.97917
264.00000 0.99982 242.70833
265.00000 0.99984 238.43750
266.00000 0.99987 234.16667
267.00000 0.99987 1183.78417
268.00000 0.99987 1668.06174
269.00000 0.99989 229.89583
270.00000 0.99989 1183.92535
271.00000 0.99991 225.62500
272.00000 0.99991 1810.91626
273.00000 0.99992 221.35417
274.00000 0.99993 1184.20772
275.00000 0.99993 217.08333
276.00000 0.99995 212.81250
277.00000 0.99995 1667.67349
278.00000 0.99996 204.27083
279.00000 0.99996 208.54167
280.00000 0.99997 200.00000
281.00000 0.99997 200.00427
282.00000 0.99998 1810.94963
283.00000 0.99998 1810.95039
284.00000 0.99999 1810.95190
285.00000 0.99999 1810.95494
286.00000 0.99999 1667.47936
287.00000 0.99999 1184.77246
288.00000 1.00000 926.00000
289.00000 1.00000 923.00000
290.00000 1.00000 920.00000
291.00000 1.00000 917.00000
292.00000 1.00000 914.00000
293.00000 1.00000 911.00000
294.00000 1.00000 908.00000
295.00000 1.00000 905.00000
296.00000 1.00000 737.00000
297.00000 1.00000 896.00000
298.00000 1.00000 893.00000
299.00000 1.00000 890.00000
300.00000 1.00000 887.00000
301.00000 1.00000 884.00000
302.00000 1.00000 881.00000
303.00000 1.00000 878.00000
304.00000 1.00000 875.00000
305.00000 1.00000 872.00000
306.00000 1.00000 869.00000
307.00000 1.00000 866.00000
308.00000 1.00000 899.00000
309.00000 1.00000 902.00000
310.00000 1.00000 929.00000
311.00000 1.00000 932.00000
312.00000 1.00000 1004.00000
313.00000 1.00000 1001.00000
314.00000 1.00000 998.00000
315.00000 1.00000 995.00000
316.00000 1.00000 992.00000
317.00000 1.00000 989.00000
318.00000 1.00000 986.00000
319.00000 1.00000 983.00000
320.00000 1.00000 980.00000
321.00000 1.00000 977.00000
322.00000 1.00000 974.00000
323.00000 1.00000 863.00000
324.00000 1.00000 971.00000
325.00000 1.00000 965.00000
326.00000 1.00000 962.00000
327.00000 1.00000 959.00000
328.00000 1.00000 956.00000
329.00000 1.00000 953.00000
330.00000 1.00000 950.00000
331.00000 1.00000 947.00000
332.00000 1.00000 944.00000
333.00000 1.00000 941.00000
334.00000 1.00000 938.00000
335.00000 1.00000 935.00000
336.00000 1.00000 968.00000
337.00000 1.00000 860.00000
338.00000 1.00000 848.00000
339.00000 1.00000 854.00000
340.00000 1.00000 716.00000
341.00000 1.00000 719.00000
342.00000 1.00000 722.00000
343.00000 1.00000 785.00000
344.00000 1.00000 782.00000
345.00000 1.00000 779.00000
346.00000 1.00000 776.00000
347.00000 1.00000 773.00000
348.00000 1.00000 770.00000
349.00000 1.00000 767.00000
350.00000 1.00000 713.00000
351.00000 1.00000 764.00000
352.00000 1.00000 758.00000
353.00000 1.00000 755.00000
354.00000 1.00000 752.00000
355.00000 1.00000 749.00000
356.00000 1.00000 746.00000
357.00000 1.00000 743.00000
358.00000 1.00000 725.00000
359.00000 1.00000 728.00000
360.00000 1.00000 731.00000
361.00000 1.00000 734.00000
362.00000 1.00000 761.00000
363.00000 1.00000 857.00000
364.00000 1.00000 710.00000
365.00000 1.00000 1007.00000
366.00000 1.00000 851.00000
367.00000 1.00000 740.00000
368.00000 1.00000 845.00000
369.00000 1.00000 842.00000
370.00000 1.00000 839.00000
371.00000 1.00000 836.00000
372.00000 1.00000 833.00000
373.00000 1.00000 830.00000
374.00000 1.00000 827.00000
375.00000 1.00000 824.00000
376.00000 1.00000 707.00000
377.00000 1.00000 821.00000
378.00000 1.00000 815.00000
379.00000 1.00000 812.00000
380.00000 1.00000 809.00000
381.00000 1.00000 806.00000
382.00000 1.00000 803.00000
383.00000 1.00000 800.00000
384.00000 1.00000 797.00000
385.00000 1.00000 794.00000
386.00000 1.00000 791.00000
387.00000 1.00000 788.00000
388.00000 1.00000 818.00000
389.00000 1.00000 1010.00000
390.00000 1.00000 1782.00000
391.00000 1.00000 1016.00000
392.00000 1.00000 1722.00000
393.00000 1.00000 1719.00000
394.00000 1.00000 1716.00000
395.00000 1.00000 1713.00000
396.00000 1.00000 1710.00000
397.00000 1.00000 1707.00000
398.00000 1.00000 1704.00000
399.00000 1.00000 1701.00000
400.00000 1.00000 1698.00000
401.00000 1.00000 1695.00000
402.00000 1.00000 1725.00000
403.00000 1.00000 1692.00000
404.00000 1.00000 1686.00000
405.00000 1.00000 1683.00000
406.00000 1.00000 1680.00000
407.00000 1.00000 1677.00000
408.00000 1.00000 1674.00000
409.00000 1.00000 1671.00000
410.00000 1.00000 1668.00000
411.00000 1.00000 1181.00000
412.00000 1.00000 1178.00000
413.00000 1.00000 1175.00000
414.00000 1.00000 1689.00000
415.00000 1.00000 1172.00000
416.00000 1.00000 1728.00000
417.00000 1.00000 1734.00000
418.00000 1.00000 1800.00000
419.00000 1.00000 1797.00000
420.00000 1.00000 1794.00000
421.00000 1.00000 1791.00000
422.00000 1.00000 1788.00000
423.00000 1.00000 1785.00000
424.00000 1.00000 704.00000
425.00000 1.00000 1779.00000
426.00000 1.00000 1776.00000
427.00000 1.00000 1773.00000
428.00000 1.00000 1731.00000
429.00000 1.00000 1770.00000
430.00000 1.00000 1764.00000
431.00000 1.00000 1761.00000
432.00000 1.00000 1758.00000
433.00000 1.00000 1755.00000
434.00000 1.00000 1752.00000
435.00000 1.00000 1749.00000
436.00000 1.00000 1746.00000
437.00000 1.00000 1743.00000
438.00000 1.00000 1740.00000
439.00000 1.00000 1737.00000
440.00000 1.00000 1767.00000
441.00000 1.00000 1013.00000
442.00000 1.00000 1169.00000
443.00000 1.00000 1163.00000
444.00000 1.00000 1082.00000
445.00000 1.00000 1079.00000
446.00000 1.00000 1076.00000
447.00000 1.00000 1073.00000
448.00000 1.00000 1070.00000
449.00000 1.00000 1067.00000
450.00000 1.00000 1064.00000
451.00000 1.00000 1061.00000
452.00000 1.00000 1058.00000
453.00000 1.00000 1055.00000
454.00000 1.00000 1085.00000
455.00000 1.00000 1052.00000
456.00000 1.00000 1046.00000
457.00000 1.00000 1043.00000
458.00000 1.00000 1040.00000
459.00000 1.00000 1037.00000
460.00000 1.00000 1034.00000
461.00000 1.00000 1031.00000
462.00000 1.00000 1028.00000
463.00000 1.00000 1025.00000
464.00000 1.00000 1022.00000
465.00000 1.00000 1019.00000
466.00000 1.00000 1049.00000
467.00000 1.00000 1166.00000
468.00000 1.00000 1088.00000
469.00000 1.00000 1094.00000
470.00000 1.00000 1160.00000
471.00000 1.00000 1157.00000
472.00000 1.00000 1154.00000
473.00000 1.00000 1151.00000
474.00000 1.00000 1148.00000
475.00000 1.00000 1145.00000
476.00000 1.00000 1142.00000
477.00000 1.00000 1139.00000
478.00000 1.00000 1136.00000
479.00000 1.00000 1133.00000
480.00000 1.00000 1091.00000
481.00000 1.00000 1130.00000
482.00000 1.00000 1124.00000
483.00000 1.00000 1121.00000
484.00000 1.00000 1118.00000
485.00000 1.00000 1115.00000
486.00000 1.00000 1112.00000
487.00000 1.00000 1109.00000
488.00000 1.00000 1106.00000
489.00000 1.00000 1103.00000
490.00000 1.00000 1100.00000
491.00000 1.00000 1097.00000
492.00000 1.00000 1127.00000
493.00000 1.00000 701.00000
494.00000 1.00000 269.00000
495.00000 1.00000 695.00000
496.00000 1.00000 302.00000
497.00000 1.00000 299.00000
498.00000 1.00000 296.00000
499.00000 1.00000 293.00000
500.00000 1.00000 290.00000
501.00000 1.00000 287.00000
502.00000 1.00000 284.00000
503.00000 1.00000 281.00000
504.00000 1.00000 278.00000
505.00000 1.00000 275.00000
506.00000 1.00000 305.00000
507.00000 1.00000 272.00000
508.00000 1.00000 266.00000
509.00000 1.00000 263.00000
510.00000 1.00000 260.00000
511.00000 1.00000 257.00000
512.00000 1.00000 254.00000
513.00000 1.00000 251.00000
514.00000 1.00000 248.00000
515.00000 1.00000 245.00000
516.00000 1.00000 242.00000
517.00000 1.00000 239.00000
518.00000 1.00000 1803.00000
519.00000 1.00000 236.00000
520.00000 1.00000 308.00000
521.00000 1.00000 314.00000
522.00000 1.00000 380.00000
523.00000 1.00000 377.00000
524.00000 1.00000 374.00000
525.00000 1.00000 371.00000
526.00000 1.00000 368.00000
527.00000 1.00000 365.00000
528.00000 1.00000 362.00000
529.00000 1.00000 359.00000
530.00000 1.00000 356.00000
531.00000 1.00000 353.00000
532.00000 1.00000 311.00000
533.00000 1.00000 350.00000
534.00000 1.00000 344.00000
535.00000 1.00000 341.00000
536.00000 1.00000 338.00000
537.00000 1.00000 335.00000
538.00000 1.00000 332.00000
539.00000 1.00000 329.00000
540.00000 1.00000 326.00000
541.00000 1.00000 323.00000
542.00000 1.00000 320.00000
543.00000 1.00000 317.00000
544.00000 1.00000 347.00000
545.00000 1.00000 383.00000
546.00000 1.00000 233.00000
547.00000 1.00000 227.00000
548.00000 1.00000 1667.45401
549.00000 1.00000 1667.45406
550.00000 1.00000 1667.45409
551.00000 1.00000 1667.45424
552.00000 1.00000 1667.45509
553.00000 1.00000 1667.45552
554.00000 1.00000 1667.45573
555.00000 1.00000 1667.45690
556.00000 1.00000 1667.46973
557.00000 1.00000 1667.47615
558.00000 1.00000 1667.45399
559.00000 1.00000 1184.81478
560.00000 1.00000 1184.81477
561.00000 1.00000 1184.81474
562.00000 1.00000 1184.81468
563.00000 1.00000 1184.81457
564.00000 1.00000 1184.81435
565.00000 1.00000 1184.81188
566.00000 1.00000 1184.81065
567.00000 1.00000 1184.80386
568.00000 1.00000 1184.80046
569.00000 1.00000 1184.78179
570.00000 1.00000 1184.81478
571.00000 1.00000 230.00000
572.00000 1.00000 1667.45397
573.00000 1.00000 1667.45393
574.00000 1.00000 224.00000
575.00000 1.00000 221.00000
576.00000 1.00000 218.00000
577.00000 1.00000 215.00000
578.00000 1.00000 212.00000
579.00000 1.00000 209.00000
580.00000 1.00000 206.00000
581.00000 1.00000 203.00000
582.00000 1.00000 200.00000
583.00000 1.00000 1810.95725
584.00000 1.00000 1667.45393
585.00000 1.00000 1810.95725
586.00000 1.00000 1810.95722
587.00000 1.00000 1810.95722
588.00000 1.00000 1810.95719
589.00000 1.00000 1810.95718
590.00000 1.00000 1810.95711
591.00000 1.00000 1810.95707
592.00000 1.00000 1810.95687
593.00000 1.00000 1810.95577
594.00000 1.00000 1810.95521
595.00000 1.00000 1667.45393
596.00000 1.00000 1810.95723
597.00000 1.00000 698.00000
598.00000 1.00000 386.00000
599.00000 1.00000 392.00000
600.00000 1.00000 614.00000
601.00000 1.00000 611.00000
602.00000 1.00000 608.00000
603.00000 1.00000 605.00000
604.00000 1.00000 602.00000
605.00000 1.00000 599.00000
606.00000 1.00000 596.00000
607.00000 1.00000 593.00000
608.00000 1.00000 590.00000
609.00000 1.00000 587.00000
610.00000 1.00000 617.00000
611.00000 1.00000 584.00000
612.00000 1.00000 578.00000
613.00000 1.00000 575.00000
614.00000 1.00000 572.00000
615.00000 1.00000 569.00000
616.00000 1.00000 566.00000
617.00000 1.00000 563.00000
618.00000 1.00000 560.00000
619.00000 1.00000 557.00000
620.00000 1.00000 554.00000
621.00000 1.00000 551.00000
622.00000 1.00000 581.00000
623.00000 1.00000 548.00000
624.00000 1.00000 620.00000
625.00000 1.00000 626.00000
626.00000 1.00000 692.00000
627.00000 1.00000 689.00000
628.00000 1.00000 686.00000
629.00000 1.00000 683.00000
630.00000 1.00000 680.00000
631.00000 1.00000 677.00000
632.00000 1.00000 674.00000
633.00000 1.00000 671.00000
634.00000 1.00000 668.00000
635.00000 1.00000 665.00000
636.00000 1.00000 623.00000
637.00000 1.00000 662.00000
638.00000 1.00000 656.00000
639.00000 1.00000 653.00000
640.00000 1.00000 650.00000
641.00000 1.00000 647.00000
642.00000 1.00000 644.00000
643.00000 1.00000 641.00000
644.00000 1.00000 638.00000
645.00000 1.00000 635.00000
646.00000 1.00000 632.00000
647.00000 1.00000 629.00000
648.00000 1.00000 659.00000
649.00000 1.00000 389.00000
650.00000 1.00000 545.00000
651.00000 1.00000 539.00000
652.00000 1.00000 458.00000
653.00000 1.00000 455.00000
654.00000 1.00000 452.00000
655.00000 1.00000 449.00000
656.00000 1.00000 446.00000
657.00000 1.00000 443.00000
658.00000 1.00000 440.00000
659.00000 1.00000 437.00000
660.00000 1.00000 434.00000
661.00000 1.00000 431.00000
662.00000 1.00000 461.00000
663.00000 1.00000 428.00000
664.00000 1.00000 422.00000
665.00000 1.00000 419.00000
666.00000 1.00000 416.00000
667.00000 1.00000 413.00000
668.00000 1.00000 410.00000
669.00000 1.00000 407.00000
670.00000 1.00000 404.00000
671.00000 1.00000 401.00000
672.00000 1.00000 398.00000
673.00000 1.00000 395.00000
674.00000 1.00000 425.00000
675.00000 1.00000 542.00000
676.00000 1.00000 464.00000
677.00000 1.00000 470.00000
678.00000 1.00000 536.00000
679.00000 1.00000 533.00000
680.00000 1.00000 530.00000
681.00000 1.00000 527.00000
682.00000 1.00000 524.00000
683.00000 1.00000 521.00000
684.00000 1.00000 518.00000
685.00000 1.00000 515.00000
686.00000 1.00000 512.00000
687.00000 1.00000 509.00000
688.00000 1.00000 467.00000
689.00000 1.00000 506.00000
690.00000 1.00000 500.00000
691.00000 1.00000 497.00000
692.00000 1.00000 494.00000
693.00000 1.00000 491.00000
694.00000 1.00000 488.00000
695.00000 1.00000 485.00000
696.00000 1.00000 482.00000
697.00000 1.00000 479.00000
698.00000 1.00000 476.00000
699.00000 1.00000 473.00000
700.00000 1.00000 503.00000
701.00000 1.00000 1806.00000
