0.00000 0.00000 632.00000
1.00000 0.00000 224.00000
2.00000 0.00000 221.00000
3.00000 0.00000 218.00000
4.00000 0.00000 215.00000
5.00000 0.00000 212.00000
6.00000 0.00000 209.00000
7.00000 0.00000 206.00000
8.00000 0.00000 203.00000
9.00000 0.00000 200.00000
10.00000 0.00000 1728.25291
11.00000 0.00000 1728.25291
12.00000 0.00000 1728.25291
13.00000 0.00000 1728.25291
14.00000 0.00000 227.00000
15.00000 0.00000 1728.25292
16.00000 0.00000 722.00000
17.00000 0.00000 725.00000
18.00000 0.00000 728.00000
19.00000 0.00000 731.00000
20.00000 0.00000 734.00000
21.00000 0.00000 737.00000
22.00000 0.00000 740.00000
23.00000 0.00000 743.00000
24.00000 0.00000 746.00000
25.00000 0.00000 749.00000
26.00000 0.00000 752.00000
27.00000 0.00000 755.00000
28.00000 0.00000 758.00000
29.00000 0.00000 719.00000
30.00000 0.00000 761.00000
31.00000 0.00000 230.00000
32.00000 0.00000 236.00000
33.00000 0.00000 320.00000
34.00000 0.00000 317.00000
35.00000 0.00000 314.00000
36.00000 0.00000 311.00000
37.00000 0.00000 308.00000
38.00000 0.00000 305.00000
39.00000 0.00000 302.00000
40.00000 0.00000 299.00000
41.00000 0.00000 296.00000
42.00000 0.00000 293.00000
43.00000 0.00000 290.00000
44.00000 0.00000 287.00000
45.00000 0.00000 284.00000
46.00000 0.00000 233.00000
47.00000 0.00000 281.00000
48.00000 0.00000 275.00000
49.00000 0.00000 272.00000
50.00000 0.00000 269.00000
51.00000 0.00000 266.00000
52.00000 0.00000 263.00000
53.00000 0.00000 260.00000
54.00000 0.00000 257.00000
55.00000 0.00000 254.00000
56.00000 0.00000 251.00000
57.00000 0.00000 248.00000
58.00000 0.00000 245.00000
59.00000 0.00000 242.00000
60.00000 0.00000 239.00000
61.00000 0.00000 278.00000
62.00000 0.00000 764.00000
63.00000 0.00000 767.00000
64.00000 0.00000 770.00000
65.00000 0.00000 872.00000
66.00000 0.00000 875.00000
67.00000 0.00000 878.00000
68.00000 0.00000 881.00000
69.00000 0.00000 884.00000
70.00000 0.00000 887.00000
71.00000 0.00000 890.00000
72.00000 0.00000 893.00000
73.00000 0.00000 896.00000
74.00000 0.00000 899.00000
75.00000 0.00000 710.00000
76.00000 0.00000 905.00000
77.00000 0.00000 908.00000
78.00000 0.00000 869.00000
79.00000 0.00000 911.00000
80.00000 0.00000 917.00000
81.00000 0.00000 920.00000
82.00000 0.00000 923.00000
83.00000 0.00000 926.00000
84.00000 0.00000 929.00000
85.00000 0.00000 932.00000
86.00000 0.00000 935.00000
87.00000 0.00000 938.00000
88.00000 0.00000 941.00000
89.00000 0.00000 944.00000
90.00000 0.00000 947.00000
91.00000 0.00000 950.00000
92.00000 0.00000 953.00000
93.00000 0.00000 914.00000
94.00000 0.00000 866.00000
95.00000 0.00000 863.00000
96.00000 0.00000 860.00000
97.00000 0.00000 773.00000
98.00000 0.00000 776.00000
99.00000 0.00000 779.00000
100.00000 0.00000 782.00000
101.00000 0.00000 785.00000
102.00000 0.00000 788.00000
103.00000 0.00000 791.00000
104.00000 0.00000 794.00000
105.00000 0.00000 797.00000
106.00000 0.00000 800.00000
107.00000 0.00000 803.00000
108.00000 0.00000 806.00000
109.00000 0.00000 809.00000
110.00000 0.00000 812.00000
111.00000 0.00000 815.00000
112.00000 0.00000 818.00000
113.00000 0.00000 821.00000
114.00000 0.00000 824.00000
115.00000 0.00000 827.00000
116.00000 0.00000 830.00000
117.00000 0.00000 833.00000
118.00000 0.00000 836.00000
119.00000 0.00000 839.00000
120.00000 0.00000 842.00000
121.00000 0.00000 845.00000
122.00000 0.00000 848.00000
123.00000 0.00000 851.00000
124.00000 0.00000 854.00000
125.00000 0.00000 857.00000
126.00000 0.00000 323.00000
127.00000 0.00000 956.00000
128.00000 0.00000 326.00000
129.00000 0.00000 332.00000
130.00000 0.00000 611.00000
131.00000 0.00000 608.00000
132.00000 0.00000 605.00000
133.00000 0.00000 602.00000
134.00000 0.00000 599.00000
135.00000 0.00000 596.00000
136.00000 0.00000 593.00000
137.00000 0.00000 590.00000
138.00000 0.00000 587.00000
139.00000 0.00000 584.00000
140.00000 0.00000 581.00000
141.00000 0.00000 578.00000
142.00000 0.00000 575.00000
143.00000 0.00000 614.00000
144.00000 0.00000 572.00000
145.00000 0.00000 566.00000
146.00000 0.00000 563.00000
147.00000 0.00000 560.00000
148.00000 0.00000 557.00000
149.00000 0.00000 554.00000
150.00000 0.00000 551.00000
151.00000 0.00000 548.00000
152.00000 0.00000 545.00000
153.00000 0.00000 542.00000
154.00000 0.00000 539.00000
155.00000 0.00000 536.00000
156.00000 0.00000 533.00000
157.00000 0.00000 530.00000
158.00000 0.00000 569.00000
159.00000 0.00000 527.00000
160.00000 0.00000 617.00000
161.00000 0.00000 623.00000
162.00000 0.00000 707.00000
163.00000 0.00000 704.00000
164.00000 0.00000 701.00000
165.00000 0.00000 698.00000
166.00000 0.00000 695.00000
167.00000 0.00000 692.00000
168.00000 0.00000 689.00000
169.00000 0.00000 686.00000
170.00000 0.00000 683.00000
171.00000 0.00000 680.00000
172.00000 0.00000 677.00000
173.00000 0.00000 674.00000
174.00000 0.00000 671.00000
175.00000 0.00000 620.00000
176.00000 0.00000 668.00000
177.00000 0.00000 662.00000
178.00000 0.00000 659.00000
179.00000 0.00000 656.00000
180.00000 0.00000 653.00000
181.00000 0.00000 650.00000
182.00000 0.00000 647.00000
183.00000 0.00000 644.00000
184.00000 0.00000 641.00000
185.00000 0.00000 638.00000
186.00000 0.00000 635.00000
187.00000 0.00000 716.00000
188.00000 0.00000 629.00000
189.00000 0.00000 626.00000
190.00000 0.00000 665.00000
191.00000 0.00000 524.00000
192.00000 0.00000 521.00000
193.00000 0.00000 518.00000
194.00000 0.00000 416.00000
195.00000 0.00000 413.00000
196.00000 0.00000 410.00000
197.00000 0.00000 407.00000
198.00000 0.00000 404.00000
199.00000 0.00000 401.00000
200.00000 0.00000 398.00000
201.00000 0.00000 395.00000
202.00000 0.00000 392.00000
203.00000 0.00000 389.00000
204.00000 0.00000 386.00000
205.00000 0.00000 383.00000
206.00000 0.00000 380.00000
207.00000 0.00000 419.00000
208.00000 0.00000 377.00000
209.00000 0.00000 371.00000
210.00000 0.00000 368.00000
211.00000 0.00000 365.00000
212.00000 0.00000 362.00000
213.00000 0.00000 359.00000
214.00000 0.00000 356.00000
215.00000 0.00000 353.00000
216.00000 0.00000 350.00000
217.00000 0.00000 347.00000
218.00000 0.00000 344.00000
219.00000 0.00000 341.00000
220.00000 0.00000 338.00000
221.00000 0.00000 335.00000
222.00000 0.00000 374.00000
223.00000 0.00000 422.00000
224.00000 0.00000 425.00000
225.00000 0.00000 428.00000
226.00000 0.00000 515.00000
227.00000 0.00000 512.00000
228.00000 0.00000 509.00000
229.00000 0.00000 506.00000
230.00000 0.00000 503.00000
231.00000 0.00000 500.00000
232.00000 0.00000 497.00000
233.00000 0.00000 494.00000
234.00000 0.00000 491.00000
235.00000 0.00000 488.00000
236.00000 0.00000 485.00000
237.00000 0.00000 482.00000
238.00000 0.00000 479.00000
239.00000 0.00000 476.00000
240.00000 0.00000 473.00000
241.00000 0.00000 470.00000
242.00000 0.00000 467.00000
243.00000 0.00000 464.00000
244.00000 0.00000 461.00000
245.00000 0.00000 458.00000
246.00000 0.00000 455.00000
247.00000 0.00000 452.00000
248.00000 0.00000 449.00000
249.00000 0.00000 446.00000
250.00000 0.00000 443.00000
251.00000 0.00000 440.00000
252.00000 0.00000 437.00000
253.00000 0.00000 434.00000
254.00000 0.00000 431.00000
255.00000 0.00000 329.00000
256.00000 0.00000 959.00000
257.00000 0.00000 902.00000
258.00000 0.00000 965.00000
259.00000 0.00000 1448.00000
260.00000 0.00000 1445.00000
261.00000 0.00000 1442.00000
262.00000 0.00000 1439.00000
263.00000 0.00000 1436.00000
264.00000 0.00000 1433.00000
265.00000 0.00000 1451.00000
266.00000 0.00000 1430.00000
267.00000 0.00000 1424.00000
268.00000 0.00000 1421.00000
269.00000 0.00000 1418.00000
270.00000 0.00000 1415.00000
271.00000 0.00000 1412.00000
272.00000 0.00000 1409.00000
273.00000 0.00000 1427.00000
274.00000 0.00000 1454.00000
275.00000 0.00000 1457.00000
276.00000 0.00000 1460.00000
277.00000 0.00000 1505.00000
278.00000 0.00000 1502.00000
279.00000 0.00000 1499.00000
280.00000 0.00000 1496.00000
281.00000 0.00000 1493.00000
282.00000 0.00000 1490.00000
283.00000 0.00000 1487.00000
284.00000 0.00000 1484.00000
285.00000 0.00000 1481.00000
286.00000 0.00000 1478.00000
287.00000 0.00000 1475.00000
288.00000 0.00000 1472.00000
289.00000 0.00000 1469.00000
290.00000 0.00000 1466.00000
291.00000 0.00000 1463.00000
292.00000 0.00000 1406.00000
293.00000 0.00000 1508.00000
294.00000 0.00000 1403.00000
295.00000 0.00000 1397.00000
296.00000 0.00000 1337.00000
297.00000 0.00000 1334.00000
298.00000 0.00000 1331.00000
299.00000 0.00000 1328.00000
300.00000 0.00000 1325.00000
301.00000 0.00000 1322.00000
302.00000 0.00000 1340.00000
303.00000 0.00000 1319.00000
304.00000 0.00000 1313.00000
305.00000 0.00000 1310.00000
306.00000 0.00000 1307.00000
307.00000 0.00000 1304.00000
308.00000 0.00000 1301.00000
309.00000 0.00000 1298.00000
310.00000 0.00000 1316.00000
311.00000 0.00000 1343.00000
312.00000 0.00000 1346.00000
313.00000 0.00000 1349.00000
314.00000 0.00000 1394.00000
315.00000 0.00000 1391.00000
316.00000 0.00000 1388.00000
317.00000 0.00000 1385.00000
318.00000 0.00000 1382.00000
319.00000 0.00000 1379.00000
320.00000 0.00000 1376.00000
321.00000 0.00000 1373.00000
322.00000 0.00000 1370.00000
323.00000 0.00000 1367.00000
324.00000 0.00000 1364.00000
325.00000 0.00000 1361.00000
326.00000 0.00000 1358.00000
327.00000 0.00000 1355.00000
328.00000 0.00000 1352.00000
329.00000 0.00000 1400.00000
330.00000 0.00000 1295.00000
331.00000 0.00000 1511.00000
332.00000 0.00000 1517.00000
333.00000 0.00000 1670.00000
334.00000 0.00000 1667.00000
335.00000 0.00000 1664.00000
336.00000 0.00000 1661.00000
337.00000 0.00000 1658.00000
338.00000 0.00000 1655.00000
339.00000 0.00000 1673.00000
340.00000 0.00000 1652.00000
341.00000 0.00000 1646.00000
342.00000 0.00000 1643.00000
343.00000 0.00000 1640.00000
344.00000 0.00000 1637.00000
345.00000 0.00000 1634.00000
346.00000 0.00000 1631.00000
347.00000 0.00000 1649.00000
348.00000 0.00000 1676.00000
349.00000 0.00000 1679.00000
350.00000 0.00000 1682.00000
351.00000 0.00000 1727.00000
352.00000 0.00000 1724.00000
353.00000 0.00000 1721.00000
354.00000 0.00000 1718.00000
355.00000 0.00000 1715.00000
356.00000 0.00000 1712.00000
357.00000 0.00000 1709.00000
358.00000 0.00000 1706.00000
359.00000 0.00000 1703.00000
360.00000 0.00000 1700.00000
361.00000 0.00000 1697.00000
362.00000 0.00000 1694.00000
363.00000 0.00000 1691.00000
364.00000 0.00000 1688.00000
365.00000 0.00000 1685.00000
366.00000 0.00000 1628.00000
367.00000 0.00000 1514.00000
368.00000 0.00000 1625.00000
369.00000 0.00000 1619.00000
370.00000 0.00000 1559.00000
371.00000 0.00000 1556.00000
372.00000 0.00000 1553.00000
373.00000 0.00000 1550.00000
374.00000 0.00000 1547.00000
375.00000 0.00000 1544.00000
376.00000 0.00000 1562.00000
377.00000 0.00000 1541.00000
378.00000 0.00000 1535.00000
379.00000 0.00000 1532.00000
380.00000 0.00000 1529.00000
381.00000 0.00000 1526.00000
382.00000 0.00000 1523.00000
383.00000 0.00000 1520.00000
384.00000 0.00000 1538.00000
385.00000 0.00000 1565.00000
386.00000 0.00000 1568.00000
387.00000 0.00000 1571.00000
388.00000 0.00000 1616.00000
389.00000 0.00000 1613.00000
390.00000 0.00000 1610.00000
391.00000 0.00000 1607.00000
392.00000 0.00000 1604.00000
393.00000 0.00000 1601.00000
394.00000 0.00000 1598.00000
395.00000 0.00000 1595.00000
396.00000 0.00000 1592.00000
397.00000 0.00000 1589.00000
398.00000 0.00000 1586.00000
399.00000 0.00000 1583.00000
400.00000 0.00000 1580.00000
401.00000 0.00000 1577.00000
402.00000 0.00000 1574.00000
403.00000 0.00000 1622.00000
404.00000 0.00000 962.00000
405.00000 0.00000 1292.00000
406.00000 0.00000 1286.00000
407.00000 0.00000 1118.00000
408.00000 0.00000 1115.00000
409.00000 0.00000 1112.00000
410.00000 0.00000 1109.00000
411.00000 0.00000 1106.00000
412.00000 0.00000 1103.00000
413.00000 0.00000 1121.00000
414.00000 0.00000 1100.00000
415.00000 0.00000 1094.00000
416.00000 0.00000 1091.00000
417.00000 0.00000 1088.00000
418.00000 0.00000 1085.00000
419.00000 0.00000 1082.00000
420.00000 0.00000 1079.00000
421.00000 0.00000 1097.00000
422.00000 0.00000 1124.00000
423.00000 0.00000 1127.00000
424.00000 0.00000 1130.00000
425.00000 0.00000 1175.00000
426.00000 0.00000 1172.00000
427.00000 0.00000 1169.00000
428.00000 0.00000 1166.00000
429.00000 0.00000 1163.00000
430.00000 0.00000 1160.00000
431.00000 0.00000 1157.00000
432.00000 0.00000 1154.00000
433.00000 0.00000 1151.00000
434.00000 0.00000 1148.00000
435.00000 0.00000 1145.00000
436.00000 0.00000 1142.00000
437.00000 0.00000 1139.00000
438.00000 0.00000 1136.00000
439.00000 0.00000 1133.00000
440.00000 0.00000 1076.00000
441.00000 0.00000 1178.00000
442.00000 0.00000 1073.00000
443.00000 0.00000 1067.00000
444.00000 0.00000 1007.00000
445.00000 0.00000 1004.00000
446.00000 0.00000 1001.00000
447.00000 0.00000 998.00000
448.00000 0.00000 995.00000
449.00000 0.00000 992.00000
450.00000 0.00000 1010.00000
451.00000 0.00000 989.00000
452.00000 0.00000 983.00000
453.00000 0.00000 980.00000
454.00000 0.00000 977.00000
455.00000 0.00000 974.00000
456.00000 0.00000 971.00000
457.00000 0.00000 968.00000
458.00000 0.00000 986.00000
459.00000 0.00000 1013.00000
460.00000 0.00000 1016.00000
461.00000 0.00000 1019.00000
462.00000 0.00000 1064.00000
463.00000 0.00000 1061.00000
464.00000 0.00000 1058.00000
465.00000 0.00000 1055.00000
466.00000 0.00000 1052.00000
467.00000 0.00000 1049.00000
468.00000 0.00000 1046.00000
469.00000 0.00000 1043.00000
470.00000 0.00000 1040.00000
471.00000 0.00000 1037.00000
472.00000 0.00000 1034.00000
473.00000 0.00000 1031.00000
474.00000 0.00000 1028.00000
475.00000 0.00000 1025.00000
476.00000 0.00000 1022.00000
477.00000 0.00000 1070.00000
478.00000 0.00000 1289.00000
479.00000 0.00000 1181.00000
480.00000 0.00000 1187.00000
481.00000 0.00000 1208.00000
482.00000 0.00000 1211.00000
483.00000 0.00000 1214.00000
484.00000 0.00000 1217.00000
485.00000 0.00000 1220.00000
486.00000 0.00000 1223.00000
487.00000 0.00000 1226.00000
488.00000 0.00000 1229.00000
489.00000 0.00000 1232.00000
490.00000 0.00000 1235.00000
491.00000 0.00000 1238.00000
492.00000 0.00000 1241.00000
493.00000 0.00000 1205.00000
494.00000 0.00000 1244.00000
495.00000 0.00000 1250.00000
496.00000 0.00000 1253.00000
497.00000 0.00000 1256.00000
498.00000 0.00000 1259.00000
499.00000 0.00000 1262.00000
500.00000 0.00000 1265.00000
501.00000 0.00000 1268.00000
502.00000 0.00000 1271.00000
503.00000 0.00000 1274.00000
504.00000 0.00000 1277.00000
505.00000 0.00000 1280.00000
506.00000 0.00000 1283.00000
507.00000 0.00000 1247.00000
508.00000 0.00000 1184.00000
509.00000 0.00000 713.00000
510.00000 0.00000 1202.00000
511.00000 0.00000 1196.00000
512.00000 0.00000 1193.00000
513.00000 0.00000 1190.00000
514.00000 0.00000 1199.00000
515.00000 0.00001 1728.25300
516.00000 0.00002 1728.25315
517.00000 0.00004 1728.25345
518.00000 0.00024 1728.25586
519.00000 0.00102 1728.26528
520.00000 0.00257 1728.28306
521.00000 0.00569 1728.31440
522.00000 0.01819 1728.38562
523.00000 0.03075 1728.37547
524.00000 0.04333 1728.29082
525.00000 0.05595 1728.13834
526.00000 0.06858 1727.91693
527.00000 0.08122 1727.64781
528.00000 0.09387 1727.32919
529.00000 0.10652 1726.96652
530.00000 0.11917 1726.56495
531.00000 0.13182 1726.12930
532.00000 0.14446 1725.66411
533.00000 0.15710 1725.17370
534.00000 0.16973 1724.66214
535.00000 0.18234 1724.13339
536.00000 0.19494 1723.59124
537.00000 0.20754 1723.03945
538.00000 0.22011 1722.48171
539.00000 0.23267 1721.92173
540.00000 0.24522 1721.36324
541.00000 0.25775 1720.81006
542.00000 0.27026 1720.26607
543.00000 0.28275 1719.73524
544.00000 0.29521 1719.22167
545.00000 0.30766 1718.72955
546.00000 0.32008 1718.26318
547.00000 0.33248 1717.82695
548.00000 0.34485 1717.42536
549.00000 0.35719 1717.06293
550.00000 0.36951 1716.74424
551.00000 0.38180 1716.47391
552.00000 0.39407 1716.25649
553.00000 0.40295 200.00000
554.00000 0.40295 200.00427
555.00000 0.40333 204.27083
556.00000 0.40371 208.54167
557.00000 0.40409 212.81250
558.00000 0.40447 217.08333
559.00000 0.40486 221.35417
560.00000 0.40525 225.62500
561.00000 0.40565 229.89583
562.00000 0.40604 234.16667
563.00000 0.40630 1716.09654
564.00000 0.40644 238.43750
565.00000 0.40685 242.70833
566.00000 0.40725 246.97917
567.00000 0.40766 251.25000
568.00000 0.40808 255.52083
569.00000 0.40849 259.79167
570.00000 0.40892 264.06250
571.00000 0.40934 268.33333
572.00000 0.40977 272.60417
573.00000 0.41020 276.87500
574.00000 0.41063 281.14583
575.00000 0.41107 285.41667
576.00000 0.41151 289.68750
577.00000 0.41196 293.95833
578.00000 0.41240 298.22917
579.00000 0.41286 302.50000
580.00000 0.41331 306.77083
581.00000 0.41377 311.04167
582.00000 0.41424 315.31250
583.00000 0.41471 319.58333
584.00000 0.41518 323.85417
585.00000 0.41566 328.12500
586.00000 0.41614 332.39583
587.00000 0.41663 336.66667
588.00000 0.41712 340.93750
589.00000 0.41761 345.20833
590.00000 0.41811 349.47917
591.00000 0.41851 1715.99852
592.00000 0.41861 353.75000
593.00000 0.41912 358.02083
594.00000 0.41964 362.29167
595.00000 0.42016 366.56250
596.00000 0.42068 370.83333
597.00000 0.42121 375.10417
598.00000 0.42175 379.37500
599.00000 0.42229 383.64583
600.00000 0.42283 387.91667
601.00000 0.42339 392.18750
602.00000 0.42395 396.45833
603.00000 0.42451 400.72917
604.00000 0.42508 405.00000
605.00000 0.42566 409.27083
606.00000 0.42625 413.54166
607.00000 0.42684 417.81250
608.00000 0.42744 422.08333
609.00000 0.42804 426.35416
610.00000 0.42866 430.62500
611.00000 0.42928 434.89583
612.00000 0.42991 439.16666
613.00000 0.43055 443.43750
614.00000 0.43069 1715.96678
615.00000 0.43119 447.70833
616.00000 0.43185 451.97916
617.00000 0.43251 456.25000
618.00000 0.43319 460.52083
619.00000 0.43387 464.79166
620.00000 0.43457 469.06250
621.00000 0.43527 473.33333
622.00000 0.43599 477.60416
623.00000 0.43672 481.87500
624.00000 0.43746 486.14583
625.00000 0.43821 490.41666
626.00000 0.43897 494.68750
627.00000 0.43975 498.95833
628.00000 0.44054 503.22916
629.00000 0.44135 507.50000
630.00000 0.44217 511.77083
631.00000 0.44285 1716.00553
632.00000 0.44301 516.04166
633.00000 0.44386 520.31250
634.00000 0.44473 524.58333
635.00000 0.44562 528.85416
636.00000 0.44653 533.12500
637.00000 0.44745 537.39583
638.00000 0.44840 541.66666
639.00000 0.44937 545.93750
640.00000 0.45036 550.20833
641.00000 0.45138 554.47916
642.00000 0.45242 558.75000
643.00000 0.45349 563.02083
644.00000 0.45459 567.29166
645.00000 0.45498 1716.11883
646.00000 0.45572 571.56250
647.00000 0.45688 575.83333
648.00000 0.45807 580.10416
649.00000 0.45930 584.37500
650.00000 0.46057 588.64583
651.00000 0.46189 592.91666
652.00000 0.46324 597.18750
653.00000 0.46465 601.45833
654.00000 0.46611 605.72916
655.00000 0.46710 1716.31052
656.00000 0.46763 610.00000
657.00000 0.46921 614.27083
658.00000 0.47086 618.54166
659.00000 0.47259 622.81250
660.00000 0.47440 627.08333
661.00000 0.47631 631.35416
662.00000 0.47832 635.62500
663.00000 0.48046 639.89583
664.00000 0.48274 644.16666
665.00000 0.48467 1716.73668
666.00000 0.48519 648.43750
667.00000 0.48783 652.70833
668.00000 0.49072 656.97916
669.00000 0.49345 1717.01805
670.00000 0.49390 661.25000
671.00000 0.49748 665.52083
672.00000 0.49783 1717.17633
673.00000 0.50160 669.79166
674.00000 0.50653 674.06250
675.00000 0.50743 1717.56458
676.00000 0.51175 1717.75871
677.00000 0.51287 678.33333
678.00000 0.52304 682.60416
679.00000 0.52429 682.93190
680.00000 0.53193 1718.82642
681.00000 0.54832 1719.89413
682.00000 0.56017 682.93190
683.00000 0.56018 682.93617
684.00000 0.56244 1720.96184
685.00000 0.57024 687.20273
686.00000 0.57503 1722.02955
687.00000 0.57929 691.47356
688.00000 0.58773 695.74440
689.00000 0.59577 700.01523
690.00000 0.59709 1724.16496
691.00000 0.60352 704.28606
692.00000 0.61103 708.55690
693.00000 0.61632 1726.30038
694.00000 0.61836 712.82773
695.00000 0.62553 717.09856
696.00000 0.63254 721.36940
697.00000 0.63360 1728.43580
698.00000 0.63942 725.64023
699.00000 0.64616 729.91106
700.00000 0.64951 1730.57121
701.00000 0.65278 734.18190
702.00000 0.65928 738.45273
703.00000 0.66435 1732.70663
704.00000 0.66566 742.72356
705.00000 0.67193 746.99440
706.00000 0.67809 751.26523
707.00000 0.67835 1734.84205
708.00000 0.68416 755.53606
709.00000 0.69012 759.80690
710.00000 0.69165 1736.97746
711.00000 0.69599 764.07773
712.00000 0.70178 768.34856
713.00000 0.70439 1739.11288
714.00000 0.70748 772.61940
715.00000 0.71310 776.89023
716.00000 0.71865 781.16106
717.00000 0.72413 785.43190
718.00000 0.72852 1743.38371
719.00000 0.72955 789.70273
720.00000 0.73489 793.97356
721.00000 0.74018 798.24440
722.00000 0.74541 802.51523
723.00000 0.75059 806.78606
724.00000 0.75128 1747.65455
725.00000 0.75571 811.05690
726.00000 0.76078 815.32773
727.00000 0.76581 819.59856
728.00000 0.77078 823.86940
729.00000 0.77301 1751.92538
730.00000 0.77571 828.14023
731.00000 0.78059 832.41106
732.00000 0.78543 836.68190
733.00000 0.79022 840.95273
734.00000 0.79397 1756.19621
735.00000 0.79497 845.22356
736.00000 0.79968 849.49440
737.00000 0.80434 853.76523
738.00000 0.80896 858.03606
739.00000 0.81353 862.30690
740.00000 0.81436 1760.46705
741.00000 0.81806 866.57773
742.00000 0.82254 870.84856
743.00000 0.82698 875.11940
744.00000 0.83137 879.39023
745.00000 0.83432 1764.73788
746.00000 0.83571 883.66106
747.00000 0.84001 887.93190
748.00000 0.84425 892.20273
749.00000 0.84845 896.47356
750.00000 0.85259 900.74440
751.00000 0.85397 1769.00871
752.00000 0.85668 905.01523
753.00000 0.86072 909.28606
754.00000 0.86471 913.55690
755.00000 0.86864 917.82773
756.00000 0.87252 922.09856
757.00000 0.87342 1773.27955
758.00000 0.87633 926.36940
759.00000 0.88009 930.64023
760.00000 0.88380 934.91106
761.00000 0.88744 939.18190
762.00000 0.89102 943.45273
763.00000 0.89275 1777.55038
764.00000 0.89455 947.72356
765.00000 0.89801 951.99440
766.00000 0.90141 956.26523
767.00000 0.90474 960.53606
768.00000 0.90802 964.80690
769.00000 0.91122 969.07773
770.00000 0.91206 1781.82121
771.00000 0.91437 973.34856
772.00000 0.91744 977.61940
773.00000 0.92045 981.89023
774.00000 0.92339 986.16106
775.00000 0.92627 990.43190
776.00000 0.92907 994.70273
777.00000 0.93143 1786.09205
778.00000 0.93180 998.97356
779.00000 0.93446 1003.24439
780.00000 0.93705 1007.51523
781.00000 0.93957 1011.78606
782.00000 0.94201 1016.05689
783.00000 0.94437 1020.32773
784.00000 0.94665 1024.59856
785.00000 0.94886 1028.86939
786.00000 0.95091 1790.35861
787.00000 0.95093 1790.36288
788.00000 0.95098 1033.14023
789.00000 0.95303 1037.41106
790.00000 0.95502 1041.68189
791.00000 0.95653 1790.36288
792.00000 0.95654 1790.35861
793.00000 0.95696 1045.95273
794.00000 0.95845 1786.09205
795.00000 0.95885 1050.22356
796.00000 0.96034 1781.82121
797.00000 0.96069 1054.49439
798.00000 0.96219 1777.55038
799.00000 0.96249 1058.76523
800.00000 0.96402 1773.27955
801.00000 0.96423 1063.03606
802.00000 0.96582 1769.00871
803.00000 0.96594 1067.30689
804.00000 0.96759 1764.73788
805.00000 0.96760 1071.57773
806.00000 0.96922 1075.84856
807.00000 0.96933 1760.46705
808.00000 0.97080 1080.11939
809.00000 0.97104 1756.19621
810.00000 0.97234 1084.39023
811.00000 0.97272 1751.92538
812.00000 0.97384 1088.66106
813.00000 0.97438 1747.65455
814.00000 0.97531 1092.93189
815.00000 0.97600 1743.38371
816.00000 0.97675 1097.20273
817.00000 0.97759 1739.11288
818.00000 0.97815 1101.47356
819.00000 0.97916 1734.84205
820.00000 0.97952 1105.74439
821.00000 0.98069 1730.57121
822.00000 0.98086 1110.01523
823.00000 0.98216 1114.28606
824.00000 0.98220 1726.30038
825.00000 0.98344 1118.55689
826.00000 0.98367 1722.02955
827.00000 0.98469 1122.82773
828.00000 0.98512 1717.75871
829.00000 0.98591 1127.09856
830.00000 0.98654 1713.48788
831.00000 0.98710 1131.36939
832.00000 0.98793 1709.21705
833.00000 0.98827 1135.64023
834.00000 0.98929 1704.94621
835.00000 0.98941 1139.91106
836.00000 0.99053 1144.18189
837.00000 0.99062 1700.67538
838.00000 0.99162 1148.45273
839.00000 0.99192 1696.40455
840.00000 0.99269 1152.72356
841.00000 0.99319 1692.13371
842.00000 0.99373 1156.99439
843.00000 0.99444 1687.86288
844.00000 0.99475 1161.26523
845.00000 0.99565 1683.59205
846.00000 0.99575 1165.53606
847.00000 0.99673 1169.80689
848.00000 0.99684 1679.32121
849.00000 0.99769 1174.07773
850.00000 0.99800 1675.05038
851.00000 0.99862 1178.34856
852.00000 0.99914 1670.77955
853.00000 0.99924 1670.39129
854.00000 0.99944 1669.61477
855.00000 0.99954 1182.61939
856.00000 0.99962 1183.00765
857.00000 0.99978 1183.78417
858.00000 0.99981 1183.92535
859.00000 0.99984 1668.06174
860.00000 0.99987 1184.20772
861.00000 0.99994 1667.67349
862.00000 0.99999 1667.47615
863.00000 0.99999 1184.78179
864.00000 0.99999 1184.77246
865.00000 0.99999 1667.47936
866.00000 1.00000 1515.00000
867.00000 1.00000 1491.00000
868.00000 1.00000 1488.00000
869.00000 1.00000 1500.00000
870.00000 1.00000 1512.00000
871.00000 1.00000 1503.00000
872.00000 1.00000 1506.00000
873.00000 1.00000 1509.00000
874.00000 1.00000 1497.00000
875.00000 1.00000 1485.00000
876.00000 1.00000 1482.00000
877.00000 1.00000 1479.00000
878.00000 1.00000 1476.00000
879.00000 1.00000 1473.00000
880.00000 1.00000 1470.00000
881.00000 1.00000 1467.00000
882.00000 1.00000 1518.00000
883.00000 1.00000 1494.00000
884.00000 1.00000 1184.81065
885.00000 1.00000 1461.00000
886.00000 1.00000 1395.00000
887.00000 1.00000 1398.00000
888.00000 1.00000 1521.00000
889.00000 1.00000 1401.00000
890.00000 1.00000 1404.00000
891.00000 1.00000 1407.00000
892.00000 1.00000 1410.00000
893.00000 1.00000 1413.00000
894.00000 1.00000 1416.00000
895.00000 1.00000 1419.00000
896.00000 1.00000 1422.00000
897.00000 1.00000 1425.00000
898.00000 1.00000 1428.00000
899.00000 1.00000 1431.00000
900.00000 1.00000 1434.00000
901.00000 1.00000 1437.00000
902.00000 1.00000 1440.00000
903.00000 1.00000 1443.00000
904.00000 1.00000 1446.00000
905.00000 1.00000 1449.00000
906.00000 1.00000 1452.00000
907.00000 1.00000 1455.00000
908.00000 1.00000 1458.00000
909.00000 1.00000 1464.00000
910.00000 1.00000 1524.00000
911.00000 1.00000 1653.00000
912.00000 1.00000 1530.00000
913.00000 1.00000 1605.00000
914.00000 1.00000 1608.00000
915.00000 1.00000 1611.00000
916.00000 1.00000 1614.00000
917.00000 1.00000 1617.00000
918.00000 1.00000 1620.00000
919.00000 1.00000 1623.00000
920.00000 1.00000 1626.00000
921.00000 1.00000 1629.00000
922.00000 1.00000 1632.00000
923.00000 1.00000 1635.00000
924.00000 1.00000 1638.00000
925.00000 1.00000 1641.00000
926.00000 1.00000 1644.00000
927.00000 1.00000 1647.00000
928.00000 1.00000 1650.00000
929.00000 1.00000 1392.00000
930.00000 1.00000 1656.00000
931.00000 1.00000 1659.00000
932.00000 1.00000 1602.00000
933.00000 1.00000 1599.00000
934.00000 1.00000 1596.00000
935.00000 1.00000 1593.00000
936.00000 1.00000 1533.00000
937.00000 1.00000 1536.00000
938.00000 1.00000 1539.00000
939.00000 1.00000 1542.00000
940.00000 1.00000 1545.00000
941.00000 1.00000 1548.00000
942.00000 1.00000 1551.00000
943.00000 1.00000 1554.00000
944.00000 1.00000 1557.00000
945.00000 1.00000 1527.00000
946.00000 1.00000 1560.00000
947.00000 1.00000 1566.00000
948.00000 1.00000 1569.00000
949.00000 1.00000 1572.00000
950.00000 1.00000 1575.00000
951.00000 1.00000 1578.00000
952.00000 1.00000 1581.00000
953.00000 1.00000 1584.00000
954.00000 1.00000 1587.00000
955.00000 1.00000 1590.00000
956.00000 1.00000 1563.00000
957.00000 1.00000 1389.00000
958.00000 1.00000 1667.45552
959.00000 1.00000 1383.00000
960.00000 1.00000 1185.00000
961.00000 1.00000 1188.00000
962.00000 1.00000 1191.00000
963.00000 1.00000 1194.00000
964.00000 1.00000 1197.00000
965.00000 1.00000 1200.00000
966.00000 1.00000 1203.00000
967.00000 1.00000 1206.00000
968.00000 1.00000 1209.00000
969.00000 1.00000 1212.00000
970.00000 1.00000 1215.00000
971.00000 1.00000 1218.00000
972.00000 1.00000 1221.00000
973.00000 1.00000 1224.00000
974.00000 1.00000 1227.00000
975.00000 1.00000 1230.00000
976.00000 1.00000 1233.00000
977.00000 1.00000 1236.00000
978.00000 1.00000 1239.00000
979.00000 1.00000 1667.45393
980.00000 1.00000 1667.45393
981.00000 1.00000 1667.45393
982.00000 1.00000 1667.45397
983.00000 1.00000 1184.80386
984.00000 1.00000 1184.80046
985.00000 1.00000 1662.00000
986.00000 1.00000 1184.81435
987.00000 1.00000 1184.81457
988.00000 1.00000 1184.81468
989.00000 1.00000 1184.81474
990.00000 1.00000 1184.81477
991.00000 1.00000 1184.81478
992.00000 1.00000 1242.00000
993.00000 1.00000 1184.81478
994.00000 1.00000 1667.45690
995.00000 1.00000 1667.45573
996.00000 1.00000 1184.81188
997.00000 1.00000 1667.45509
998.00000 1.00000 1667.45424
999.00000 1.00000 1667.45409
1000.00000 1.00000 1667.45406
1001.00000 1.00000 1667.45401
1002.00000 1.00000 1667.45399
1003.00000 1.00000 1667.46973
1004.00000 1.00000 1386.00000
1005.00000 1.00000 1245.00000
1006.00000 1.00000 1251.00000
1007.00000 1.00000 1326.00000
1008.00000 1.00000 1329.00000
1009.00000 1.00000 1332.00000
1010.00000 1.00000 1335.00000
1011.00000 1.00000 1338.00000
1012.00000 1.00000 1341.00000
1013.00000 1.00000 1344.00000
1014.00000 1.00000 1347.00000
1015.00000 1.00000 1350.00000
1016.00000 1.00000 1353.00000
1017.00000 1.00000 1356.00000
1018.00000 1.00000 1359.00000
1019.00000 1.00000 1362.00000
1020.00000 1.00000 1365.00000
1021.00000 1.00000 1368.00000
1022.00000 1.00000 1371.00000
1023.00000 1.00000 1374.00000
1024.00000 1.00000 1377.00000
1025.00000 1.00000 1380.00000
1026.00000 1.00000 1323.00000
1027.00000 1.00000 1320.00000
1028.00000 1.00000 1317.00000
1029.00000 1.00000 1314.00000
1030.00000 1.00000 1254.00000
1031.00000 1.00000 1257.00000
1032.00000 1.00000 1260.00000
1033.00000 1.00000 1263.00000
1034.00000 1.00000 1266.00000
1035.00000 1.00000 1269.00000
1036.00000 1.00000 1272.00000
1037.00000 1.00000 1275.00000
1038.00000 1.00000 1278.00000
1039.00000 1.00000 1248.00000
1040.00000 1.00000 1281.00000
1041.00000 1.00000 1287.00000
1042.00000 1.00000 1290.00000
1043.00000 1.00000 1293.00000
1044.00000 1.00000 1296.00000
1045.00000 1.00000 1299.00000
1046.00000 1.00000 1302.00000
1047.00000 1.00000 1305.00000
1048.00000 1.00000 1308.00000
1049.00000 1.00000 1311.00000
1050.00000 1.00000 1284.00000
1051.00000 1.00000 1665.00000
