0.00000 0.98616 1435.31126
1.00000 0.98616 1431.04043
2.00000 0.98617 1426.76960
3.00000 0.98617 1439.58210
4.00000 0.98618 1443.85293
5.00000 0.98619 1422.49876
6.00000 0.98620 1448.12376
7.00000 0.98621 1418.22793
8.00000 0.98623 1452.39460
9.00000 0.98624 1413.95710
10.00000 0.98627 1456.66543
11.00000 0.98628 1409.68626
12.00000 0.98631 1460.93626
13.00000 0.98632 1405.41543
14.00000 0.98636 1465.20710
15.00000 0.98638 1401.14460
16.00000 0.98642 1469.47793
17.00000 0.98644 1396.87376
18.00000 0.98649 1473.74876
19.00000 0.98650 1392.60293
20.00000 0.98657 1478.01959
21.00000 0.98658 1388.33210
22.00000 0.98665 1482.29043
23.00000 0.98666 1384.06126
24.00000 0.98674 1486.56126
25.00000 0.98675 1379.79043
26.00000 0.98684 1490.83209
27.00000 0.98685 1375.51960
28.00000 0.98695 1495.10293
29.00000 0.98695 1371.24876
30.00000 0.98706 1499.37376
31.00000 0.98707 1366.97793
32.00000 0.98718 1503.64459
33.00000 0.98719 1362.70710
34.00000 0.98732 1358.43626
35.00000 0.98732 1507.91543
36.00000 0.98745 1354.16543
37.00000 0.98746 1512.18626
38.00000 0.98759 1349.89460
39.00000 0.98761 1516.45709
40.00000 0.98775 1345.62376
41.00000 0.98776 1520.72793
42.00000 0.98790 1341.35293
43.00000 0.98793 1524.99876
44.00000 0.98807 1337.08210
45.00000 0.98810 1529.26959
46.00000 0.98825 1332.81126
47.00000 0.98829 1533.54043
48.00000 0.98843 1328.54043
49.00000 0.98848 1537.81126
50.00000 0.98862 1324.26960
51.00000 0.98868 1542.08209
52.00000 0.98882 1319.99876
53.00000 0.98890 1546.35293
54.00000 0.98902 1315.72793
55.00000 0.98912 1550.62376
56.00000 0.98924 1311.45710
57.00000 0.98935 1554.89459
58.00000 0.98946 1307.18626
59.00000 0.98959 1559.16543
60.00000 0.98969 1302.91543
61.00000 0.98984 1563.43626
62.00000 0.98993 1298.64460
63.00000 0.99010 1567.70709
64.00000 0.99018 1294.37376
65.00000 0.99038 1571.97793
66.00000 0.99044 1290.10293
67.00000 0.99066 1576.24876
68.00000 0.99071 1285.83210
69.00000 0.99095 1580.51959
70.00000 0.99098 1281.56126
71.00000 0.99126 1584.79043
72.00000 0.99127 1277.29043
73.00000 0.99156 1273.01960
74.00000 0.99158 1589.06126
75.00000 0.99187 1268.74876
76.00000 0.99191 1593.33209
77.00000 0.99218 1264.47793
78.00000 0.99225 1597.60293
79.00000 0.99250 1260.20710
80.00000 0.99260 1601.87376
81.00000 0.99283 1255.93626
82.00000 0.99297 1606.14459
83.00000 0.99317 1251.66543
84.00000 0.99335 1610.41543
85.00000 0.99353 1247.39460
86.00000 0.99375 1614.68626
87.00000 0.99389 1243.12376
88.00000 0.99416 1618.95709
89.00000 0.99426 1238.85293
90.00000 0.99458 1623.22793
91.00000 0.99465 1234.58210
92.00000 0.99502 1627.49876
93.00000 0.99504 1230.31126
94.00000 0.99545 1226.04043
95.00000 0.99548 1631.76959
96.00000 0.99586 1221.76960
97.00000 0.99595 1636.04043
98.00000 0.99629 1217.49876
99.00000 0.99644 1640.31126
100.00000 0.99673 1213.22793
101.00000 0.99695 1644.58209
102.00000 0.99719 1208.95710
103.00000 0.99747 1648.85293
104.00000 0.99765 1204.68626
105.00000 0.99802 1653.12376
106.00000 0.99813 1200.41543
107.00000 0.99858 1657.39459
108.00000 0.99863 1196.14460
109.00000 0.99913 1191.87376
110.00000 0.99917 1661.66543
111.00000 0.99965 1187.60293
112.00000 0.99978 1665.93199
113.00000 1.00000 1536.00000
114.00000 1.00000 1491.00000
115.00000 1.00000 1494.00000
116.00000 1.00000 1497.00000
117.00000 1.00000 1500.00000
118.00000 1.00000 1503.00000
119.00000 1.00000 1506.00000
120.00000 1.00000 1509.00000
121.00000 1.00000 1512.00000
122.00000 1.00000 1515.00000
123.00000 1.00000 1518.00000
124.00000 1.00000 1521.00000
125.00000 1.00000 1524.00000
126.00000 1.00000 1527.00000
127.00000 1.00000 1530.00000
128.00000 1.00000 1533.00000
129.00000 1.00000 1488.00000
130.00000 1.00000 1485.00000
131.00000 1.00000 1434.00000
132.00000 1.00000 1479.00000
133.00000 1.00000 1428.00000
134.00000 1.00000 1431.00000
135.00000 1.00000 1539.00000
136.00000 1.00000 1437.00000
137.00000 1.00000 1440.00000
138.00000 1.00000 1443.00000
139.00000 1.00000 1446.00000
140.00000 1.00000 1449.00000
141.00000 1.00000 1452.00000
142.00000 1.00000 1455.00000
143.00000 1.00000 1458.00000
144.00000 1.00000 1461.00000
145.00000 1.00000 1464.00000
146.00000 1.00000 1467.00000
147.00000 1.00000 1470.00000
148.00000 1.00000 1473.00000
149.00000 1.00000 1476.00000
150.00000 1.00000 1482.00000
151.00000 1.00000 1542.00000
152.00000 1.00000 1667.45871
153.00000 1.00000 1548.00000
154.00000 1.00000 1614.00000
155.00000 1.00000 1617.00000
156.00000 1.00000 1620.00000
157.00000 1.00000 1623.00000
158.00000 1.00000 1626.00000
159.00000 1.00000 1629.00000
160.00000 1.00000 1632.00000
161.00000 1.00000 1635.00000
162.00000 1.00000 1638.00000
163.00000 1.00000 1641.00000
164.00000 1.00000 1644.00000
165.00000 1.00000 1647.00000
166.00000 1.00000 1650.00000
167.00000 1.00000 1653.00000
168.00000 1.00000 1656.00000
169.00000 1.00000 1659.00000
170.00000 1.00000 1425.00000
171.00000 1.00000 1611.00000
172.00000 1.00000 1545.00000
173.00000 1.00000 1608.00000
174.00000 1.00000 1602.00000
175.00000 1.00000 1551.00000
176.00000 1.00000 1554.00000
177.00000 1.00000 1557.00000
178.00000 1.00000 1560.00000
179.00000 1.00000 1563.00000
180.00000 1.00000 1566.00000
181.00000 1.00000 1569.00000
182.00000 1.00000 1572.00000
183.00000 1.00000 1575.00000
184.00000 1.00000 1578.00000
185.00000 1.00000 1581.00000
186.00000 1.00000 1584.00000
187.00000 1.00000 1587.00000
188.00000 1.00000 1590.00000
189.00000 1.00000 1593.00000
190.00000 1.00000 1596.00000
191.00000 1.00000 1599.00000
192.00000 1.00000 1605.00000
193.00000 1.00000 1422.00000
194.00000 1.00000 1251.00000
195.00000 1.00000 1416.00000
196.00000 1.00000 1245.00000
197.00000 1.00000 1248.00000
198.00000 1.00000 1662.00000
199.00000 1.00000 1254.00000
200.00000 1.00000 1257.00000
201.00000 1.00000 1260.00000
202.00000 1.00000 1263.00000
203.00000 1.00000 1242.00000
204.00000 1.00000 1266.00000
205.00000 1.00000 1272.00000
206.00000 1.00000 1275.00000
207.00000 1.00000 1278.00000
208.00000 1.00000 1281.00000
209.00000 1.00000 1284.00000
210.00000 1.00000 1287.00000
211.00000 1.00000 1290.00000
212.00000 1.00000 1269.00000
213.00000 1.00000 1239.00000
214.00000 1.00000 1236.00000
215.00000 1.00000 1233.00000
216.00000 1.00000 1184.81475
217.00000 1.00000 1185.00000
218.00000 1.00000 1188.00000
219.00000 1.00000 1191.00000
220.00000 1.00000 1194.00000
221.00000 1.00000 1197.00000
222.00000 1.00000 1200.00000
223.00000 1.00000 1203.00000
224.00000 1.00000 1206.00000
225.00000 1.00000 1209.00000
226.00000 1.00000 1212.00000
227.00000 1.00000 1215.00000
228.00000 1.00000 1218.00000
229.00000 1.00000 1221.00000
230.00000 1.00000 1224.00000
231.00000 1.00000 1227.00000
232.00000 1.00000 1230.00000
233.00000 1.00000 1293.00000
234.00000 1.00000 1419.00000
235.00000 1.00000 1296.00000
236.00000 1.00000 1302.00000
237.00000 1.00000 1368.00000
238.00000 1.00000 1371.00000
239.00000 1.00000 1374.00000
240.00000 1.00000 1377.00000
241.00000 1.00000 1380.00000
242.00000 1.00000 1383.00000
243.00000 1.00000 1386.00000
244.00000 1.00000 1365.00000
245.00000 1.00000 1389.00000
246.00000 1.00000 1395.00000
247.00000 1.00000 1398.00000
248.00000 1.00000 1401.00000
249.00000 1.00000 1404.00000
250.00000 1.00000 1407.00000
251.00000 1.00000 1410.00000
252.00000 1.00000 1413.00000
253.00000 1.00000 1392.00000
254.00000 1.00000 1362.00000
255.00000 1.00000 1359.00000
256.00000 1.00000 1356.00000
257.00000 1.00000 1305.00000
258.00000 1.00000 1308.00000
259.00000 1.00000 1311.00000
260.00000 1.00000 1314.00000
261.00000 1.00000 1317.00000
262.00000 1.00000 1320.00000
263.00000 1.00000 1323.00000
264.00000 1.00000 1326.00000
265.00000 1.00000 1329.00000
266.00000 1.00000 1332.00000
267.00000 1.00000 1335.00000
268.00000 1.00000 1338.00000
269.00000 1.00000 1341.00000
270.00000 1.00000 1344.00000
271.00000 1.00000 1347.00000
272.00000 1.00000 1350.00000
273.00000 1.00000 1353.00000
274.00000 1.00000 1299.00000
275.00000 1.00000 1665.00000
