0.00000 0.28777 430.62500
1.00000 0.28778 434.89583
2.00000 0.28778 426.35416
3.00000 0.28779 422.08333
4.00000 0.28779 439.16666
5.00000 0.28781 417.81250
6.00000 0.28781 443.43750
7.00000 0.28783 413.54166
8.00000 0.28784 447.70833
9.00000 0.28787 409.27083
10.00000 0.28788 451.97916
11.00000 0.28791 405.00000
12.00000 0.28792 456.25000
13.00000 0.28796 400.72917
14.00000 0.28798 460.52083
15.00000 0.28802 396.45833
16.00000 0.28804 464.79166
17.00000 0.28808 392.18750
18.00000 0.28811 469.06250
19.00000 0.28815 387.91667
20.00000 0.28819 473.33333
21.00000 0.28823 383.64583
22.00000 0.28827 477.60416
23.00000 0.28832 379.37500
24.00000 0.28837 481.87500
25.00000 0.28842 375.10417
26.00000 0.28847 486.14583
27.00000 0.28852 370.83333
28.00000 0.28859 490.41666
29.00000 0.28863 366.56250
30.00000 0.28871 494.68750
31.00000 0.28874 362.29167
32.00000 0.28884 498.95833
33.00000 0.28887 358.02083
34.00000 0.28897 503.22916
35.00000 0.28900 353.75000
36.00000 0.28912 507.50000
37.00000 0.28913 349.47917
38.00000 0.28927 511.77083
39.00000 0.28928 345.20833
40.00000 0.28943 340.93750
41.00000 0.28944 516.04166
42.00000 0.28959 336.66667
43.00000 0.28961 520.31250
44.00000 0.28975 332.39583
45.00000 0.28979 524.58333
46.00000 0.28992 328.12500
47.00000 0.28998 528.85416
48.00000 0.29010 323.85417
49.00000 0.29017 533.12500
50.00000 0.29029 319.58333
51.00000 0.29038 537.39583
52.00000 0.29048 315.31250
53.00000 0.29059 541.66666
54.00000 0.29068 311.04167
55.00000 0.29082 545.93750
56.00000 0.29088 306.77083
57.00000 0.29105 550.20833
58.00000 0.29109 302.50000
59.00000 0.29129 554.47916
60.00000 0.29131 298.22917
61.00000 0.29153 558.75000
62.00000 0.29154 293.95833
63.00000 0.29177 289.68750
64.00000 0.29179 563.02083
65.00000 0.29201 285.41667
66.00000 0.29205 567.29166
67.00000 0.29225 281.14583
68.00000 0.29232 571.56250
69.00000 0.29251 276.87500
70.00000 0.29260 575.83333
71.00000 0.29276 272.60417
72.00000 0.29289 580.10416
73.00000 0.29303 268.33333
74.00000 0.29319 584.37500
75.00000 0.29330 264.06250
76.00000 0.29349 588.64583
77.00000 0.29358 259.79167
78.00000 0.29380 592.91666
79.00000 0.29387 255.52083
80.00000 0.29412 597.18750
81.00000 0.29416 251.25000
82.00000 0.29445 601.45833
83.00000 0.29446 246.97917
84.00000 0.29477 242.70833
85.00000 0.29478 605.72916
86.00000 0.29508 238.43750
87.00000 0.29513 610.00000
88.00000 0.29541 234.16667
89.00000 0.29548 614.27083
90.00000 0.29574 229.89583
91.00000 0.29583 618.54166
92.00000 0.29607 225.62500
93.00000 0.29620 622.81250
94.00000 0.29642 221.35417
95.00000 0.29657 627.08333
96.00000 0.29677 217.08333
97.00000 0.29695 631.35416
98.00000 0.29713 212.81250
99.00000 0.29734 635.62500
100.00000 0.29750 208.54167
101.00000 0.29773 639.89583
102.00000 0.29787 204.27083
103.00000 0.29813 644.16666
104.00000 0.29826 200.00000
105.00000 0.29826 200.00427
106.00000 0.29854 648.43750
107.00000 0.29895 652.70833
108.00000 0.29937 656.97916
109.00000 0.29980 661.25000
110.00000 0.30023 665.52083
111.00000 0.30068 669.79166
112.00000 0.30112 674.06250
113.00000 0.30158 678.33333
114.00000 0.30204 682.60416
115.00000 0.30250 686.87500
116.00000 0.30298 691.14583
117.00000 0.30345 695.41666
118.00000 0.30394 699.68750
119.00000 0.30443 703.95833
120.00000 0.30493 708.22916
121.00000 0.30543 712.50000
122.00000 0.30593 716.77083
123.00000 0.30645 721.04166
124.00000 0.30697 725.31250
125.00000 0.30749 729.58333
126.00000 0.30802 733.85416
127.00000 0.30856 738.12500
128.00000 0.30910 742.39583
129.00000 0.30964 746.66666
130.00000 0.31019 750.93750
131.00000 0.31075 755.20833
132.00000 0.31131 759.47916
133.00000 0.31187 763.75000
134.00000 0.31244 768.02083
135.00000 0.31302 772.29166
136.00000 0.31360 776.56250
137.00000 0.31418 780.83333
138.00000 0.31477 785.10416
139.00000 0.31537 789.37500
140.00000 0.31596 793.64583
141.00000 0.31657 797.91666
142.00000 0.31717 802.18750
143.00000 0.31778 806.45833
144.00000 0.31840 810.72916
145.00000 0.31902 815.00000
146.00000 0.31964 819.27083
147.00000 0.32027 823.54166
148.00000 0.32090 827.81250
149.00000 0.32154 832.08333
150.00000 0.32218 836.35416
151.00000 0.32282 840.62500
152.00000 0.32347 844.89583
153.00000 0.32412 849.16666
154.00000 0.32478 853.43749
155.00000 0.32544 857.70833
156.00000 0.32610 861.97916
157.00000 0.32677 866.24999
158.00000 0.32744 870.52083
159.00000 0.32811 874.79166
160.00000 0.32879 879.06249
161.00000 0.32947 883.33333
162.00000 0.33015 887.60416
163.00000 0.33084 891.87499
164.00000 0.33154 896.14583
165.00000 0.33223 900.41666
166.00000 0.33293 904.68749
167.00000 0.33363 908.95833
168.00000 0.33434 913.22916
169.00000 0.33505 917.49999
170.00000 0.33576 921.77083
171.00000 0.33648 926.04166
172.00000 0.33720 930.31249
173.00000 0.33792 934.58333
174.00000 0.33864 938.85416
175.00000 0.33937 943.12499
176.00000 0.34011 947.39583
177.00000 0.34084 951.66666
178.00000 0.34158 955.93749
179.00000 0.34233 960.20833
180.00000 0.34307 964.47916
181.00000 0.34382 968.74999
182.00000 0.34457 973.02083
183.00000 0.34533 977.29166
184.00000 0.34609 981.56249
185.00000 0.34685 985.83333
186.00000 0.34762 990.10416
187.00000 0.34839 994.37499
188.00000 0.34916 998.64583
189.00000 0.34993 1002.91666
190.00000 0.35071 1007.18749
191.00000 0.35150 1011.45833
192.00000 0.35228 1015.72916
193.00000 0.35307 1019.99999
194.00000 0.35386 1024.27083
195.00000 0.35466 1028.54166
196.00000 0.35546 1032.81249
197.00000 0.35626 1037.08333
198.00000 0.35707 1041.35416
199.00000 0.35788 1045.62499
200.00000 0.35869 1049.89583
201.00000 0.35951 1054.16666
202.00000 0.36033 1058.43749
203.00000 0.36116 1062.70833
204.00000 0.36198 1066.97916
205.00000 0.36281 1071.24999
206.00000 0.36365 1075.52083
207.00000 0.36449 1079.79166
208.00000 0.36533 1084.06249
209.00000 0.36618 1088.33333
210.00000 0.36703 1092.60416
211.00000 0.36788 1096.87499
212.00000 0.36874 1101.14583
213.00000 0.36960 1105.41666
214.00000 0.37047 1109.68749
215.00000 0.37134 1113.95833
216.00000 0.37221 1118.22916
217.00000 0.37309 1122.49999
218.00000 0.37397 1126.77083
219.00000 0.37486 1131.04166
220.00000 0.37575 1135.31249
221.00000 0.37665 1139.58333
222.00000 0.37755 1143.85416
223.00000 0.37845 1148.12499
224.00000 0.37936 1152.39583
225.00000 0.38028 1156.66666
226.00000 0.38120 1160.93749
227.00000 0.38212 1165.20833
228.00000 0.38305 1169.47916
229.00000 0.38398 1173.74999
230.00000 0.38492 1178.02083
231.00000 0.38586 1182.29166
232.00000 0.38681 1186.56249
233.00000 0.38777 1190.83333
234.00000 0.38873 1195.10416
235.00000 0.38969 1199.37499
236.00000 0.39067 1203.64583
237.00000 0.39164 1207.91666
238.00000 0.39263 1212.18749
239.00000 0.39361 1216.45833
240.00000 0.39461 1220.72916
241.00000 0.39561 1224.99999
242.00000 0.39662 1229.27083
243.00000 0.39763 1233.54166
244.00000 0.39865 1237.81249
245.00000 0.39968 1242.08333
246.00000 0.40072 1246.35416
247.00000 0.40176 1250.62499
248.00000 0.40281 1254.89583
249.00000 0.40387 1259.16666
250.00000 0.40493 1263.43749
251.00000 0.40601 1267.70833
252.00000 0.40709 1271.97916
253.00000 0.40818 1276.24999
254.00000 0.40927 1280.52082
255.00000 0.41038 1284.79166
256.00000 0.41150 1289.06249
257.00000 0.41262 1293.33332
258.00000 0.41376 1297.60416
259.00000 0.41490 1301.87499
260.00000 0.41606 1306.14582
261.00000 0.41722 1310.41666
262.00000 0.41840 1314.68749
263.00000 0.41959 1318.95832
264.00000 0.42078 1323.22916
265.00000 0.42200 1327.49999
266.00000 0.42322 1331.77082
267.00000 0.42445 1336.04166
268.00000 0.42570 1340.31249
269.00000 0.42697 1344.58332
270.00000 0.42824 1348.85416
271.00000 0.42953 1353.12499
272.00000 0.43084 1357.39582
273.00000 0.43216 1361.66666
274.00000 0.43350 1365.93749
275.00000 0.43486 1370.20832
276.00000 0.43623 1374.47916
277.00000 0.43763 1378.74999
278.00000 0.43786 200.00000
279.00000 0.43904 1383.02082
280.00000 0.43934 204.02889
281.00000 0.44047 1387.29166
282.00000 0.44091 208.29972
283.00000 0.44193 1391.56249
284.00000 0.44247 212.57055
285.00000 0.44340 1395.83332
286.00000 0.44403 216.84139
287.00000 0.44490 1400.10416
288.00000 0.44559 221.11222
289.00000 0.44643 1404.37499
290.00000 0.44715 225.38305
291.00000 0.44798 1408.64582
292.00000 0.44870 229.65389
293.00000 0.44956 1412.91666
294.00000 0.45025 233.92472
295.00000 0.45117 1417.18749
296.00000 0.45181 238.19555
297.00000 0.45281 1421.45832
298.00000 0.45336 242.46639
299.00000 0.45448 1425.72916
300.00000 0.45490 246.73722
301.00000 0.45619 1429.99999
302.00000 0.45645 251.00805
303.00000 0.45794 1434.27082
304.00000 0.45799 255.27889
305.00000 0.45953 259.54972
306.00000 0.45973 1438.54166
307.00000 0.46107 263.82055
308.00000 0.46156 1442.81249
309.00000 0.46261 268.09139
310.00000 0.46344 1447.08332
311.00000 0.46414 272.36222
312.00000 0.46537 1451.35416
313.00000 0.46568 276.63305
314.00000 0.46721 280.90389
315.00000 0.46735 1455.62499
316.00000 0.46873 285.17472
317.00000 0.46940 1459.89582
318.00000 0.47026 289.44555
319.00000 0.47152 1464.16666
320.00000 0.47178 293.71639
321.00000 0.47330 297.98722
322.00000 0.47370 1468.43749
323.00000 0.47482 302.25805
324.00000 0.47598 1472.70832
325.00000 0.47633 306.52889
326.00000 0.47784 310.79972
327.00000 0.47834 1476.97916
328.00000 0.47935 315.07055
329.00000 0.48082 1481.24999
330.00000 0.48085 319.34139
331.00000 0.48235 323.61222
332.00000 0.48341 1485.52082
333.00000 0.48384 327.88305
334.00000 0.48534 332.15388
335.00000 0.48615 1489.79166
336.00000 0.48682 336.42472
337.00000 0.48831 340.69555
338.00000 0.48906 1494.06249
339.00000 0.48979 344.96638
340.00000 0.49126 349.23722
341.00000 0.49218 1498.33332
342.00000 0.49273 353.50805
343.00000 0.49420 357.77888
344.00000 0.49555 1502.60416
345.00000 0.49566 362.04972
346.00000 0.49712 366.32055
347.00000 0.49857 370.59138
348.00000 0.49927 1506.87499
349.00000 0.50001 374.86222
350.00000 0.50145 379.13305
351.00000 0.50289 383.40388
352.00000 0.50345 1511.14582
353.00000 0.50431 387.67472
354.00000 0.50574 391.94555
355.00000 0.50715 396.21638
356.00000 0.50835 1515.41666
357.00000 0.50856 400.48722
358.00000 0.50997 404.75805
359.00000 0.51136 409.02888
360.00000 0.51275 413.29972
361.00000 0.51413 417.57055
362.00000 0.51453 1519.68749
363.00000 0.51551 421.84138
364.00000 0.51688 426.11222
365.00000 0.51824 430.38305
366.00000 0.51959 434.65388
367.00000 0.52094 438.92472
368.00000 0.52227 443.19555
369.00000 0.52360 447.46638
370.00000 0.52458 1523.95832
371.00000 0.52492 451.73722
372.00000 0.52623 456.00805
373.00000 0.52625 1524.34658
374.00000 0.52660 1524.41717
375.00000 0.52738 1524.55836
376.00000 0.52753 460.27888
377.00000 0.52883 464.54972
378.00000 0.52952 1524.84073
379.00000 0.53011 468.82055
380.00000 0.53011 1524.89207
381.00000 0.53023 1524.90140
382.00000 0.53050 1524.92007
383.00000 0.53121 1524.95741
384.00000 0.53138 473.09138
385.00000 0.53139 1524.96420
386.00000 0.53145 1524.96646
387.00000 0.53159 1524.97056
388.00000 0.53185 1524.97702
389.00000 0.53202 475.22680
390.00000 0.53233 476.29451
391.00000 0.53238 1524.98295
392.00000 0.53249 476.82836
393.00000 0.53258 477.09529
394.00000 0.53262 477.22875
395.00000 0.53324 479.36417
396.00000 0.53344 1524.96690
397.00000 0.53449 483.63500
398.00000 0.53556 1524.82332
399.00000 0.53574 487.90584
400.00000 0.53698 492.17667
401.00000 0.53768 1524.53138
402.00000 0.53823 496.44750
403.00000 0.53947 500.71834
404.00000 0.54071 504.98917
405.00000 0.54190 1523.50370
406.00000 0.54196 509.26000
407.00000 0.54320 513.53084
408.00000 0.54444 517.80167
409.00000 0.54567 522.07250
410.00000 0.54691 526.34334
411.00000 0.54815 530.61417
412.00000 0.54938 534.88500
413.00000 0.55031 1519.68269
414.00000 0.55062 539.15584
415.00000 0.55185 543.42667
416.00000 0.55308 547.69750
417.00000 0.55431 551.96834
418.00000 0.55449 1516.89484
419.00000 0.55554 556.23917
420.00000 0.55677 560.51000
421.00000 0.55799 564.78084
422.00000 0.55866 1513.52573
423.00000 0.55922 569.05167
424.00000 0.56044 573.32250
425.00000 0.56166 577.59334
426.00000 0.56282 1509.57792
427.00000 0.56288 581.86417
428.00000 0.56410 586.13500
429.00000 0.56447 1507.84000
430.00000 0.56532 590.40584
431.00000 0.56653 594.67667
432.00000 0.56754 1504.36416
433.00000 0.56775 598.94750
434.00000 0.56896 603.21834
435.00000 0.57017 607.48917
436.00000 0.57096 1500.09333
437.00000 0.57138 611.76000
438.00000 0.57258 616.03084
439.00000 0.57379 620.30167
440.00000 0.57409 1495.82250
441.00000 0.57499 624.57250
442.00000 0.57619 628.84334
443.00000 0.57699 1491.55166
444.00000 0.57739 633.11417
445.00000 0.57859 637.38500
446.00000 0.57971 1487.28083
447.00000 0.57978 641.65584
448.00000 0.58097 645.92667
449.00000 0.58216 650.19750
450.00000 0.58226 1483.01000
451.00000 0.58335 654.46834
452.00000 0.58453 658.73917
453.00000 0.58468 1478.73916
454.00000 0.58572 663.01000
455.00000 0.58690 667.28084
456.00000 0.58699 1474.46833
457.00000 0.58807 671.55167
458.00000 0.58919 1470.19750
459.00000 0.58925 675.82250
460.00000 0.59042 680.09334
461.00000 0.59130 1465.92666
462.00000 0.59159 684.36417
463.00000 0.59276 688.63500
464.00000 0.59332 1461.65583
465.00000 0.59392 692.90584
466.00000 0.59508 697.17667
467.00000 0.59528 1457.38500
468.00000 0.59623 701.44750
469.00000 0.59716 1453.11416
470.00000 0.59739 705.71834
471.00000 0.59854 709.98917
472.00000 0.59898 1448.84333
473.00000 0.59968 714.26000
474.00000 0.60075 1444.57250
475.00000 0.60082 718.53084
476.00000 0.60196 722.80167
477.00000 0.60246 1440.30166
478.00000 0.60310 727.07250
479.00000 0.60413 1436.03083
480.00000 0.60423 731.34333
481.00000 0.60536 735.61417
482.00000 0.60575 1431.76000
483.00000 0.60648 739.88500
484.00000 0.60732 1427.48916
485.00000 0.60760 744.15583
486.00000 0.60871 748.42667
487.00000 0.60885 1423.21833
488.00000 0.60982 752.69750
489.00000 0.61035 1418.94750
490.00000 0.61092 756.96833
491.00000 0.61181 1414.67666
492.00000 0.61202 761.23917
493.00000 0.61312 765.51000
494.00000 0.61323 1410.40583
495.00000 0.61421 769.78083
496.00000 0.61462 1406.13500
497.00000 0.61529 774.05167
498.00000 0.61598 1401.86416
499.00000 0.61637 778.32250
500.00000 0.61731 1397.59333
501.00000 0.61745 782.59333
502.00000 0.61851 786.86417
503.00000 0.61861 1393.32250
504.00000 0.61958 791.13500
505.00000 0.61988 1389.05166
506.00000 0.62063 795.40583
507.00000 0.62113 1384.78083
508.00000 0.62168 799.67667
509.00000 0.62235 1380.51000
510.00000 0.62273 803.94750
511.00000 0.62354 1376.23916
512.00000 0.62376 808.21833
513.00000 0.62472 1371.96833
514.00000 0.62480 812.48917
515.00000 0.62582 816.76000
516.00000 0.62587 1367.69750
517.00000 0.62684 821.03083
518.00000 0.62699 1363.42666
519.00000 0.62785 825.30167
520.00000 0.62810 1359.15583
521.00000 0.62885 829.57250
522.00000 0.62918 1354.88500
523.00000 0.62984 833.84333
524.00000 0.63024 1350.61416
525.00000 0.63083 838.11417
526.00000 0.63129 1346.34333
527.00000 0.63181 842.38500
528.00000 0.63231 1342.07250
529.00000 0.63278 846.65583
530.00000 0.63331 1337.80166
531.00000 0.63375 850.92667
532.00000 0.63430 1333.53083
533.00000 0.63470 855.19750
534.00000 0.63527 1329.26000
535.00000 0.63565 859.46833
536.00000 0.63621 1324.98916
537.00000 0.63659 863.73917
538.00000 0.63715 1320.71833
539.00000 0.63751 868.01000
540.00000 0.63806 1316.44750
541.00000 0.63843 872.28083
542.00000 0.63896 1312.17666
543.00000 0.63934 876.55167
544.00000 0.63984 1307.90583
545.00000 0.64024 880.82250
546.00000 0.64070 1303.63500
547.00000 0.64113 885.09333
548.00000 0.64155 1299.36416
549.00000 0.64201 889.36417
550.00000 0.64239 1295.09333
551.00000 0.64288 893.63500
552.00000 0.64320 1290.82250
553.00000 0.64373 897.90583
554.00000 0.64400 1286.55166
555.00000 0.64458 902.17667
556.00000 0.64479 1282.28083
557.00000 0.64542 906.44750
558.00000 0.64556 1278.01000
559.00000 0.64624 910.71833
560.00000 0.64632 1273.73916
561.00000 0.64705 914.98917
562.00000 0.64706 1269.46833
563.00000 0.64778 1265.19750
564.00000 0.64785 919.26000
565.00000 0.64850 1260.92666
566.00000 0.64864 923.53083
567.00000 0.64919 1256.65583
568.00000 0.64941 927.80167
569.00000 0.64988 1252.38500
570.00000 0.65017 932.07250
571.00000 0.65054 1248.11416
572.00000 0.65092 936.34333
573.00000 0.65120 1243.84333
574.00000 0.65165 940.61417
575.00000 0.65184 1239.57250
576.00000 0.65237 944.88500
577.00000 0.65246 1235.30166
578.00000 0.65307 1231.03083
579.00000 0.65308 949.15583
580.00000 0.65367 1226.76000
581.00000 0.65377 953.42667
582.00000 0.65425 1222.48916
583.00000 0.65444 957.69750
584.00000 0.65482 1218.21833
585.00000 0.65510 961.96833
586.00000 0.65538 1213.94750
587.00000 0.65574 966.23917
588.00000 0.65592 1209.67666
589.00000 0.65637 970.51000
590.00000 0.65644 1205.40583
591.00000 0.65695 1201.13500
592.00000 0.65698 974.78083
593.00000 0.65745 1196.86416
594.00000 0.65757 979.05167
595.00000 0.65793 1192.59333
596.00000 0.65815 983.32250
597.00000 0.65840 1188.32250
598.00000 0.65870 987.59333
599.00000 0.65886 1184.05166
600.00000 0.65924 991.86417
601.00000 0.65930 1179.78083
602.00000 0.65972 1175.51000
603.00000 0.65976 996.13500
604.00000 0.66013 1171.23916
605.00000 0.66026 1000.40583
606.00000 0.66052 1166.96833
607.00000 0.66074 1004.67667
608.00000 0.66090 1162.69750
609.00000 0.66119 1008.94750
610.00000 0.66127 1158.42666
611.00000 0.66161 1154.15583
612.00000 0.66163 1013.21833
613.00000 0.66195 1149.88500
614.00000 0.66204 1017.48917
615.00000 0.66226 1145.61417
616.00000 0.66242 1021.76000
617.00000 0.66256 1141.34333
618.00000 0.66279 1026.03083
619.00000 0.66285 1137.07250
620.00000 0.66311 1132.80167
621.00000 0.66313 1030.30167
622.00000 0.66336 1128.53083
623.00000 0.66344 1034.57250
624.00000 0.66359 1124.26000
625.00000 0.66372 1038.84333
626.00000 0.66381 1119.98917
627.00000 0.66398 1043.11417
628.00000 0.66400 1115.71833
629.00000 0.66418 1111.44750
630.00000 0.66421 1047.38500
631.00000 0.66434 1107.17667
632.00000 0.66440 1051.65583
633.00000 0.66448 1102.90583
634.00000 0.66456 1055.92667
635.00000 0.66460 1098.63500
636.00000 0.66469 1060.19750
637.00000 0.66470 1094.36417
638.00000 0.66478 1090.09333
639.00000 0.66478 1064.46833
640.00000 0.66484 1068.73917
641.00000 0.66484 1085.82250
642.00000 0.66487 1081.55167
643.00000 0.66488 1073.01000
644.00000 0.66489 1077.28083
