0.00000 0.00000 356.00000
1.00000 0.00000 899.00000
2.00000 0.00000 896.00000
3.00000 0.00000 893.00000
4.00000 0.00000 890.00000
5.00000 0.00000 887.00000
6.00000 0.00000 884.00000
7.00000 0.00000 881.00000
8.00000 0.00000 878.00000
9.00000 0.00000 875.00000
10.00000 0.00000 872.00000
11.00000 0.00000 869.00000
12.00000 0.00000 866.00000
13.00000 0.00000 863.00000
14.00000 0.00000 860.00000
15.00000 0.00000 857.00000
16.00000 0.00000 854.00000
17.00000 0.00000 851.00000
18.00000 0.00000 902.00000
19.00000 0.00000 848.00000
20.00000 0.00000 905.00000
21.00000 0.00000 911.00000
22.00000 0.00000 962.00000
23.00000 0.00000 959.00000
24.00000 0.00000 956.00000
25.00000 0.00000 953.00000
26.00000 0.00000 950.00000
27.00000 0.00000 947.00000
28.00000 0.00000 944.00000
29.00000 0.00000 941.00000
30.00000 0.00000 938.00000
31.00000 0.00000 935.00000
32.00000 0.00000 932.00000
33.00000 0.00000 929.00000
34.00000 0.00000 926.00000
35.00000 0.00000 923.00000
36.00000 0.00000 920.00000
37.00000 0.00000 917.00000
38.00000 0.00000 914.00000
39.00000 0.00000 908.00000
40.00000 0.00000 845.00000
41.00000 0.00000 842.00000
42.00000 0.00000 839.00000
43.00000 0.00000 770.00000
44.00000 0.00000 767.00000
45.00000 0.00000 764.00000
46.00000 0.00000 761.00000
47.00000 0.00000 758.00000
48.00000 0.00000 755.00000
49.00000 0.00000 752.00000
50.00000 0.00000 749.00000
51.00000 0.00000 746.00000
52.00000 0.00000 743.00000
53.00000 0.00000 740.00000
54.00000 0.00000 737.00000
55.00000 0.00000 734.00000
56.00000 0.00000 731.00000
57.00000 0.00000 728.00000
58.00000 0.00000 725.00000
59.00000 0.00000 722.00000
60.00000 0.00000 773.00000
61.00000 0.00000 776.00000
62.00000 0.00000 779.00000
63.00000 0.00000 782.00000
64.00000 0.00000 836.00000
65.00000 0.00000 833.00000
66.00000 0.00000 830.00000
67.00000 0.00000 827.00000
68.00000 0.00000 824.00000
69.00000 0.00000 821.00000
70.00000 0.00000 818.00000
71.00000 0.00000 815.00000
72.00000 0.00000 965.00000
73.00000 0.00000 812.00000
74.00000 0.00000 806.00000
75.00000 0.00000 803.00000
76.00000 0.00000 800.00000
77.00000 0.00000 797.00000
78.00000 0.00000 794.00000
79.00000 0.00000 791.00000
80.00000 0.00000 788.00000
81.00000 0.00000 785.00000
82.00000 0.00000 809.00000
83.00000 0.00000 968.00000
84.00000 0.00000 971.00000
85.00000 0.00000 974.00000
86.00000 0.00000 1154.00000
87.00000 0.00000 1151.00000
88.00000 0.00000 1148.00000
89.00000 0.00000 1145.00000
90.00000 0.00000 1142.00000
91.00000 0.00000 1139.00000
92.00000 0.00000 1136.00000
93.00000 0.00000 1133.00000
94.00000 0.00000 1130.00000
95.00000 0.00000 1127.00000
96.00000 0.00000 1124.00000
97.00000 0.00000 1121.00000
98.00000 0.00000 1118.00000
99.00000 0.00000 1115.00000
100.00000 0.00000 1112.00000
101.00000 0.00000 1109.00000
102.00000 0.00000 1106.00000
103.00000 0.00000 1157.00000
104.00000 0.00000 1160.00000
105.00000 0.00000 1163.00000
106.00000 0.00000 1166.00000
107.00000 0.00000 1220.00000
108.00000 0.00000 1217.00000
109.00000 0.00000 1214.00000
110.00000 0.00000 1211.00000
111.00000 0.00000 1208.00000
112.00000 0.00000 1205.00000
113.00000 0.00000 1202.00000
114.00000 0.00000 1199.00000
115.00000 0.00000 1103.00000
116.00000 0.00000 1196.00000
117.00000 0.00000 1190.00000
118.00000 0.00000 1187.00000
119.00000 0.00000 1184.00000
120.00000 0.00000 1181.00000
121.00000 0.00000 1178.00000
122.00000 0.00000 1175.00000
123.00000 0.00000 1172.00000
124.00000 0.00000 1169.00000
125.00000 0.00000 1193.00000
126.00000 0.00000 719.00000
127.00000 0.00000 1100.00000
128.00000 0.00000 1094.00000
129.00000 0.00000 1025.00000
130.00000 0.00000 1022.00000
131.00000 0.00000 1019.00000
132.00000 0.00000 1016.00000
133.00000 0.00000 1013.00000
134.00000 0.00000 1010.00000
135.00000 0.00000 1007.00000
136.00000 0.00000 1004.00000
137.00000 0.00000 1001.00000
138.00000 0.00000 998.00000
139.00000 0.00000 995.00000
140.00000 0.00000 992.00000
141.00000 0.00000 989.00000
142.00000 0.00000 986.00000
143.00000 0.00000 983.00000
144.00000 0.00000 980.00000
145.00000 0.00000 977.00000
146.00000 0.00000 1028.00000
147.00000 0.00000 1031.00000
148.00000 0.00000 1034.00000
149.00000 0.00000 1037.00000
150.00000 0.00000 1091.00000
151.00000 0.00000 1088.00000
152.00000 0.00000 1085.00000
153.00000 0.00000 1082.00000
154.00000 0.00000 1079.00000
155.00000 0.00000 1076.00000
156.00000 0.00000 1073.00000
157.00000 0.00000 1070.00000
158.00000 0.00000 1097.00000
159.00000 0.00000 1067.00000
160.00000 0.00000 1061.00000
161.00000 0.00000 1058.00000
162.00000 0.00000 1055.00000
163.00000 0.00000 1052.00000
164.00000 0.00000 1049.00000
165.00000 0.00000 1046.00000
166.00000 0.00000 1043.00000
167.00000 0.00000 1040.00000
168.00000 0.00000 1064.00000
169.00000 0.00000 1223.00000
170.00000 0.00000 716.00000
171.00000 0.00000 710.00000
172.00000 0.00000 386.00000
173.00000 0.00000 383.00000
174.00000 0.00000 380.00000
175.00000 0.00000 377.00000
176.00000 0.00000 374.00000
177.00000 0.00000 371.00000
178.00000 0.00000 368.00000
179.00000 0.00000 365.00000
180.00000 0.00000 362.00000
181.00000 0.00000 359.00000
182.00000 0.00000 353.00000
183.00000 0.00000 350.00000
184.00000 0.00000 347.00000
185.00000 0.00000 344.00000
186.00000 0.00000 341.00000
187.00000 0.00000 338.00000
188.00000 0.00000 335.00000
189.00000 0.00000 389.00000
190.00000 0.00000 332.00000
191.00000 0.00000 392.00000
192.00000 0.00000 398.00000
193.00000 0.00000 449.00000
194.00000 0.00000 446.00000
195.00000 0.00000 443.00000
196.00000 0.00000 440.00000
197.00000 0.00000 437.00000
198.00000 0.00000 434.00000
199.00000 0.00000 431.00000
200.00000 0.00000 428.00000
201.00000 0.00000 425.00000
202.00000 0.00000 422.00000
203.00000 0.00000 419.00000
204.00000 0.00000 416.00000
205.00000 0.00000 413.00000
206.00000 0.00000 410.00000
207.00000 0.00000 407.00000
208.00000 0.00000 404.00000
209.00000 0.00000 401.00000
210.00000 0.00000 395.00000
211.00000 0.00000 329.00000
212.00000 0.00000 326.00000
213.00000 0.00000 323.00000
214.00000 0.00000 254.00000
215.00000 0.00000 251.00000
216.00000 0.00000 248.00000
217.00000 0.00000 245.00000
218.00000 0.00000 242.00000
219.00000 0.00000 239.00000
220.00000 0.00000 236.00000
221.00000 0.00000 233.00000
222.00000 0.00000 230.00000
223.00000 0.00000 227.00000
224.00000 0.00000 224.00000
225.00000 0.00000 221.00000
226.00000 0.00000 218.00000
227.00000 0.00000 215.00000
228.00000 0.00000 212.00000
229.00000 0.00000 209.00000
230.00000 0.00000 206.00000
231.00000 0.00000 257.00000
232.00000 0.00000 260.00000
233.00000 0.00000 263.00000
234.00000 0.00000 266.00000
235.00000 0.00000 320.00000
236.00000 0.00000 317.00000
237.00000 0.00000 314.00000
238.00000 0.00000 311.00000
239.00000 0.00000 308.00000
240.00000 0.00000 305.00000
241.00000 0.00000 302.00000
242.00000 0.00000 299.00000
243.00000 0.00000 452.00000
244.00000 0.00000 296.00000
245.00000 0.00000 290.00000
246.00000 0.00000 287.00000
247.00000 0.00000 284.00000
248.00000 0.00000 281.00000
249.00000 0.00000 278.00000
250.00000 0.00000 275.00000
251.00000 0.00000 272.00000
252.00000 0.00000 269.00000
253.00000 0.00000 293.00000
254.00000 0.00000 455.00000
255.00000 0.00000 458.00000
256.00000 0.00000 461.00000
257.00000 0.00000 641.00000
258.00000 0.00000 638.00000
259.00000 0.00000 635.00000
260.00000 0.00000 632.00000
261.00000 0.00000 629.00000
262.00000 0.00000 626.00000
263.00000 0.00000 623.00000
264.00000 0.00000 620.00000
265.00000 0.00000 617.00000
266.00000 0.00000 614.00000
267.00000 0.00000 611.00000
268.00000 0.00000 608.00000
269.00000 0.00000 605.00000
270.00000 0.00000 602.00000
271.00000 0.00000 599.00000
272.00000 0.00000 596.00000
273.00000 0.00000 593.00000
274.00000 0.00000 644.00000
275.00000 0.00000 647.00000
276.00000 0.00000 650.00000
277.00000 0.00000 653.00000
278.00000 0.00000 707.00000
279.00000 0.00000 704.00000
280.00000 0.00000 701.00000
281.00000 0.00000 698.00000
282.00000 0.00000 695.00000
283.00000 0.00000 692.00000
284.00000 0.00000 689.00000
285.00000 0.00000 686.00000
286.00000 0.00000 590.00000
287.00000 0.00000 683.00000
288.00000 0.00000 677.00000
289.00000 0.00000 674.00000
290.00000 0.00000 671.00000
291.00000 0.00000 668.00000
292.00000 0.00000 665.00000
293.00000 0.00000 662.00000
294.00000 0.00000 659.00000
295.00000 0.00000 656.00000
296.00000 0.00000 680.00000
297.00000 0.00000 713.00000
298.00000 0.00000 587.00000
299.00000 0.00000 581.00000
300.00000 0.00000 512.00000
301.00000 0.00000 509.00000
302.00000 0.00000 506.00000
303.00000 0.00000 503.00000
304.00000 0.00000 500.00000
305.00000 0.00000 497.00000
306.00000 0.00000 494.00000
307.00000 0.00000 491.00000
308.00000 0.00000 488.00000
309.00000 0.00000 485.00000
310.00000 0.00000 482.00000
311.00000 0.00000 479.00000
312.00000 0.00000 476.00000
313.00000 0.00000 473.00000
314.00000 0.00000 470.00000
315.00000 0.00000 467.00000
316.00000 0.00000 464.00000
317.00000 0.00000 515.00000
318.00000 0.00000 518.00000
319.00000 0.00000 521.00000
320.00000 0.00000 524.00000
321.00000 0.00000 578.00000
322.00000 0.00000 575.00000
323.00000 0.00000 572.00000
324.00000 0.00000 569.00000
325.00000 0.00000 566.00000
326.00000 0.00000 563.00000
327.00000 0.00000 560.00000
328.00000 0.00000 557.00000
329.00000 0.00000 584.00000
330.00000 0.00000 554.00000
331.00000 0.00000 548.00000
332.00000 0.00000 545.00000
333.00000 0.00000 542.00000
334.00000 0.00000 539.00000
335.00000 0.00000 536.00000
336.00000 0.00000 533.00000
337.00000 0.00000 530.00000
338.00000 0.00000 527.00000
339.00000 0.00000 551.00000
340.00000 0.00000 1226.00000
341.00000 0.00000 1229.00000
342.00000 0.00000 1232.00000
343.00000 0.00000 1892.00000
344.00000 0.00000 1889.00000
345.00000 0.00000 1886.00000
346.00000 0.00000 1883.00000
347.00000 0.00000 1880.00000
348.00000 0.00000 1877.00000
349.00000 0.00000 1874.00000
350.00000 0.00000 1895.00000
351.00000 0.00000 1871.00000
352.00000 0.00000 1865.00000
353.00000 0.00000 1862.00000
354.00000 0.00000 1859.00000
355.00000 0.00000 1856.00000
356.00000 0.00000 1853.00000
357.00000 0.00000 1850.00000
358.00000 0.00000 1847.00000
359.00000 0.00000 1868.00000
360.00000 0.00000 1844.00000
361.00000 0.00000 1898.00000
362.00000 0.00000 1904.00000
363.00000 0.00000 1952.00000
364.00000 0.00000 1949.00000
365.00000 0.00000 1946.00000
366.00000 0.00000 1943.00000
367.00000 0.00000 1940.00000
368.00000 0.00000 1937.00000
369.00000 0.00000 1934.00000
370.00000 0.00000 1901.00000
371.00000 0.00000 1931.00000
372.00000 0.00000 1925.00000
373.00000 0.00000 1922.00000
374.00000 0.00000 1919.00000
375.00000 0.00000 1916.00000
376.00000 0.00000 1913.00000
377.00000 0.00000 1910.00000
378.00000 0.00000 1907.00000
379.00000 0.00000 1928.00000
380.00000 0.00000 1841.00000
381.00000 0.00000 1838.00000
382.00000 0.00000 1835.00000
383.00000 0.00000 1769.00000
384.00000 0.00000 1766.00000
385.00000 0.00000 1763.00000
386.00000 0.00000 1760.00000
387.00000 0.00000 1757.00000
388.00000 0.00000 1754.00000
389.00000 0.00000 1751.00000
390.00000 0.00000 1772.00000
391.00000 0.00000 1748.00000
392.00000 0.00000 203.00000
393.00000 0.00000 1739.00000
394.00000 0.00000 1736.00000
395.00000 0.00000 1733.00000
396.00000 0.00000 1730.00000
397.00000 0.00000 1727.00000
398.00000 0.00000 1724.00000
399.00000 0.00000 1745.00000
400.00000 0.00000 1775.00000
401.00000 0.00000 1778.00000
402.00000 0.00000 1781.00000
403.00000 0.00000 1832.00000
404.00000 0.00000 1829.00000
405.00000 0.00000 1826.00000
406.00000 0.00000 1823.00000
407.00000 0.00000 1820.00000
408.00000 0.00000 1817.00000
409.00000 0.00000 1814.00000
410.00000 0.00000 1811.00000
411.00000 0.00000 1808.00000
412.00000 0.00000 1805.00000
413.00000 0.00000 1802.00000
414.00000 0.00000 1799.00000
415.00000 0.00000 1796.00000
416.00000 0.00000 1793.00000
417.00000 0.00000 1790.00000
418.00000 0.00000 1787.00000
419.00000 0.00000 1784.00000
420.00000 0.00000 1955.00000
421.00000 0.00000 1958.00000
422.00000 0.00000 1961.00000
423.00000 0.00000 1964.00000
424.00000 0.00000 2135.00000
425.00000 0.00000 2132.00000
426.00000 0.00000 2129.00000
427.00000 0.00000 2126.00000
428.00000 0.00000 2123.00000
429.00000 0.00000 2120.00000
430.00000 0.00000 2117.00000
431.00000 0.00000 2138.00000
432.00000 0.00000 2114.00000
433.00000 0.00000 2108.00000
434.00000 0.00000 2105.00000
435.00000 0.00000 2102.00000
436.00000 0.00000 2099.00000
437.00000 0.00000 2096.00000
438.00000 0.00000 2093.00000
439.00000 0.00000 2090.00000
440.00000 0.00000 2111.00000
441.00000 0.00000 2141.00000
442.00000 0.00000 2144.00000
443.00000 0.00000 2147.00000
444.00000 0.00000 2183.06702
445.00000 0.00000 2183.06718
446.00000 0.00000 2183.06720
447.00000 0.00000 2183.06723
448.00000 0.00000 2183.06723
449.00000 0.00000 2183.06723
450.00000 0.00000 2180.00000
451.00000 0.00000 2177.00000
452.00000 0.00000 2174.00000
453.00000 0.00000 2171.00000
454.00000 0.00000 2168.00000
455.00000 0.00000 2165.00000
456.00000 0.00000 2162.00000
457.00000 0.00000 2159.00000
458.00000 0.00000 2156.00000
459.00000 0.00000 2153.00000
460.00000 0.00000 2150.00000
461.00000 0.00000 2087.00000
462.00000 0.00000 1721.00000
463.00000 0.00000 2084.00000
464.00000 0.00000 2078.00000
465.00000 0.00000 2012.00000
466.00000 0.00000 2009.00000
467.00000 0.00000 2006.00000
468.00000 0.00000 2003.00000
469.00000 0.00000 2000.00000
470.00000 0.00000 1997.00000
471.00000 0.00000 1994.00000
472.00000 0.00000 2015.00000
473.00000 0.00000 1991.00000
474.00000 0.00000 1985.00000
475.00000 0.00000 1982.00000
476.00000 0.00000 1979.00000
477.00000 0.00000 1976.00000
478.00000 0.00000 1973.00000
479.00000 0.00000 1970.00000
480.00000 0.00000 1967.00000
481.00000 0.00000 1988.00000
482.00000 0.00000 2018.00000
483.00000 0.00000 2021.00000
484.00000 0.00000 2024.00000
485.00000 0.00000 2075.00000
486.00000 0.00000 2072.00000
487.00000 0.00000 2069.00000
488.00000 0.00000 2066.00000
489.00000 0.00000 2063.00000
490.00000 0.00000 2060.00000
491.00000 0.00000 2057.00000
492.00000 0.00000 2054.00000
493.00000 0.00000 2051.00000
494.00000 0.00000 2048.00000
495.00000 0.00000 2045.00000
496.00000 0.00000 2042.00000
497.00000 0.00000 2039.00000
498.00000 0.00000 2036.00000
499.00000 0.00000 2033.00000
500.00000 0.00000 2030.00000
501.00000 0.00000 2027.00000
502.00000 0.00000 2081.00000
503.00000 0.00000 1718.00000
504.00000 0.00000 1742.00000
505.00000 0.00000 1712.00000
506.00000 0.00000 1403.00000
507.00000 0.00000 1400.00000
508.00000 0.00000 1397.00000
509.00000 0.00000 1394.00000
510.00000 0.00000 1391.00000
511.00000 0.00000 1388.00000
512.00000 0.00000 1385.00000
513.00000 0.00000 1406.00000
514.00000 0.00000 1382.00000
515.00000 0.00000 1376.00000
516.00000 0.00000 1373.00000
517.00000 0.00000 1370.00000
518.00000 0.00000 1367.00000
519.00000 0.00000 1364.00000
520.00000 0.00000 1361.00000
521.00000 0.00000 1358.00000
522.00000 0.00000 1379.00000
523.00000 0.00000 1355.00000
524.00000 0.00000 1409.00000
525.00000 0.00000 1415.00000
526.00000 0.00000 1463.00000
527.00000 0.00000 1460.00000
528.00000 0.00000 1457.00000
529.00000 0.00000 1454.00000
530.00000 0.00000 1451.00000
531.00000 0.00000 1448.00000
532.00000 0.00000 1715.00000
533.00000 0.00000 1412.00000
534.00000 0.00000 1442.00000
535.00000 0.00000 1436.00000
536.00000 0.00000 1433.00000
537.00000 0.00000 1430.00000
538.00000 0.00000 1427.00000
539.00000 0.00000 1424.00000
540.00000 0.00000 1421.00000
541.00000 0.00000 1418.00000
542.00000 0.00000 1439.00000
543.00000 0.00000 1352.00000
544.00000 0.00000 1349.00000
545.00000 0.00000 1346.00000
546.00000 0.00000 1280.00000
547.00000 0.00000 1277.00000
548.00000 0.00000 1274.00000
549.00000 0.00000 1271.00000
550.00000 0.00000 1268.00000
551.00000 0.00000 1265.00000
552.00000 0.00000 1262.00000
553.00000 0.00000 1283.00000
554.00000 0.00000 1259.00000
555.00000 0.00000 1253.00000
556.00000 0.00000 1250.00000
557.00000 0.00000 1247.00000
558.00000 0.00000 1244.00000
559.00000 0.00000 1241.00000
560.00000 0.00000 1238.00000
561.00000 0.00000 1235.00000
562.00000 0.00000 1256.00000
563.00000 0.00000 1286.00000
564.00000 0.00000 1289.00000
565.00000 0.00000 1292.00000
566.00000 0.00000 1343.00000
567.00000 0.00000 1340.00000
568.00000 0.00000 1337.00000
569.00000 0.00000 1334.00000
570.00000 0.00000 1331.00000
571.00000 0.00000 1328.00000
572.00000 0.00000 1325.00000
573.00000 0.00000 1322.00000
574.00000 0.00000 1319.00000
575.00000 0.00000 1316.00000
576.00000 0.00000 1313.00000
577.00000 0.00000 1310.00000
578.00000 0.00000 1307.00000
579.00000 0.00000 1304.00000
580.00000 0.00000 1301.00000
581.00000 0.00000 1298.00000
582.00000 0.00000 1295.00000
583.00000 0.00000 1466.00000
584.00000 0.00000 1469.00000
585.00000 0.00000 1445.00000
586.00000 0.00000 1475.00000
587.00000 0.00000 1646.00000
588.00000 0.00000 1643.00000
589.00000 0.00000 1640.00000
590.00000 0.00000 1637.00000
591.00000 0.00000 1634.00000
592.00000 0.00000 1631.00000
593.00000 0.00000 1628.00000
594.00000 0.00000 1649.00000
595.00000 0.00000 1625.00000
596.00000 0.00000 1472.00000
597.00000 0.00000 1616.00000
598.00000 0.00000 1613.00000
599.00000 0.00000 1610.00000
600.00000 0.00000 1607.00000
601.00000 0.00000 1604.00000
602.00000 0.00000 1601.00000
603.00000 0.00000 1622.00000
604.00000 0.00000 1652.00000
605.00000 0.00000 1655.00000
606.00000 0.00000 1658.00000
607.00000 0.00000 1709.00000
608.00000 0.00000 1706.00000
609.00000 0.00000 1703.00000
610.00000 0.00000 1700.00000
611.00000 0.00000 1697.00000
612.00000 0.00000 1694.00000
613.00000 0.00000 1691.00000
614.00000 0.00000 1688.00000
615.00000 0.00000 1685.00000
616.00000 0.00000 1682.00000
617.00000 0.00000 1679.00000
618.00000 0.00000 1676.00000
619.00000 0.00000 1673.00000
620.00000 0.00000 1670.00000
621.00000 0.00000 1667.00000
622.00000 0.00000 1664.00000
623.00000 0.00000 1661.00000
624.00000 0.00000 1598.00000
625.00000 0.00000 1595.00000
626.00000 0.00000 1619.00000
627.00000 0.00000 1589.00000
628.00000 0.00000 1523.00000
629.00000 0.00000 1520.00000
630.00000 0.00000 1517.00000
631.00000 0.00000 1514.00000
632.00000 0.00000 1511.00000
633.00000 0.00000 1508.00000
634.00000 0.00000 1592.00000
635.00000 0.00000 1526.00000
636.00000 0.00000 1502.00000
637.00000 0.00000 1496.00000
638.00000 0.00000 1493.00000
639.00000 0.00000 1490.00000
640.00000 0.00000 1487.00000
641.00000 0.00000 1484.00000
642.00000 0.00000 1481.00000
643.00000 0.00000 1478.00000
644.00000 0.00000 1499.00000
645.00000 0.00000 1529.00000
646.00000 0.00000 1505.00000
647.00000 0.00000 1535.00000
648.00000 0.00000 1532.00000
649.00000 0.00000 1586.00000
650.00000 0.00000 1583.00000
651.00000 0.00000 1580.00000
652.00000 0.00000 1577.00000
653.00000 0.00000 1574.00000
654.00000 0.00000 1571.00000
655.00000 0.00000 1568.00000
656.00000 0.00000 1565.00000
657.00000 0.00000 200.00000
658.00000 0.00000 1559.00000
659.00000 0.00000 1556.00000
660.00000 0.00000 1553.00000
661.00000 0.00000 1550.00000
662.00000 0.00000 1547.00000
663.00000 0.00000 1544.00000
664.00000 0.00000 1541.00000
665.00000 0.00000 1538.00000
666.00000 0.00000 1562.00000
667.00000 0.00001 2183.05715
668.00000 0.00001 2183.05221
669.00000 0.00001 2183.04974
670.00000 0.00002 2183.03616
671.00000 0.00002 2183.02937
672.00000 0.00004 2182.99204
673.00000 0.00005 2182.97337
674.00000 0.00010 2182.87069
675.00000 0.00013 2182.81935
676.00000 0.00015 2182.79368
677.00000 0.00022 2182.65249
678.00000 0.00026 2182.58190
679.00000 0.00047 2182.19364
680.00000 0.00277 2177.92281
681.00000 0.00513 2173.65198
682.00000 0.00753 2169.38114
683.00000 0.00998 2165.11458
684.00000 0.01000 2165.08332
685.00000 0.01000 2165.08332
686.00000 0.01002 2165.05206
687.00000 0.01252 2160.78550
688.00000 0.01507 2156.51466
689.00000 0.01766 2152.24383
690.00000 0.02030 2147.97300
691.00000 0.02299 2143.70216
692.00000 0.02572 2139.43133
693.00000 0.02849 2135.16050
694.00000 0.03130 2130.88966
695.00000 0.03416 2126.61883
696.00000 0.03706 2122.34800
697.00000 0.04000 2118.07716
698.00000 0.04298 2113.80633
699.00000 0.04600 2109.53550
700.00000 0.04906 2105.26466
701.00000 0.05216 2100.99383
702.00000 0.05530 2096.72300
703.00000 0.05848 2092.45217
704.00000 0.06170 2088.18133
705.00000 0.06496 2083.91050
706.00000 0.06826 2079.63967
707.00000 0.07160 2075.36883
708.00000 0.07426 200.00000
709.00000 0.07426 200.00427
710.00000 0.07498 2071.09800
711.00000 0.07525 204.27083
712.00000 0.07624 208.54167
713.00000 0.07723 212.81250
714.00000 0.07822 217.08333
715.00000 0.07840 2066.82717
716.00000 0.07920 221.35417
717.00000 0.08019 225.62500
718.00000 0.08117 229.89583
719.00000 0.08185 2062.55633
720.00000 0.08215 234.16667
721.00000 0.08314 238.43750
722.00000 0.08412 242.70833
723.00000 0.08510 246.97917
724.00000 0.08535 2058.28550
725.00000 0.08608 251.25000
726.00000 0.08705 255.52083
727.00000 0.08803 259.79167
728.00000 0.08889 2054.01467
729.00000 0.08901 264.06250
730.00000 0.08999 268.33333
731.00000 0.09097 272.60417
732.00000 0.09195 276.87500
733.00000 0.09246 2049.74383
734.00000 0.09293 281.14583
735.00000 0.09390 285.41667
736.00000 0.09488 289.68750
737.00000 0.09586 293.95833
738.00000 0.09608 2045.47300
739.00000 0.09684 298.22917
740.00000 0.09782 302.50000
741.00000 0.09881 306.77083
742.00000 0.09973 2041.20217
743.00000 0.09979 311.04167
744.00000 0.10077 315.31250
745.00000 0.10175 319.58333
746.00000 0.10274 323.85417
747.00000 0.10343 2036.93133
748.00000 0.10372 328.12500
749.00000 0.10471 332.39583
750.00000 0.10570 336.66667
751.00000 0.10669 340.93750
752.00000 0.10717 2032.66050
753.00000 0.10768 345.20833
754.00000 0.10867 349.47917
755.00000 0.10966 353.75000
756.00000 0.11066 358.02083
757.00000 0.11095 2028.38967
758.00000 0.11165 362.29167
759.00000 0.11265 366.56250
760.00000 0.11365 370.83333
761.00000 0.11465 375.10417
762.00000 0.11477 2024.11883
763.00000 0.11565 379.37500
764.00000 0.11665 383.64583
765.00000 0.11766 387.91667
766.00000 0.11863 2019.84800
767.00000 0.11867 392.18750
768.00000 0.11968 396.45833
769.00000 0.12069 400.72917
770.00000 0.12170 405.00000
771.00000 0.12254 2015.57717
772.00000 0.12271 409.27083
773.00000 0.12373 413.54166
774.00000 0.12475 417.81250
775.00000 0.12577 422.08333
776.00000 0.12648 2011.30633
777.00000 0.12679 426.35416
778.00000 0.12781 430.62500
779.00000 0.12884 434.89583
780.00000 0.12986 439.16666
781.00000 0.13048 2007.03550
782.00000 0.13089 443.43750
783.00000 0.13192 447.70833
784.00000 0.13296 451.97916
785.00000 0.13399 456.25000
786.00000 0.13451 2002.76467
787.00000 0.13503 460.52083
788.00000 0.13607 464.79166
789.00000 0.13711 469.06250
790.00000 0.13815 473.33333
791.00000 0.13860 1998.49383
792.00000 0.13920 477.60416
793.00000 0.14024 481.87500
794.00000 0.14129 486.14583
795.00000 0.14234 490.41666
796.00000 0.14272 1994.22300
797.00000 0.14339 494.68750
798.00000 0.14445 498.95833
799.00000 0.14550 503.22916
800.00000 0.14656 507.50000
801.00000 0.14690 1989.95217
802.00000 0.14762 511.77083
803.00000 0.14868 516.04166
804.00000 0.14975 520.31250
805.00000 0.15081 524.58333
806.00000 0.15112 1985.68133
807.00000 0.15188 528.85416
808.00000 0.15295 533.12500
809.00000 0.15402 537.39583
810.00000 0.15509 541.66666
811.00000 0.15539 1981.41050
812.00000 0.15616 545.93750
813.00000 0.15724 550.20833
814.00000 0.15831 554.47916
815.00000 0.15939 558.75000
816.00000 0.15971 1977.13967
817.00000 0.16047 563.02083
818.00000 0.16155 567.29166
819.00000 0.16264 571.56250
820.00000 0.16372 575.83333
821.00000 0.16408 1972.86883
822.00000 0.16481 580.10416
823.00000 0.16589 584.37500
824.00000 0.16698 588.64583
825.00000 0.16807 592.91666
826.00000 0.16850 1968.59800
827.00000 0.16916 597.18750
828.00000 0.17026 601.45833
829.00000 0.17135 605.72916
830.00000 0.17244 610.00000
831.00000 0.17297 1964.32717
832.00000 0.17354 614.27083
833.00000 0.17464 618.54166
834.00000 0.17574 622.81250
835.00000 0.17684 627.08333
836.00000 0.17749 1960.05633
837.00000 0.17794 631.35416
838.00000 0.17904 635.62500
839.00000 0.18015 639.89583
840.00000 0.18125 644.16666
841.00000 0.18207 1955.78550
842.00000 0.18236 648.43750
843.00000 0.18346 652.70833
844.00000 0.18457 656.97916
845.00000 0.18568 661.25000
846.00000 0.18671 1951.51467
847.00000 0.18679 665.52083
848.00000 0.18790 669.79166
849.00000 0.18901 674.06250
850.00000 0.19013 678.33333
851.00000 0.19124 682.60416
852.00000 0.19140 1947.24383
853.00000 0.19236 686.87500
854.00000 0.19347 691.14583
855.00000 0.19459 695.41666
856.00000 0.19571 699.68750
857.00000 0.19616 1942.97300
858.00000 0.19683 703.95833
859.00000 0.19794 708.22916
860.00000 0.19907 712.50000
861.00000 0.20019 716.77083
862.00000 0.20097 1938.70217
863.00000 0.20131 721.04166
864.00000 0.20243 725.31250
865.00000 0.20355 729.58333
866.00000 0.20468 733.85416
867.00000 0.20580 738.12500
868.00000 0.20584 1934.43133
869.00000 0.20693 742.39583
870.00000 0.20806 746.66666
871.00000 0.20919 750.93750
872.00000 0.21031 755.20833
873.00000 0.21078 1930.16050
874.00000 0.21144 759.47916
875.00000 0.21257 763.75000
876.00000 0.21370 768.02083
877.00000 0.21484 772.29166
878.00000 0.21578 1925.88967
879.00000 0.21597 776.56250
880.00000 0.21710 780.83333
881.00000 0.21824 785.10416
882.00000 0.21937 789.37500
883.00000 0.22051 793.64583
884.00000 0.22086 1921.61883
885.00000 0.22164 797.91666
886.00000 0.22278 802.18750
887.00000 0.22392 806.45833
888.00000 0.22506 810.72916
889.00000 0.22600 1917.34800
890.00000 0.22620 815.00000
891.00000 0.22734 819.27083
892.00000 0.22848 823.54166
893.00000 0.22962 827.81250
894.00000 0.23077 832.08333
895.00000 0.23121 1913.07717
896.00000 0.23191 836.35416
897.00000 0.23306 840.62500
898.00000 0.23420 844.89583
899.00000 0.23535 849.16666
900.00000 0.23650 1908.80633
901.00000 0.23650 853.43749
902.00000 0.23765 857.70833
903.00000 0.23880 861.97916
904.00000 0.23995 866.24999
905.00000 0.24110 870.52083
906.00000 0.24186 1904.53550
907.00000 0.24226 874.79166
908.00000 0.24341 879.06249
909.00000 0.24457 883.33333
910.00000 0.24572 887.60416
911.00000 0.24688 891.87499
912.00000 0.24730 1900.26467
913.00000 0.24804 896.14583
914.00000 0.24920 900.41666
915.00000 0.25036 904.68749
916.00000 0.25152 908.95833
917.00000 0.25269 913.22916
918.00000 0.25283 1895.99383
919.00000 0.25385 917.49999
920.00000 0.25502 921.77083
921.00000 0.25619 926.04166
922.00000 0.25736 930.31249
923.00000 0.25844 1891.72300
924.00000 0.25853 934.58333
925.00000 0.25970 938.85416
926.00000 0.26088 943.12499
927.00000 0.26205 947.39583
928.00000 0.26323 951.66666
929.00000 0.26414 1887.45217
930.00000 0.26441 955.93749
931.00000 0.26559 960.20833
932.00000 0.26677 964.47916
933.00000 0.26795 968.74999
934.00000 0.26914 973.02083
935.00000 0.26994 1883.18133
936.00000 0.27032 977.29166
937.00000 0.27151 981.56249
938.00000 0.27270 985.83333
939.00000 0.27390 990.10416
940.00000 0.27509 994.37499
941.00000 0.27583 1878.91050
942.00000 0.27629 998.64583
943.00000 0.27749 1002.91666
944.00000 0.27869 1007.18749
945.00000 0.27989 1011.45833
946.00000 0.28110 1015.72916
947.00000 0.28182 1874.63967
948.00000 0.28230 1019.99999
949.00000 0.28351 1024.27083
950.00000 0.28473 1028.54166
951.00000 0.28594 1032.81249
952.00000 0.28716 1037.08333
953.00000 0.28791 1870.36883
954.00000 0.28838 1041.35416
955.00000 0.28960 1045.62499
956.00000 0.29083 1049.89583
957.00000 0.29205 1054.16666
958.00000 0.29328 1058.43749
959.00000 0.29412 1866.09800
960.00000 0.29452 1062.70833
961.00000 0.29575 1066.97916
962.00000 0.29699 1071.24999
963.00000 0.29824 1075.52083
964.00000 0.29948 1079.79166
965.00000 0.30044 1861.82717
966.00000 0.30073 1084.06249
967.00000 0.30198 1088.33333
968.00000 0.30324 1092.60416
969.00000 0.30450 1096.87499
970.00000 0.30576 1101.14583
971.00000 0.30688 1857.55633
972.00000 0.30703 1105.41666
973.00000 0.30830 1109.68749
974.00000 0.30957 1113.95833
975.00000 0.31085 1118.22916
976.00000 0.31213 1122.49999
977.00000 0.31342 1126.77083
978.00000 0.31346 1853.28550
979.00000 0.31471 1131.04166
980.00000 0.31600 1135.31249
981.00000 0.31730 1139.58333
982.00000 0.31860 1143.85416
983.00000 0.31991 1148.12499
984.00000 0.32016 1849.01467
985.00000 0.32122 1152.39583
986.00000 0.32254 1156.66666
987.00000 0.32386 1160.93749
988.00000 0.32519 1165.20833
989.00000 0.32653 1169.47916
990.00000 0.32701 1844.74383
991.00000 0.32786 1173.74999
992.00000 0.32921 1178.02083
993.00000 0.33056 1182.29166
994.00000 0.33191 1186.56249
995.00000 0.33327 1190.83333
996.00000 0.33401 1840.47300
997.00000 0.33464 1195.10416
998.00000 0.33601 1199.37499
999.00000 0.33739 1203.64583
1000.00000 0.33878 1207.91666
1001.00000 0.34017 1212.18749
1002.00000 0.34116 1836.20217
1003.00000 0.34157 1216.45833
1004.00000 0.34298 1220.72916
1005.00000 0.34439 1224.99999
1006.00000 0.34581 1229.27083
1007.00000 0.34724 1233.54166
1008.00000 0.34849 1831.93133
1009.00000 0.34868 1237.81249
1010.00000 0.35013 1242.08333
1011.00000 0.35158 1246.35416
1012.00000 0.35304 1250.62499
1013.00000 0.35451 1254.89583
1014.00000 0.35599 1259.16666
1015.00000 0.35600 1827.66050
1016.00000 0.35748 1263.43749
1017.00000 0.35898 1267.70833
1018.00000 0.36049 1271.97916
1019.00000 0.36201 1276.24999
1020.00000 0.36354 1280.52082
1021.00000 0.36371 1823.38967
1022.00000 0.36508 1284.79166
1023.00000 0.36663 1289.06249
1024.00000 0.36820 1293.33332
1025.00000 0.36977 1297.60416
1026.00000 0.37136 1301.87499
1027.00000 0.37162 1819.11883
1028.00000 0.37296 1306.14582
1029.00000 0.37457 1310.41666
1030.00000 0.37620 1314.68749
1031.00000 0.37784 1318.95832
1032.00000 0.37950 1323.22916
1033.00000 0.37976 1814.84800
1034.00000 0.38117 1327.49999
1035.00000 0.38286 1331.77082
1036.00000 0.38456 1336.04166
1037.00000 0.38628 1340.31249
1038.00000 0.38802 1344.58332
1039.00000 0.38813 1810.57717
1040.00000 0.38977 1348.85416
1041.00000 0.39155 1353.12499
1042.00000 0.39334 1357.39582
1043.00000 0.39516 1361.66666
1044.00000 0.39678 1806.30633
1045.00000 0.39699 1365.93749
1046.00000 0.39885 1370.20832
1047.00000 0.40074 1374.47916
1048.00000 0.40264 1378.74999
1049.00000 0.40458 1383.02082
1050.00000 0.40572 1802.03550
1051.00000 0.40653 1387.29166
1052.00000 0.40852 1391.56249
1053.00000 0.41054 1395.83332
1054.00000 0.41259 1400.10416
1055.00000 0.41467 1404.37499
1056.00000 0.41498 1797.76467
1057.00000 0.41679 1408.64582
1058.00000 0.41894 1412.91666
1059.00000 0.42114 1417.18749
1060.00000 0.42337 1421.45832
1061.00000 0.42459 1793.49383
1062.00000 0.42565 1425.72916
1063.00000 0.42798 1429.99999
1064.00000 0.43036 1434.27082
1065.00000 0.43279 1438.54166
1066.00000 0.43461 1789.22300
1067.00000 0.43528 1442.81249
1068.00000 0.43784 1447.08332
1069.00000 0.44047 1451.35416
1070.00000 0.44317 1455.62499
1071.00000 0.44507 1784.95217
1072.00000 0.44595 1459.89582
1073.00000 0.44883 1464.16666
1074.00000 0.45180 1468.43749
1075.00000 0.45489 1472.70832
1076.00000 0.45605 1780.68133
1077.00000 0.45811 1476.97916
1078.00000 0.46148 1481.24999
1079.00000 0.46501 1485.52082
1080.00000 0.46763 1776.41050
1081.00000 0.46874 1489.79166
1082.00000 0.47270 1494.06249
1083.00000 0.47695 1498.33332
1084.00000 0.47992 1772.13967
1085.00000 0.48156 1502.60416
1086.00000 0.48664 1506.87499
1087.00000 0.49237 1511.14582
1088.00000 0.49306 1767.86883
1089.00000 0.49909 1515.41666
1090.00000 0.50727 1763.59800
1091.00000 0.50759 1519.68749
1092.00000 0.52148 1523.95832
1093.00000 0.52284 1759.32717
1094.00000 0.52380 1524.34658
1095.00000 0.52430 1524.41717
1096.00000 0.52538 1524.55836
1097.00000 0.52836 1524.84073
1098.00000 0.52918 1524.89207
1099.00000 0.52935 1524.90140
1100.00000 0.52973 1524.92007
1101.00000 0.53072 1524.95741
1102.00000 0.53096 1524.96420
1103.00000 0.53106 1524.96646
1104.00000 0.53124 1524.97056
1105.00000 0.53161 1524.97702
1106.00000 0.53235 1524.98295
1107.00000 0.53384 1524.96690
1108.00000 0.53680 1524.82332
1109.00000 0.53977 1524.53138
1110.00000 0.54029 1755.05633
1111.00000 0.54572 1523.50370
1112.00000 0.55766 1519.68269
1113.00000 0.56053 1750.78550
1114.00000 0.56365 1516.89484
1115.00000 0.56966 1513.52573
1116.00000 0.57224 1748.65008
1117.00000 0.57568 1509.57792
1118.00000 0.57809 1507.84000
1119.00000 0.58258 1504.36416
1120.00000 0.58560 1746.51467
1121.00000 0.58762 1500.09333
1122.00000 0.59226 1495.82250
1123.00000 0.59659 1491.55166
1124.00000 0.60066 1487.28083
1125.00000 0.60161 1744.37925
1126.00000 0.60452 1483.01000
1127.00000 0.60496 1743.99099
1128.00000 0.60820 1478.73916
1129.00000 0.61172 1474.46833
1130.00000 0.61225 1743.21448
1131.00000 0.61511 1470.19750
1132.00000 0.61837 1465.92666
1133.00000 0.62153 1461.65583
1134.00000 0.62459 1457.38500
1135.00000 0.62756 1453.11416
1136.00000 0.63045 1448.84333
1137.00000 0.63087 1741.66145
1138.00000 0.63326 1444.57250
1139.00000 0.63537 1741.37908
1140.00000 0.63601 1440.30166
1141.00000 0.63870 1436.03083
1142.00000 0.64132 1431.76000
1143.00000 0.64389 1427.48916
1144.00000 0.64641 1423.21833
1145.00000 0.64699 1740.81434
1146.00000 0.64888 1418.94750
1147.00000 0.64986 1740.71166
1148.00000 0.65115 1740.66984
1149.00000 0.65130 1414.67666
1150.00000 0.65368 1410.40583
1151.00000 0.65375 1740.59503
1152.00000 0.65602 1406.13500
1153.00000 0.65833 1401.86416
1154.00000 0.65894 1740.48063
1155.00000 0.66059 1397.59333
1156.00000 0.66282 1393.32250
1157.00000 0.66501 1389.05166
1158.00000 0.66718 1384.78083
1159.00000 0.66931 1380.51000
1160.00000 0.66932 1740.39167
1161.00000 0.67141 1376.23916
1162.00000 0.67348 1371.96833
1163.00000 0.67553 1367.69750
1164.00000 0.67754 1363.42666
1165.00000 0.67954 1359.15583
1166.00000 0.68150 1354.88500
1167.00000 0.68345 1350.61416
1168.00000 0.68536 1346.34333
1169.00000 0.68726 1342.07250
1170.00000 0.68913 1337.80166
1171.00000 0.69002 1740.76250
1172.00000 0.69098 1333.53083
1173.00000 0.69281 1329.26000
1174.00000 0.69462 1324.98916
1175.00000 0.69641 1320.71833
1176.00000 0.69818 1316.44750
1177.00000 0.69993 1312.17666
1178.00000 0.70166 1307.90583
1179.00000 0.70337 1303.63500
1180.00000 0.70342 1741.38381
1181.00000 0.70507 1299.36416
1182.00000 0.70674 1295.09333
1183.00000 0.70840 1290.82250
1184.00000 0.71004 1286.55166
1185.00000 0.71166 1282.28083
1186.00000 0.71326 1278.01000
1187.00000 0.71485 1273.73916
1188.00000 0.71642 1269.46833
1189.00000 0.71676 1742.29205
1190.00000 0.71798 1265.19750
1191.00000 0.71952 1260.92666
1192.00000 0.72104 1256.65583
1193.00000 0.72254 1252.38500
1194.00000 0.72404 1248.11416
1195.00000 0.72551 1243.84333
1196.00000 0.72697 1239.57250
1197.00000 0.72841 1235.30166
1198.00000 0.72984 1231.03083
1199.00000 0.73004 1743.47423
1200.00000 0.73126 1226.76000
1201.00000 0.73266 1222.48916
1202.00000 0.73347 200.00000
1203.00000 0.73404 1218.21833
1204.00000 0.73425 204.02889
1205.00000 0.73507 208.29972
1206.00000 0.73541 1213.94750
1207.00000 0.73590 212.57055
1208.00000 0.73673 216.84139
1209.00000 0.73677 1209.67666
1210.00000 0.73755 221.11222
1211.00000 0.73811 1205.40583
1212.00000 0.73838 225.38305
1213.00000 0.73921 229.65389
1214.00000 0.73944 1201.13500
1215.00000 0.74004 233.92472
1216.00000 0.74075 1196.86416
1217.00000 0.74087 238.19555
1218.00000 0.74170 242.46639
1219.00000 0.74205 1192.59333
1220.00000 0.74253 246.73722
1221.00000 0.74325 1744.91556
1222.00000 0.74333 1188.32250
1223.00000 0.74337 251.00805
1224.00000 0.74421 255.27889
1225.00000 0.74460 1184.05166
1226.00000 0.74504 259.54972
1227.00000 0.74586 1179.78083
1228.00000 0.74588 263.82055
1229.00000 0.74672 268.09139
1230.00000 0.74710 1175.51000
1231.00000 0.74756 272.36222
1232.00000 0.74833 1171.23916
1233.00000 0.74840 276.63305
1234.00000 0.74925 280.90389
1235.00000 0.74955 1166.96833
1236.00000 0.75009 285.17472
1237.00000 0.75075 1162.69750
1238.00000 0.75093 289.44555
1239.00000 0.75178 293.71639
1240.00000 0.75194 1158.42666
1241.00000 0.75263 297.98722
1242.00000 0.75312 1154.15583
1243.00000 0.75347 302.25805
1244.00000 0.75428 1149.88500
1245.00000 0.75432 306.52889
1246.00000 0.75517 310.79972
1247.00000 0.75543 1145.61417
1248.00000 0.75602 315.07055
1249.00000 0.75637 1746.59978
1250.00000 0.75657 1141.34333
1251.00000 0.75686 319.34139
1252.00000 0.75770 1137.07250
1253.00000 0.75771 323.61222
1254.00000 0.75856 327.88305
1255.00000 0.75881 1132.80167
1256.00000 0.75941 332.15388
1257.00000 0.75992 1128.53083
1258.00000 0.76026 336.42472
1259.00000 0.76101 1124.26000
1260.00000 0.76110 340.69555
1261.00000 0.76195 344.96638
1262.00000 0.76209 1119.98917
1263.00000 0.76280 349.23722
1264.00000 0.76315 1115.71833
1265.00000 0.76364 353.50805
1266.00000 0.76421 1111.44750
1267.00000 0.76449 357.77888
1268.00000 0.76526 1107.17667
1269.00000 0.76533 362.04972
1270.00000 0.76617 366.32055
1271.00000 0.76629 1102.90583
1272.00000 0.76701 370.59138
1273.00000 0.76732 1098.63500
1274.00000 0.76785 374.86222
1275.00000 0.76833 1094.36417
1276.00000 0.76868 379.13305
1277.00000 0.76934 1090.09333
1278.00000 0.76940 1748.50952
1279.00000 0.76952 383.40388
1280.00000 0.77034 1085.82250
1281.00000 0.77035 387.67472
1282.00000 0.77118 391.94555
1283.00000 0.77132 1081.55167
1284.00000 0.77200 396.21638
1285.00000 0.77231 1077.28083
1286.00000 0.77283 400.48722
1287.00000 0.77328 1073.01000
1288.00000 0.77365 404.75805
1289.00000 0.77425 1068.73917
1290.00000 0.77447 409.02888
1291.00000 0.77521 1064.46833
1292.00000 0.77528 413.29972
1293.00000 0.77609 417.57055
1294.00000 0.77644 1060.19750
1295.00000 0.77690 421.84138
1296.00000 0.77761 1055.92667
1297.00000 0.77771 426.11222
1298.00000 0.77851 430.38305
1299.00000 0.77868 1051.65583
1300.00000 0.77931 434.65388
1301.00000 0.77967 1047.38500
1302.00000 0.78010 438.92472
1303.00000 0.78058 1043.11417
1304.00000 0.78089 443.19555
1305.00000 0.78142 1038.84333
1306.00000 0.78167 447.46638
1307.00000 0.78220 1034.57250
1308.00000 0.78234 1750.62679
1309.00000 0.78246 451.73722
1310.00000 0.78293 1030.30167
1311.00000 0.78323 456.00805
1312.00000 0.78360 1026.03083
1313.00000 0.78400 460.27888
1314.00000 0.78423 1021.76000
1315.00000 0.78477 464.54972
1316.00000 0.78481 1017.48917
1317.00000 0.78535 1013.21833
1318.00000 0.78553 468.82055
1319.00000 0.78585 1008.94750
1320.00000 0.78628 473.09138
1321.00000 0.78632 1004.67667
1322.00000 0.78666 475.22680
1323.00000 0.78676 1000.40583
1324.00000 0.78685 476.29451
1325.00000 0.78694 476.82836
1326.00000 0.78716 996.13500
1327.00000 0.78719 564.78084
1328.00000 0.78719 577.59334
1329.00000 0.78719 569.05167
1330.00000 0.78719 573.32250
1331.00000 0.78719 560.51000
1332.00000 0.78720 556.23917
1333.00000 0.78720 581.86417
1334.00000 0.78721 586.13500
1335.00000 0.78721 551.96834
1336.00000 0.78723 590.40584
1337.00000 0.78723 547.69750
1338.00000 0.78724 543.42667
1339.00000 0.78725 594.67667
1340.00000 0.78727 598.94750
1341.00000 0.78727 539.15584
1342.00000 0.78729 603.21834
1343.00000 0.78729 534.88500
1344.00000 0.78732 530.61417
1345.00000 0.78732 607.48917
1346.00000 0.78735 526.34334
1347.00000 0.78735 611.76000
1348.00000 0.78738 616.03084
1349.00000 0.78739 522.07250
1350.00000 0.78741 620.30167
1351.00000 0.78743 517.80167
1352.00000 0.78745 624.57250
1353.00000 0.78747 513.53084
1354.00000 0.78749 628.84334
1355.00000 0.78752 509.26000
1356.00000 0.78753 633.11417
1357.00000 0.78754 991.86417
1358.00000 0.78757 504.98917
1359.00000 0.78758 637.38500
1360.00000 0.78762 641.65584
1361.00000 0.78763 500.71834
1362.00000 0.78767 645.92667
1363.00000 0.78768 496.44750
1364.00000 0.78772 650.19750
1365.00000 0.78775 492.17667
1366.00000 0.78778 654.46834
1367.00000 0.78781 487.90584
1368.00000 0.78783 658.73917
1369.00000 0.78788 483.63500
1370.00000 0.78789 663.01000
1371.00000 0.78789 987.59333
1372.00000 0.78795 667.28084
1373.00000 0.78796 479.36417
1374.00000 0.78800 477.22875
1375.00000 0.78800 477.09529
1376.00000 0.78801 671.55167
1377.00000 0.78808 675.82250
1378.00000 0.78814 680.09334
1379.00000 0.78821 983.32250
1380.00000 0.78821 684.36417
1381.00000 0.78828 688.63500
1382.00000 0.78835 692.90584
1383.00000 0.78842 697.17667
1384.00000 0.78850 701.44750
1385.00000 0.78852 979.05167
1386.00000 0.78857 705.71834
1387.00000 0.78865 709.98917
1388.00000 0.78872 714.26000
1389.00000 0.78879 974.78083
1390.00000 0.78880 718.53084
1391.00000 0.78888 722.80167
1392.00000 0.78896 727.07250
1393.00000 0.78904 731.34333
1394.00000 0.78905 970.51000
1395.00000 0.78912 735.61417
1396.00000 0.78920 739.88500
1397.00000 0.78928 744.15583
1398.00000 0.78929 966.23917
1399.00000 0.78937 748.42667
1400.00000 0.78945 752.69750
1401.00000 0.78951 961.96833
1402.00000 0.78953 756.96833
1403.00000 0.78961 761.23917
1404.00000 0.78969 765.51000
1405.00000 0.78971 957.69750
1406.00000 0.78977 769.78083
1407.00000 0.78985 774.05167
1408.00000 0.78990 953.42667
1409.00000 0.78993 778.32250
1410.00000 0.79001 782.59333
1411.00000 0.79007 949.15583
1412.00000 0.79009 786.86417
1413.00000 0.79017 791.13500
1414.00000 0.79022 944.88500
1415.00000 0.79024 795.40583
1416.00000 0.79032 799.67667
1417.00000 0.79036 940.61417
1418.00000 0.79039 803.94750
1419.00000 0.79046 808.21833
1420.00000 0.79048 936.34333
1421.00000 0.79053 812.48917
1422.00000 0.79059 816.76000
1423.00000 0.79060 932.07250
1424.00000 0.79066 821.03083
1425.00000 0.79070 927.80167
1426.00000 0.79072 825.30167
1427.00000 0.79078 829.57250
1428.00000 0.79079 923.53083
1429.00000 0.79083 833.84333
1430.00000 0.79087 919.26000
1431.00000 0.79088 838.11417
1432.00000 0.79093 842.38500
1433.00000 0.79094 914.98917
1434.00000 0.79098 846.65583
1435.00000 0.79099 910.71833
1436.00000 0.79102 850.92667
1437.00000 0.79104 906.44750
1438.00000 0.79105 855.19750
1439.00000 0.79108 902.17667
1440.00000 0.79108 859.46833
1441.00000 0.79111 863.73917
1442.00000 0.79111 897.90583
1443.00000 0.79113 868.01000
1444.00000 0.79114 893.63500
1445.00000 0.79115 889.36417
1446.00000 0.79115 872.28083
1447.00000 0.79116 876.55167
1448.00000 0.79116 885.09333
1449.00000 0.79116 880.82250
1450.00000 0.79519 1752.93354
1451.00000 0.80795 1755.41225
1452.00000 0.82062 1758.04648
1453.00000 0.83321 1760.82135
1454.00000 0.84571 1763.72404
1455.00000 0.85813 1766.74402
1456.00000 0.87047 1769.87326
1457.00000 0.88274 1773.10626
1458.00000 0.89493 1776.44000
1459.00000 0.90705 1779.87370
1460.00000 0.91909 1783.40855
1461.00000 0.93105 1787.04735
1462.00000 0.94292 1790.79410
1463.00000 0.95471 1794.65359
1464.00000 0.96641 1798.63104
1465.00000 0.97801 1802.73178
1466.00000 0.97955 1413.95710
1467.00000 0.97956 1409.68626
1468.00000 0.97956 1418.22793
1469.00000 0.97957 1405.41543
1470.00000 0.97958 1422.49876
1471.00000 0.97960 1401.14460
1472.00000 0.97961 1426.76960
1473.00000 0.97963 1396.87376
1474.00000 0.97965 1431.04043
1475.00000 0.97968 1392.60293
1476.00000 0.97971 1435.31126
1477.00000 0.97974 1388.33210
1478.00000 0.97977 1439.58210
1479.00000 0.97982 1384.06126
1480.00000 0.97984 1443.85293
1481.00000 0.97990 1379.79043
1482.00000 0.97993 1448.12376
1483.00000 0.98000 1375.51960
1484.00000 0.98002 1452.39460
1485.00000 0.98010 1371.24876
1486.00000 0.98013 1456.66543
1487.00000 0.98022 1366.97793
1488.00000 0.98025 1460.93626
1489.00000 0.98036 1362.70710
1490.00000 0.98038 1465.20710
1491.00000 0.98050 1358.43626
1492.00000 0.98051 1469.47793
1493.00000 0.98066 1354.16543
1494.00000 0.98066 1473.74876
1495.00000 0.98082 1478.01959
1496.00000 0.98083 1349.89460
1497.00000 0.98099 1482.29043
1498.00000 0.98102 1345.62376
1499.00000 0.98117 1486.56126
1500.00000 0.98121 1341.35293
1501.00000 0.98137 1490.83209
1502.00000 0.98143 1337.08210
1503.00000 0.98157 1495.10293
1504.00000 0.98165 1332.81126
1505.00000 0.98178 1499.37376
1506.00000 0.98189 1328.54043
1507.00000 0.98200 1503.64459
1508.00000 0.98214 1324.26960
1509.00000 0.98224 1507.91543
1510.00000 0.98241 1319.99876
1511.00000 0.98248 1512.18626
1512.00000 0.98269 1315.72793
1513.00000 0.98274 1516.45709
1514.00000 0.98299 1311.45710
1515.00000 0.98301 1520.72793
1516.00000 0.98329 1524.99876
1517.00000 0.98330 1307.18626
1518.00000 0.98357 1529.26959
1519.00000 0.98362 1302.91543
1520.00000 0.98387 1533.54043
1521.00000 0.98396 1298.64460
1522.00000 0.98419 1537.81126
1523.00000 0.98432 1294.37376
1524.00000 0.98451 1542.08209
1525.00000 0.98469 1290.10293
1526.00000 0.98484 1546.35293
1527.00000 0.98508 1285.83210
1528.00000 0.98519 1550.62376
1529.00000 0.98549 1281.56126
1530.00000 0.98555 1554.89459
1531.00000 0.98591 1277.29043
1532.00000 0.98592 1559.16543
1533.00000 0.98630 1563.43626
1534.00000 0.98635 1273.01960
1535.00000 0.98669 1567.70709
1536.00000 0.98681 1268.74876
1537.00000 0.98710 1571.97793
1538.00000 0.98729 1264.47793
1539.00000 0.98751 1576.24876
1540.00000 0.98778 1260.20710
1541.00000 0.98795 1580.51959
1542.00000 0.98830 1255.93626
1543.00000 0.98839 1584.79043
1544.00000 0.98883 1251.66543
1545.00000 0.98885 1589.06126
1546.00000 0.98932 1593.33209
1547.00000 0.98938 1247.39460
1548.00000 0.98952 1806.96102
1549.00000 0.98980 1597.60293
1550.00000 0.98995 1243.12376
1551.00000 0.99030 1601.87376
1552.00000 0.99054 1238.85293
1553.00000 0.99081 1606.14459
1554.00000 0.99116 1234.58210
1555.00000 0.99134 1610.41543
1556.00000 0.99179 1230.31126
1557.00000 0.99188 1614.68626
1558.00000 0.99244 1618.95709
1559.00000 0.99245 1226.04043
1560.00000 0.99301 1623.22793
1561.00000 0.99312 1221.76960
1562.00000 0.99360 1627.49876
1563.00000 0.99382 1217.49876
1564.00000 0.99420 1631.76959
1565.00000 0.99455 1213.22793
1566.00000 0.99483 1636.04043
1567.00000 0.99524 1809.12541
1568.00000 0.99530 1208.95710
1569.00000 0.99547 1640.31126
1570.00000 0.99607 1204.68626
1571.00000 0.99613 1644.58209
1572.00000 0.99681 1648.85293
1573.00000 0.99687 1200.41543
1574.00000 0.99750 1653.12376
1575.00000 0.99769 1196.14460
1576.00000 0.99810 1810.22030
1577.00000 0.99822 1657.39459
1578.00000 0.99854 1191.87376
1579.00000 0.99896 1661.66543
1580.00000 0.99941 1187.60293
1581.00000 0.99952 1810.77096
1582.00000 0.99972 1665.93199
1583.00000 0.99988 1810.90896
1584.00000 0.99996 1810.94348
1585.00000 0.99999 1810.95211
1586.00000 1.00000 764.00000
1587.00000 1.00000 815.00000
1588.00000 1.00000 812.00000
1589.00000 1.00000 809.00000
1590.00000 1.00000 806.00000
1591.00000 1.00000 803.00000
1592.00000 1.00000 800.00000
1593.00000 1.00000 797.00000
1594.00000 1.00000 794.00000
1595.00000 1.00000 785.00000
1596.00000 1.00000 788.00000
1597.00000 1.00000 761.00000
1598.00000 1.00000 782.00000
1599.00000 1.00000 818.00000
1600.00000 1.00000 758.00000
1601.00000 1.00000 779.00000
1602.00000 1.00000 776.00000
1603.00000 1.00000 773.00000
1604.00000 1.00000 770.00000
1605.00000 1.00000 767.00000
1606.00000 1.00000 791.00000
1607.00000 1.00000 821.00000
1608.00000 1.00000 839.00000
1609.00000 1.00000 827.00000
1610.00000 1.00000 872.00000
1611.00000 1.00000 875.00000
1612.00000 1.00000 878.00000
1613.00000 1.00000 881.00000
1614.00000 1.00000 884.00000
1615.00000 1.00000 887.00000
1616.00000 1.00000 869.00000
1617.00000 1.00000 755.00000
1618.00000 1.00000 866.00000
1619.00000 1.00000 824.00000
1620.00000 1.00000 863.00000
1621.00000 1.00000 857.00000
1622.00000 1.00000 854.00000
1623.00000 1.00000 851.00000
1624.00000 1.00000 848.00000
1625.00000 1.00000 845.00000
1626.00000 1.00000 842.00000
1627.00000 1.00000 836.00000
1628.00000 1.00000 833.00000
1629.00000 1.00000 830.00000
1630.00000 1.00000 860.00000
1631.00000 1.00000 752.00000
1632.00000 1.00000 692.00000
1633.00000 1.00000 746.00000
1634.00000 1.00000 671.00000
1635.00000 1.00000 668.00000
1636.00000 1.00000 665.00000
1637.00000 1.00000 662.00000
1638.00000 1.00000 659.00000
1639.00000 1.00000 656.00000
1640.00000 1.00000 653.00000
1641.00000 1.00000 650.00000
1642.00000 1.00000 647.00000
1643.00000 1.00000 674.00000
1644.00000 1.00000 644.00000
1645.00000 1.00000 638.00000
1646.00000 1.00000 635.00000
1647.00000 1.00000 632.00000
1648.00000 1.00000 614.00000
1649.00000 1.00000 617.00000
1650.00000 1.00000 620.00000
1651.00000 1.00000 623.00000
1652.00000 1.00000 626.00000
1653.00000 1.00000 890.00000
1654.00000 1.00000 641.00000
1655.00000 1.00000 749.00000
1656.00000 1.00000 677.00000
1657.00000 1.00000 683.00000
1658.00000 1.00000 743.00000
1659.00000 1.00000 740.00000
1660.00000 1.00000 737.00000
1661.00000 1.00000 734.00000
1662.00000 1.00000 731.00000
1663.00000 1.00000 728.00000
1664.00000 1.00000 725.00000
1665.00000 1.00000 722.00000
1666.00000 1.00000 719.00000
1667.00000 1.00000 680.00000
1668.00000 1.00000 716.00000
1669.00000 1.00000 710.00000
1670.00000 1.00000 707.00000
1671.00000 1.00000 704.00000
1672.00000 1.00000 701.00000
1673.00000 1.00000 698.00000
1674.00000 1.00000 695.00000
1675.00000 1.00000 629.00000
1676.00000 1.00000 689.00000
1677.00000 1.00000 686.00000
1678.00000 1.00000 713.00000
1679.00000 1.00000 893.00000
1680.00000 1.00000 1133.00000
1681.00000 1.00000 899.00000
1682.00000 1.00000 1103.00000
1683.00000 1.00000 1100.00000
1684.00000 1.00000 1097.00000
1685.00000 1.00000 1094.00000
1686.00000 1.00000 1091.00000
1687.00000 1.00000 1088.00000
1688.00000 1.00000 1085.00000
1689.00000 1.00000 1082.00000
1690.00000 1.00000 1079.00000
1691.00000 1.00000 1106.00000
1692.00000 1.00000 1076.00000
1693.00000 1.00000 1070.00000
1694.00000 1.00000 1067.00000
1695.00000 1.00000 1064.00000
1696.00000 1.00000 1061.00000
1697.00000 1.00000 1058.00000
1698.00000 1.00000 1055.00000
1699.00000 1.00000 1052.00000
1700.00000 1.00000 1049.00000
1701.00000 1.00000 1046.00000
1702.00000 1.00000 1073.00000
1703.00000 1.00000 1043.00000
1704.00000 1.00000 1109.00000
1705.00000 1.00000 1115.00000
1706.00000 1.00000 1172.00000
1707.00000 1.00000 1169.00000
1708.00000 1.00000 1166.00000
1709.00000 1.00000 1163.00000
1710.00000 1.00000 1160.00000
1711.00000 1.00000 611.00000
1712.00000 1.00000 1157.00000
1713.00000 1.00000 1154.00000
1714.00000 1.00000 1175.00000
1715.00000 1.00000 1112.00000
1716.00000 1.00000 1151.00000
1717.00000 1.00000 1145.00000
1718.00000 1.00000 1142.00000
1719.00000 1.00000 1139.00000
1720.00000 1.00000 1136.00000
1721.00000 1.00000 1130.00000
1722.00000 1.00000 1127.00000
1723.00000 1.00000 1124.00000
1724.00000 1.00000 1121.00000
1725.00000 1.00000 1118.00000
1726.00000 1.00000 1148.00000
1727.00000 1.00000 896.00000
1728.00000 1.00000 1040.00000
1729.00000 1.00000 1034.00000
1730.00000 1.00000 959.00000
1731.00000 1.00000 956.00000
1732.00000 1.00000 953.00000
1733.00000 1.00000 950.00000
1734.00000 1.00000 947.00000
1735.00000 1.00000 944.00000
1736.00000 1.00000 941.00000
1737.00000 1.00000 938.00000
1738.00000 1.00000 935.00000
1739.00000 1.00000 962.00000
1740.00000 1.00000 932.00000
1741.00000 1.00000 926.00000
1742.00000 1.00000 923.00000
1743.00000 1.00000 920.00000
1744.00000 1.00000 917.00000
1745.00000 1.00000 914.00000
1746.00000 1.00000 911.00000
1747.00000 1.00000 908.00000
1748.00000 1.00000 905.00000
1749.00000 1.00000 902.00000
1750.00000 1.00000 929.00000
1751.00000 1.00000 1037.00000
1752.00000 1.00000 965.00000
1753.00000 1.00000 971.00000
1754.00000 1.00000 1031.00000
1755.00000 1.00000 1028.00000
1756.00000 1.00000 1025.00000
1757.00000 1.00000 1022.00000
1758.00000 1.00000 1019.00000
1759.00000 1.00000 1016.00000
1760.00000 1.00000 1013.00000
1761.00000 1.00000 1010.00000
1762.00000 1.00000 1007.00000
1763.00000 1.00000 968.00000
1764.00000 1.00000 1004.00000
1765.00000 1.00000 998.00000
1766.00000 1.00000 995.00000
1767.00000 1.00000 992.00000
1768.00000 1.00000 989.00000
1769.00000 1.00000 986.00000
1770.00000 1.00000 983.00000
1771.00000 1.00000 980.00000
1772.00000 1.00000 977.00000
1773.00000 1.00000 974.00000
1774.00000 1.00000 1001.00000
1775.00000 1.00000 608.00000
1776.00000 1.00000 1671.00000
1777.00000 1.00000 602.00000
1778.00000 1.00000 239.00000
1779.00000 1.00000 236.00000
1780.00000 1.00000 233.00000
1781.00000 1.00000 230.00000
1782.00000 1.00000 227.00000
1783.00000 1.00000 224.00000
1784.00000 1.00000 221.00000
1785.00000 1.00000 218.00000
1786.00000 1.00000 215.00000
1787.00000 1.00000 242.00000
1788.00000 1.00000 212.00000
1789.00000 1.00000 206.00000
1790.00000 1.00000 203.00000
1791.00000 1.00000 200.00000
1792.00000 1.00000 1809.00000
1793.00000 1.00000 1806.00000
1794.00000 1.00000 1803.00000
1795.00000 1.00000 1800.00000
1796.00000 1.00000 1797.00000
1797.00000 1.00000 1794.00000
1798.00000 1.00000 209.00000
1799.00000 1.00000 1791.00000
1800.00000 1.00000 245.00000
1801.00000 1.00000 251.00000
1802.00000 1.00000 311.00000
1803.00000 1.00000 308.00000
1804.00000 1.00000 305.00000
1805.00000 1.00000 302.00000
1806.00000 1.00000 299.00000
1807.00000 1.00000 296.00000
1808.00000 1.00000 293.00000
1809.00000 1.00000 290.00000
1810.00000 1.00000 287.00000
1811.00000 1.00000 248.00000
1812.00000 1.00000 284.00000
1813.00000 1.00000 278.00000
1814.00000 1.00000 275.00000
1815.00000 1.00000 272.00000
1816.00000 1.00000 269.00000
1817.00000 1.00000 266.00000
1818.00000 1.00000 263.00000
1819.00000 1.00000 260.00000
1820.00000 1.00000 257.00000
1821.00000 1.00000 254.00000
1822.00000 1.00000 281.00000
1823.00000 1.00000 314.00000
1824.00000 1.00000 1788.00000
1825.00000 1.00000 1782.00000
1826.00000 1.00000 1707.00000
1827.00000 1.00000 1704.00000
1828.00000 1.00000 1701.00000
1829.00000 1.00000 1698.00000
1830.00000 1.00000 1695.00000
1831.00000 1.00000 1692.00000
1832.00000 1.00000 1689.00000
1833.00000 1.00000 1686.00000
1834.00000 1.00000 1683.00000
1835.00000 1.00000 1710.00000
1836.00000 1.00000 1680.00000
1837.00000 1.00000 1674.00000
1838.00000 1.00000 1668.00000
1839.00000 1.00000 1178.00000
1840.00000 1.00000 1810.95643
1841.00000 1.00000 1810.95697
1842.00000 1.00000 1810.95724
1843.00000 1.00000 1810.95724
1844.00000 1.00000 1667.45871
1845.00000 1.00000 1184.81475
1846.00000 1.00000 1677.00000
1847.00000 1.00000 1785.00000
1848.00000 1.00000 1713.00000
1849.00000 1.00000 1719.00000
1850.00000 1.00000 1779.00000
1851.00000 1.00000 1776.00000
1852.00000 1.00000 1773.00000
1853.00000 1.00000 1770.00000
1854.00000 1.00000 1767.00000
1855.00000 1.00000 1764.00000
1856.00000 1.00000 1761.00000
1857.00000 1.00000 1758.00000
1858.00000 1.00000 1755.00000
1859.00000 1.00000 1716.00000
1860.00000 1.00000 1752.00000
1861.00000 1.00000 1746.00000
1862.00000 1.00000 1743.00000
1863.00000 1.00000 1740.00000
1864.00000 1.00000 1737.00000
1865.00000 1.00000 1734.00000
1866.00000 1.00000 1731.00000
1867.00000 1.00000 1728.00000
1868.00000 1.00000 1725.00000
1869.00000 1.00000 1722.00000
1870.00000 1.00000 1749.00000
1871.00000 1.00000 605.00000
1872.00000 1.00000 317.00000
1873.00000 1.00000 323.00000
1874.00000 1.00000 527.00000
1875.00000 1.00000 524.00000
1876.00000 1.00000 521.00000
1877.00000 1.00000 518.00000
1878.00000 1.00000 515.00000
1879.00000 1.00000 512.00000
1880.00000 1.00000 509.00000
1881.00000 1.00000 506.00000
1882.00000 1.00000 503.00000
1883.00000 1.00000 530.00000
1884.00000 1.00000 500.00000
1885.00000 1.00000 494.00000
1886.00000 1.00000 491.00000
1887.00000 1.00000 488.00000
1888.00000 1.00000 485.00000
1889.00000 1.00000 482.00000
1890.00000 1.00000 479.00000
1891.00000 1.00000 476.00000
1892.00000 1.00000 473.00000
1893.00000 1.00000 470.00000
1894.00000 1.00000 497.00000
1895.00000 1.00000 467.00000
1896.00000 1.00000 533.00000
1897.00000 1.00000 539.00000
1898.00000 1.00000 599.00000
1899.00000 1.00000 596.00000
1900.00000 1.00000 593.00000
1901.00000 1.00000 590.00000
1902.00000 1.00000 587.00000
1903.00000 1.00000 584.00000
1904.00000 1.00000 581.00000
1905.00000 1.00000 578.00000
1906.00000 1.00000 575.00000
1907.00000 1.00000 536.00000
1908.00000 1.00000 572.00000
1909.00000 1.00000 566.00000
1910.00000 1.00000 563.00000
1911.00000 1.00000 560.00000
1912.00000 1.00000 557.00000
1913.00000 1.00000 554.00000
1914.00000 1.00000 551.00000
1915.00000 1.00000 548.00000
1916.00000 1.00000 545.00000
1917.00000 1.00000 542.00000
1918.00000 1.00000 569.00000
1919.00000 1.00000 320.00000
1920.00000 1.00000 464.00000
1921.00000 1.00000 458.00000
1922.00000 1.00000 383.00000
1923.00000 1.00000 380.00000
1924.00000 1.00000 377.00000
1925.00000 1.00000 374.00000
1926.00000 1.00000 371.00000
1927.00000 1.00000 368.00000
1928.00000 1.00000 365.00000
1929.00000 1.00000 362.00000
1930.00000 1.00000 359.00000
1931.00000 1.00000 386.00000
1932.00000 1.00000 356.00000
1933.00000 1.00000 350.00000
1934.00000 1.00000 347.00000
1935.00000 1.00000 344.00000
1936.00000 1.00000 341.00000
1937.00000 1.00000 338.00000
1938.00000 1.00000 335.00000
1939.00000 1.00000 332.00000
1940.00000 1.00000 329.00000
1941.00000 1.00000 326.00000
1942.00000 1.00000 353.00000
1943.00000 1.00000 461.00000
1944.00000 1.00000 389.00000
1945.00000 1.00000 395.00000
1946.00000 1.00000 455.00000
1947.00000 1.00000 452.00000
1948.00000 1.00000 449.00000
1949.00000 1.00000 446.00000
1950.00000 1.00000 443.00000
1951.00000 1.00000 440.00000
1952.00000 1.00000 437.00000
1953.00000 1.00000 434.00000
1954.00000 1.00000 431.00000
1955.00000 1.00000 392.00000
1956.00000 1.00000 428.00000
1957.00000 1.00000 422.00000
1958.00000 1.00000 419.00000
1959.00000 1.00000 416.00000
1960.00000 1.00000 413.00000
1961.00000 1.00000 410.00000
1962.00000 1.00000 407.00000
1963.00000 1.00000 404.00000
1964.00000 1.00000 401.00000
1965.00000 1.00000 398.00000
1966.00000 1.00000 425.00000
1967.00000 1.00000 1181.00000
