0.00000 0.98960 1591.28939
1.00000 0.98960 1591.28512
2.00000 0.98960 1591.28512
3.00000 0.98966 1590.01743
4.00000 0.98981 1595.55595
5.00000 0.98986 1585.74660
6.00000 0.99001 1599.82679
7.00000 0.99005 1581.47576
8.00000 0.99022 1604.09762
9.00000 0.99024 1577.20493
10.00000 0.99043 1608.36845
11.00000 0.99043 1572.93410
12.00000 0.99061 1568.66326
13.00000 0.99063 1612.63929
14.00000 0.99080 1564.39243
15.00000 0.99084 1616.91012
16.00000 0.99098 1560.12160
17.00000 0.99105 1621.18095
18.00000 0.99115 1555.85076
19.00000 0.99126 1625.43838
20.00000 0.99126 1625.43411
21.00000 0.99126 1625.43411
22.00000 0.99133 1551.57993
23.00000 0.99150 1547.30910
24.00000 0.99167 1543.03826
25.00000 0.99169 1629.70494
26.00000 0.99184 1538.76743
27.00000 0.99184 1538.76743
28.00000 0.99184 1538.77170
29.00000 0.99184 1538.76316
30.00000 0.99201 1534.49660
31.00000 0.99218 1530.22576
32.00000 0.99219 1633.97577
33.00000 0.99234 1525.95493
34.00000 0.99251 1521.68410
35.00000 0.99267 1517.41326
36.00000 0.99276 1638.24661
37.00000 0.99283 1513.14243
38.00000 0.99298 1508.87160
39.00000 0.99313 1504.60076
40.00000 0.99328 1500.32993
41.00000 0.99341 1642.51744
42.00000 0.99343 1496.05910
43.00000 0.99358 1491.78826
44.00000 0.99372 1487.51743
45.00000 0.99386 1483.24660
46.00000 0.99400 1478.97576
47.00000 0.99414 1474.70493
48.00000 0.99417 1646.78827
49.00000 0.99427 1470.43410
50.00000 0.99440 1466.16326
51.00000 0.99453 1461.89243
52.00000 0.99466 1457.62160
53.00000 0.99478 1453.35076
54.00000 0.99491 1449.07993
55.00000 0.99503 1444.80910
56.00000 0.99505 1651.05911
57.00000 0.99515 1440.53826
58.00000 0.99526 1436.26743
59.00000 0.99538 1431.99660
60.00000 0.99549 1427.72576
61.00000 0.99560 1423.45493
62.00000 0.99571 1419.18410
63.00000 0.99581 1414.91326
64.00000 0.99592 1410.64243
65.00000 0.99602 1406.37160
66.00000 0.99607 1655.32994
67.00000 0.99612 1402.10076
68.00000 0.99622 1397.82993
69.00000 0.99632 1393.55910
70.00000 0.99641 1389.28826
71.00000 0.99651 1385.01743
72.00000 0.99660 1380.74660
73.00000 0.99669 1376.47577
74.00000 0.99677 1372.20493
75.00000 0.99686 1367.93410
76.00000 0.99694 1363.66327
77.00000 0.99703 1359.39243
78.00000 0.99711 1355.12160
79.00000 0.99719 1350.85077
80.00000 0.99726 1346.57993
81.00000 0.99726 1659.60077
82.00000 0.99734 1342.30910
83.00000 0.99741 1338.03827
84.00000 0.99748 1333.76743
85.00000 0.99756 1329.49660
86.00000 0.99763 1325.22577
87.00000 0.99769 1320.95493
88.00000 0.99776 1316.68410
89.00000 0.99782 1312.41327
90.00000 0.99789 1308.14243
91.00000 0.99795 1303.87160
92.00000 0.99801 1299.60077
93.00000 0.99807 1295.32993
94.00000 0.99813 1291.05910
95.00000 0.99818 1286.78827
96.00000 0.99824 1282.51743
97.00000 0.99829 1278.24660
98.00000 0.99835 1273.97577
99.00000 0.99840 1269.70493
100.00000 0.99845 1265.43410
101.00000 0.99850 1261.16327
102.00000 0.99854 1256.89243
103.00000 0.99859 1252.62160
104.00000 0.99864 1248.35077
105.00000 0.99865 1663.87161
106.00000 0.99868 1244.07993
107.00000 0.99872 1239.80910
108.00000 0.99877 1235.53827
109.00000 0.99879 1664.25987
110.00000 0.99881 1231.26743
111.00000 0.99885 1226.99660
112.00000 0.99889 1222.72577
113.00000 0.99892 1218.45493
114.00000 0.99896 1214.18410
115.00000 0.99900 1209.91327
116.00000 0.99902 1206.94490
117.00000 0.99902 1206.94917
118.00000 0.99907 1665.03638
119.00000 0.99920 1202.67834
120.00000 0.99939 1198.40751
121.00000 0.99958 1194.13667
122.00000 0.99966 1666.58941
123.00000 0.99977 1666.87178
124.00000 0.99977 1189.86584
125.00000 0.99996 1185.59501
126.00000 0.99998 1185.20675
127.00000 0.99999 1667.43652
128.00000 0.99999 1184.96930
129.00000 0.99999 1184.99497
130.00000 0.99999 1185.13616
131.00000 1.00000 1467.00000
132.00000 1.00000 1470.00000
133.00000 1.00000 1473.00000
134.00000 1.00000 1476.00000
135.00000 1.00000 1479.00000
136.00000 1.00000 1482.00000
137.00000 1.00000 1485.00000
138.00000 1.00000 1488.00000
139.00000 1.00000 1491.00000
140.00000 1.00000 1494.00000
141.00000 1.00000 1497.00000
142.00000 1.00000 1500.00000
143.00000 1.00000 1503.00000
144.00000 1.00000 1506.00000
145.00000 1.00000 1509.00000
146.00000 1.00000 1512.00000
147.00000 1.00000 1515.00000
148.00000 1.00000 1518.00000
149.00000 1.00000 1521.00000
150.00000 1.00000 1464.00000
151.00000 1.00000 1461.00000
152.00000 1.00000 1443.00000
153.00000 1.00000 1455.00000
154.00000 1.00000 1401.00000
155.00000 1.00000 1404.00000
156.00000 1.00000 1407.00000
157.00000 1.00000 1410.00000
158.00000 1.00000 1413.00000
159.00000 1.00000 1416.00000
160.00000 1.00000 1419.00000
161.00000 1.00000 1422.00000
162.00000 1.00000 1425.00000
163.00000 1.00000 1428.00000
164.00000 1.00000 1431.00000
165.00000 1.00000 1434.00000
166.00000 1.00000 1437.00000
167.00000 1.00000 1440.00000
168.00000 1.00000 1524.00000
169.00000 1.00000 1398.00000
170.00000 1.00000 1446.00000
171.00000 1.00000 1449.00000
172.00000 1.00000 1452.00000
173.00000 1.00000 1458.00000
174.00000 1.00000 1527.00000
175.00000 1.00000 1617.00000
176.00000 1.00000 1533.00000
177.00000 1.00000 1605.00000
178.00000 1.00000 1608.00000
179.00000 1.00000 1611.00000
180.00000 1.00000 1614.00000
181.00000 1.00000 1620.00000
182.00000 1.00000 1623.00000
183.00000 1.00000 1626.00000
184.00000 1.00000 1629.00000
185.00000 1.00000 1632.00000
186.00000 1.00000 1635.00000
187.00000 1.00000 1638.00000
188.00000 1.00000 1641.00000
189.00000 1.00000 1644.00000
190.00000 1.00000 1647.00000
191.00000 1.00000 1650.00000
192.00000 1.00000 1653.00000
193.00000 1.00000 1656.00000
194.00000 1.00000 1659.00000
195.00000 1.00000 1395.00000
196.00000 1.00000 1602.00000
197.00000 1.00000 1530.00000
198.00000 1.00000 1599.00000
199.00000 1.00000 1593.00000
200.00000 1.00000 1536.00000
201.00000 1.00000 1539.00000
202.00000 1.00000 1542.00000
203.00000 1.00000 1545.00000
204.00000 1.00000 1548.00000
205.00000 1.00000 1551.00000
206.00000 1.00000 1554.00000
207.00000 1.00000 1557.00000
208.00000 1.00000 1560.00000
209.00000 1.00000 1563.00000
210.00000 1.00000 1566.00000
211.00000 1.00000 1569.00000
212.00000 1.00000 1572.00000
213.00000 1.00000 1575.00000
214.00000 1.00000 1578.00000
215.00000 1.00000 1581.00000
216.00000 1.00000 1584.00000
217.00000 1.00000 1587.00000
218.00000 1.00000 1590.00000
219.00000 1.00000 1596.00000
220.00000 1.00000 1392.00000
221.00000 1.00000 1197.00000
222.00000 1.00000 1386.00000
223.00000 1.00000 1191.00000
224.00000 1.00000 1194.00000
225.00000 1.00000 1662.00000
226.00000 1.00000 1200.00000
227.00000 1.00000 1203.00000
228.00000 1.00000 1206.00000
229.00000 1.00000 1209.00000
230.00000 1.00000 1212.00000
231.00000 1.00000 1215.00000
232.00000 1.00000 1218.00000
233.00000 1.00000 1221.00000
234.00000 1.00000 1224.00000
235.00000 1.00000 1227.00000
236.00000 1.00000 1230.00000
237.00000 1.00000 1233.00000
238.00000 1.00000 1236.00000
239.00000 1.00000 1239.00000
240.00000 1.00000 1242.00000
241.00000 1.00000 1245.00000
242.00000 1.00000 1188.00000
243.00000 1.00000 1248.00000
244.00000 1.00000 1185.00000
245.00000 1.00000 1184.81476
246.00000 1.00000 1667.44585
247.00000 1.00000 1667.44755
248.00000 1.00000 1667.45094
249.00000 1.00000 1667.45156
250.00000 1.00000 1667.45280
251.00000 1.00000 1667.45302
252.00000 1.00000 1667.45347
253.00000 1.00000 1667.45437
254.00000 1.00000 1667.45453
255.00000 1.00000 1667.45456
256.00000 1.00000 1667.45457
257.00000 1.00000 1667.45458
258.00000 1.00000 1667.45460
259.00000 1.00000 1667.45464
260.00000 1.00000 1667.45464
261.00000 1.00000 1184.91796
262.00000 1.00000 1184.81528
263.00000 1.00000 1184.81513
264.00000 1.00000 1184.81482
265.00000 1.00000 1184.81476
266.00000 1.00000 1389.00000
267.00000 1.00000 1251.00000
268.00000 1.00000 1257.00000
269.00000 1.00000 1329.00000
270.00000 1.00000 1332.00000
271.00000 1.00000 1335.00000
272.00000 1.00000 1338.00000
273.00000 1.00000 1341.00000
274.00000 1.00000 1344.00000
275.00000 1.00000 1347.00000
276.00000 1.00000 1350.00000
277.00000 1.00000 1353.00000
278.00000 1.00000 1356.00000
279.00000 1.00000 1359.00000
280.00000 1.00000 1362.00000
281.00000 1.00000 1365.00000
282.00000 1.00000 1368.00000
283.00000 1.00000 1371.00000
284.00000 1.00000 1374.00000
285.00000 1.00000 1377.00000
286.00000 1.00000 1380.00000
287.00000 1.00000 1383.00000
288.00000 1.00000 1326.00000
289.00000 1.00000 1254.00000
290.00000 1.00000 1323.00000
291.00000 1.00000 1317.00000
292.00000 1.00000 1260.00000
293.00000 1.00000 1263.00000
294.00000 1.00000 1266.00000
295.00000 1.00000 1269.00000
296.00000 1.00000 1272.00000
297.00000 1.00000 1275.00000
298.00000 1.00000 1278.00000
299.00000 1.00000 1281.00000
300.00000 1.00000 1284.00000
301.00000 1.00000 1287.00000
302.00000 1.00000 1290.00000
303.00000 1.00000 1293.00000
304.00000 1.00000 1296.00000
305.00000 1.00000 1299.00000
306.00000 1.00000 1302.00000
307.00000 1.00000 1305.00000
308.00000 1.00000 1308.00000
309.00000 1.00000 1311.00000
310.00000 1.00000 1314.00000
311.00000 1.00000 1320.00000
312.00000 1.00000 1665.00000
