0.00000 0.00000 2034.00000
1.00000 0.00000 1209.00000
2.00000 0.00000 1206.00000
3.00000 0.00000 1203.00000
4.00000 0.00000 1200.00000
5.00000 0.00000 1197.00000
6.00000 0.00000 1194.00000
7.00000 0.00000 1191.00000
8.00000 0.00000 1188.00000
9.00000 0.00000 1185.00000
10.00000 0.00000 1182.00000
11.00000 0.00000 1179.00000
12.00000 0.00000 1176.00000
13.00000 0.00000 1173.00000
14.00000 0.00000 1170.00000
15.00000 0.00000 1167.00000
16.00000 0.00000 1164.00000
17.00000 0.00000 1161.00000
18.00000 0.00000 2055.00000
19.00000 0.00000 2052.00000
20.00000 0.00000 2049.00000
21.00000 0.00000 2046.00000
22.00000 0.00000 2043.00000
23.00000 0.00000 2040.00000
24.00000 0.00000 1212.00000
25.00000 0.00000 2037.00000
26.00000 0.00000 1143.00000
27.00000 0.00000 1146.00000
28.00000 0.00000 1149.00000
29.00000 0.00000 1152.00000
30.00000 0.00000 1155.00000
31.00000 0.00000 1158.00000
32.00000 0.00000 1140.00000
33.00000 0.00000 2058.00000
34.00000 0.00000 1215.00000
35.00000 0.00000 1221.00000
36.00000 0.00000 1314.00000
37.00000 0.00000 1311.00000
38.00000 0.00000 1308.00000
39.00000 0.00000 1305.00000
40.00000 0.00000 1302.00000
41.00000 0.00000 1299.00000
42.00000 0.00000 1296.00000
43.00000 0.00000 1293.00000
44.00000 0.00000 1290.00000
45.00000 0.00000 1287.00000
46.00000 0.00000 1284.00000
47.00000 0.00000 1281.00000
48.00000 0.00000 1278.00000
49.00000 0.00000 1275.00000
50.00000 0.00000 1272.00000
51.00000 0.00000 1269.00000
52.00000 0.00000 1266.00000
53.00000 0.00000 1224.00000
54.00000 0.00000 1227.00000
55.00000 0.00000 1230.00000
56.00000 0.00000 1233.00000
57.00000 0.00000 1236.00000
58.00000 0.00000 1239.00000
59.00000 0.00000 1218.00000
60.00000 0.00000 1242.00000
61.00000 0.00000 1248.00000
62.00000 0.00000 1251.00000
63.00000 0.00000 1254.00000
64.00000 0.00000 1257.00000
65.00000 0.00000 1260.00000
66.00000 0.00000 1263.00000
67.00000 0.00000 1245.00000
68.00000 0.00000 2061.00000
69.00000 0.00000 2064.00000
70.00000 0.00000 2067.00000
71.00000 0.00000 1830.00000
72.00000 0.00000 1833.00000
73.00000 0.00000 1836.00000
74.00000 0.00000 1839.00000
75.00000 0.00000 1842.00000
76.00000 0.00000 1845.00000
77.00000 0.00000 1848.00000
78.00000 0.00000 1851.00000
79.00000 0.00000 1854.00000
80.00000 0.00000 1857.00000
81.00000 0.00000 1860.00000
82.00000 0.00000 1863.00000
83.00000 0.00000 1139.00420
84.00000 0.00000 1139.00420
85.00000 0.00000 1139.00398
86.00000 0.00000 1139.00387
87.00000 0.00000 1139.00381
88.00000 0.00000 1896.00000
89.00000 0.00000 1893.00000
90.00000 0.00000 1890.00000
91.00000 0.00000 1887.00000
92.00000 0.00000 1884.00000
93.00000 0.00000 1881.00000
94.00000 0.00000 1827.00000
95.00000 0.00000 1878.00000
96.00000 0.00000 1872.00000
97.00000 0.00000 1869.00000
98.00000 0.00000 1866.00000
99.00000 0.00000 1740.00000
100.00000 0.00000 1139.00335
101.00000 0.00000 1139.00350
102.00000 0.00000 1875.00000
103.00000 0.00000 1824.00000
104.00000 0.00000 1821.00000
105.00000 0.00000 1818.00000
106.00000 0.00000 1764.00000
107.00000 0.00000 1761.00000
108.00000 0.00000 1758.00000
109.00000 0.00000 1755.00000
110.00000 0.00000 1752.00000
111.00000 0.00000 1749.00000
112.00000 0.00000 1767.00000
113.00000 0.00000 1746.00000
114.00000 0.00000 2085.00000
115.00000 0.00000 2082.00000
116.00000 0.00000 2079.00000
117.00000 0.00000 2076.00000
118.00000 0.00000 2073.00000
119.00000 0.00000 2070.00000
120.00000 0.00000 2088.00000
121.00000 0.00000 1317.00000
122.00000 0.00000 1770.00000
123.00000 0.00000 1776.00000
124.00000 0.00000 1815.00000
125.00000 0.00000 1812.00000
126.00000 0.00000 1809.00000
127.00000 0.00000 1806.00000
128.00000 0.00000 1803.00000
129.00000 0.00000 1800.00000
130.00000 0.00000 1773.00000
131.00000 0.00000 1797.00000
132.00000 0.00000 1791.00000
133.00000 0.00000 1788.00000
134.00000 0.00000 1785.00000
135.00000 0.00000 2031.00000
136.00000 0.00000 1782.00000
137.00000 0.00000 1779.00000
138.00000 0.00000 1794.00000
139.00000 0.00000 1899.00000
140.00000 0.00000 1320.00000
141.00000 0.00000 1326.00000
142.00000 0.00000 1632.00000
143.00000 0.00000 1629.00000
144.00000 0.00000 1626.00000
145.00000 0.00000 1623.00000
146.00000 0.00000 1620.00000
147.00000 0.00000 1617.00000
148.00000 0.00000 1614.00000
149.00000 0.00000 1611.00000
150.00000 0.00000 1608.00000
151.00000 0.00000 1605.00000
152.00000 0.00000 1602.00000
153.00000 0.00000 1599.00000
154.00000 0.00000 1596.00000
155.00000 0.00000 1593.00000
156.00000 0.00000 1590.00000
157.00000 0.00000 1587.00000
158.00000 0.00000 1584.00000
159.00000 0.00000 1542.00000
160.00000 0.00000 1545.00000
161.00000 0.00000 1548.00000
162.00000 0.00000 1551.00000
163.00000 0.00000 1554.00000
164.00000 0.00000 1557.00000
165.00000 0.00000 1635.00000
166.00000 0.00000 1560.00000
167.00000 0.00000 1566.00000
168.00000 0.00000 1569.00000
169.00000 0.00000 1572.00000
170.00000 0.00000 1575.00000
171.00000 0.00000 1578.00000
172.00000 0.00000 1581.00000
173.00000 0.00000 1563.00000
174.00000 0.00000 1539.00000
175.00000 0.00000 1638.00000
176.00000 0.00000 1644.00000
177.00000 0.00000 1737.00000
178.00000 0.00000 1734.00000
179.00000 0.00000 1731.00000
180.00000 0.00000 1728.00000
181.00000 0.00000 1725.00000
182.00000 0.00000 1722.00000
183.00000 0.00000 1719.00000
184.00000 0.00000 1716.00000
185.00000 0.00000 1713.00000
186.00000 0.00000 1710.00000
187.00000 0.00000 1707.00000
188.00000 0.00000 1704.00000
189.00000 0.00000 1701.00000
190.00000 0.00000 1698.00000
191.00000 0.00000 1695.00000
192.00000 0.00000 1692.00000
193.00000 0.00000 1689.00000
194.00000 0.00000 1647.00000
195.00000 0.00000 1650.00000
196.00000 0.00000 1653.00000
197.00000 0.00000 1656.00000
198.00000 0.00000 1659.00000
199.00000 0.00000 1662.00000
200.00000 0.00000 1641.00000
201.00000 0.00000 1665.00000
202.00000 0.00000 1671.00000
203.00000 0.00000 1674.00000
204.00000 0.00000 1677.00000
205.00000 0.00000 1680.00000
206.00000 0.00000 1683.00000
207.00000 0.00000 1686.00000
208.00000 0.00000 1668.00000
209.00000 0.00000 1536.00000
210.00000 0.00000 1533.00000
211.00000 0.00000 1530.00000
212.00000 0.00000 1419.00000
213.00000 0.00000 1416.00000
214.00000 0.00000 1413.00000
215.00000 0.00000 1410.00000
216.00000 0.00000 1407.00000
217.00000 0.00000 1404.00000
218.00000 0.00000 1401.00000
219.00000 0.00000 1398.00000
220.00000 0.00000 1395.00000
221.00000 0.00000 1392.00000
222.00000 0.00000 1389.00000
223.00000 0.00000 1386.00000
224.00000 0.00000 1383.00000
225.00000 0.00000 1380.00000
226.00000 0.00000 1377.00000
227.00000 0.00000 1374.00000
228.00000 0.00000 1371.00000
229.00000 0.00000 1329.00000
230.00000 0.00000 1332.00000
231.00000 0.00000 1335.00000
232.00000 0.00000 1338.00000
233.00000 0.00000 1341.00000
234.00000 0.00000 1344.00000
235.00000 0.00000 1422.00000
236.00000 0.00000 1347.00000
237.00000 0.00000 1353.00000
238.00000 0.00000 1356.00000
239.00000 0.00000 1359.00000
240.00000 0.00000 1362.00000
241.00000 0.00000 1365.00000
242.00000 0.00000 1368.00000
243.00000 0.00000 1350.00000
244.00000 0.00000 1425.00000
245.00000 0.00000 1428.00000
246.00000 0.00000 1431.00000
247.00000 0.00000 1488.00000
248.00000 0.00000 1491.00000
249.00000 0.00000 1494.00000
250.00000 0.00000 1497.00000
251.00000 0.00000 1500.00000
252.00000 0.00000 1503.00000
253.00000 0.00000 1485.00000
254.00000 0.00000 1506.00000
255.00000 0.00000 1512.00000
256.00000 0.00000 1515.00000
257.00000 0.00000 1518.00000
258.00000 0.00000 1521.00000
259.00000 0.00000 1524.00000
260.00000 0.00000 1527.00000
261.00000 0.00000 1509.00000
262.00000 0.00000 1323.00000
263.00000 0.00000 1482.00000
264.00000 0.00000 1476.00000
265.00000 0.00000 1434.00000
266.00000 0.00000 1437.00000
267.00000 0.00000 1440.00000
268.00000 0.00000 1443.00000
269.00000 0.00000 1446.00000
270.00000 0.00000 1449.00000
271.00000 0.00000 1479.00000
272.00000 0.00000 1452.00000
273.00000 0.00000 1458.00000
274.00000 0.00000 1461.00000
275.00000 0.00000 1464.00000
276.00000 0.00000 1467.00000
277.00000 0.00000 1470.00000
278.00000 0.00000 1473.00000
279.00000 0.00000 1455.00000
280.00000 0.00000 1902.00000
281.00000 0.00000 1743.00000
282.00000 0.00000 2127.86678
283.00000 0.00000 2120.77940
284.00000 0.00000 2116.50857
285.00000 0.00000 2112.23774
286.00000 0.00000 1968.00000
287.00000 0.00000 1965.00000
288.00000 0.00000 1962.00000
289.00000 0.00000 1959.00000
290.00000 0.00000 1956.00000
291.00000 0.00000 1953.00000
292.00000 0.00000 1950.00000
293.00000 0.00000 1947.00000
294.00000 0.00000 1944.00000
295.00000 0.00000 1941.00000
296.00000 0.00000 1938.00000
297.00000 0.00000 1935.00000
298.00000 0.00000 1932.00000
299.00000 0.00000 2094.00000
300.00000 0.00000 2097.00000
301.00000 0.00000 2100.00000
302.00000 0.00000 2103.00000
303.00000 0.00000 2106.00000
304.00000 0.00000 2109.00000
305.00000 0.00000 2127.86678
306.00000 0.00000 2125.05024
307.00000 0.00000 1905.00000
308.00000 0.00000 1911.00000
309.00000 0.00000 1914.00000
310.00000 0.00000 1917.00000
311.00000 0.00000 1920.00000
312.00000 0.00000 1923.00000
313.00000 0.00000 1926.00000
314.00000 0.00000 1908.00000
315.00000 0.00000 2125.43850
316.00000 0.00000 1929.00000
317.00000 0.00000 2091.00000
318.00000 0.00000 2127.85948
319.00000 0.00000 2127.85608
320.00000 0.00000 2127.85439
321.00000 0.00000 2127.84505
322.00000 0.00000 2127.79371
323.00000 0.00000 2127.76804
324.00000 0.00000 2028.00000
325.00000 0.00000 2025.00000
326.00000 0.00000 2022.00000
327.00000 0.00000 2019.00000
328.00000 0.00000 1983.00000
329.00000 0.00000 1986.00000
330.00000 0.00000 1989.00000
331.00000 0.00000 1992.00000
332.00000 0.00000 1995.00000
333.00000 0.00000 1998.00000
334.00000 0.00000 2001.00000
335.00000 0.00000 2126.21501
336.00000 0.00000 2004.00000
337.00000 0.00000 2007.00000
338.00000 0.00000 2010.00000
339.00000 0.00000 2127.86627
340.00000 0.00000 2013.00000
341.00000 0.00000 2127.86632
342.00000 0.00000 2127.86666
343.00000 0.00000 2127.86677
344.00000 0.00000 1971.00000
345.00000 0.00000 1974.00000
346.00000 0.00000 1977.00000
347.00000 0.00000 1980.00000
348.00000 0.00000 2127.86643
349.00000 0.00000 2016.00000
350.00000 0.00001 2090.88357
351.00000 0.00001 2095.15440
352.00000 0.00001 2099.42524
353.00000 0.00001 2103.69607
354.00000 0.00001 2107.96690
355.00000 0.00001 2086.61274
356.00000 0.00002 2073.80024
357.00000 0.00002 2078.07107
358.00000 0.00002 2082.34191
359.00000 0.00002 2065.25857
360.00000 0.00002 2069.52941
361.00000 0.00003 2060.98774
362.00000 0.00003 2056.71691
363.00000 0.00003 2052.44607
364.00000 0.00003 2048.17524
365.00000 0.00003 2043.90441
366.00000 0.00004 1138.90067
367.00000 0.00004 2026.82107
368.00000 0.00004 2031.09191
369.00000 0.00004 2035.36274
370.00000 0.00004 2039.63357
371.00000 0.00005 2009.73774
372.00000 0.00005 2014.00857
373.00000 0.00005 2018.27941
374.00000 0.00005 2022.55024
375.00000 0.00006 1996.92524
376.00000 0.00006 2001.19607
377.00000 0.00006 2005.46691
378.00000 0.00007 1988.38357
379.00000 0.00007 1984.11274
380.00000 0.00007 1992.65441
381.00000 0.00008 1975.57107
382.00000 0.00008 1979.84191
383.00000 0.00008 1971.30024
384.00000 0.00009 1958.48774
385.00000 0.00009 1967.02941
386.00000 0.00009 1962.75857
387.00000 0.00010 1954.21691
388.00000 0.00010 1949.94607
389.00000 0.00011 1941.40441
390.00000 0.00011 1937.13357
391.00000 0.00011 1945.67524
392.00000 0.00012 1932.86274
393.00000 0.00012 1928.59191
394.00000 0.00013 1920.05024
395.00000 0.00013 1924.32107
396.00000 0.00014 1915.77941
397.00000 0.00014 1911.50857
398.00000 0.00015 1907.23774
399.00000 0.00015 1902.96691
400.00000 0.00016 1894.42524
401.00000 0.00016 1898.69607
402.00000 0.00017 1890.15441
403.00000 0.00018 1885.88357
404.00000 0.00018 1881.61274
405.00000 0.00019 1877.34191
406.00000 0.00019 1873.07107
407.00000 0.00020 1868.80024
408.00000 0.00021 1864.52941
409.00000 0.00021 1860.25857
410.00000 0.00022 1855.98774
411.00000 0.00023 1851.71691
412.00000 0.00024 1843.17524
413.00000 0.00024 1847.44607
414.00000 0.00025 1838.90441
415.00000 0.00026 1834.63357
416.00000 0.00027 1830.36274
417.00000 0.00027 1138.33593
418.00000 0.00027 1826.09191
419.00000 0.00028 1821.82107
420.00000 0.00029 1817.55024
421.00000 0.00030 1813.27941
422.00000 0.00031 1809.00857
423.00000 0.00032 1804.73774
424.00000 0.00033 1800.46691
425.00000 0.00034 1796.19607
426.00000 0.00035 1791.92524
427.00000 0.00036 1787.65441
428.00000 0.00037 1783.38357
429.00000 0.00038 1138.05356
430.00000 0.00038 1779.11274
431.00000 0.00039 1774.84191
432.00000 0.00040 1770.57107
433.00000 0.00041 1766.30024
434.00000 0.00043 1762.02941
435.00000 0.00044 1757.75857
436.00000 0.00045 1753.48774
437.00000 0.00046 1749.21691
438.00000 0.00048 1744.94607
439.00000 0.00049 1740.67524
440.00000 0.00051 1736.40441
441.00000 0.00052 1732.13357
442.00000 0.00054 1727.86274
443.00000 0.00055 1723.59191
444.00000 0.00057 1719.32107
445.00000 0.00058 1715.05024
446.00000 0.00060 1710.77941
447.00000 0.00062 1706.50857
448.00000 0.00063 1702.23774
449.00000 0.00065 1697.96691
450.00000 0.00067 1693.69607
451.00000 0.00069 1689.42524
452.00000 0.00071 1685.15441
453.00000 0.00073 1680.88357
454.00000 0.00075 1676.61274
455.00000 0.00077 1672.34191
456.00000 0.00079 1668.07107
457.00000 0.00081 1663.80024
458.00000 0.00083 1659.52941
459.00000 0.00086 1655.25858
460.00000 0.00088 1650.98774
461.00000 0.00091 1646.71691
462.00000 0.00093 1642.44608
463.00000 0.00096 1638.17524
464.00000 0.00098 1633.90441
465.00000 0.00101 1136.50053
466.00000 0.00101 1629.63358
467.00000 0.00104 1625.36274
468.00000 0.00107 1621.09191
469.00000 0.00110 1616.82108
470.00000 0.00113 1612.55024
471.00000 0.00116 1608.27941
472.00000 0.00119 1604.00858
473.00000 0.00123 1599.73774
474.00000 0.00126 1595.46691
475.00000 0.00130 1591.19608
476.00000 0.00132 1135.72401
477.00000 0.00133 1586.92524
478.00000 0.00137 1582.65441
479.00000 0.00141 1578.38358
480.00000 0.00145 1574.11274
481.00000 0.00148 1135.33576
482.00000 0.00149 1569.84191
483.00000 0.00153 1565.57108
484.00000 0.00157 1561.30024
485.00000 0.00162 1557.02941
486.00000 0.00166 1552.75858
487.00000 0.00171 1548.48774
488.00000 0.00176 1544.21691
489.00000 0.00181 1539.94608
490.00000 0.00186 1535.67524
491.00000 0.00192 1531.40441
492.00000 0.00197 1527.13358
493.00000 0.00203 1522.86274
494.00000 0.00209 1518.59191
495.00000 0.00215 1514.32108
496.00000 0.00221 1510.05024
497.00000 0.00227 1505.77941
498.00000 0.00234 1501.50858
499.00000 0.00241 1497.23774
500.00000 0.00248 1492.96691
501.00000 0.00255 1488.69608
502.00000 0.00263 1484.42524
503.00000 0.00271 1480.15441
504.00000 0.00279 1475.88358
505.00000 0.00287 1471.61274
506.00000 0.00295 1467.34191
507.00000 0.00304 1463.07108
508.00000 0.00314 1458.80024
509.00000 0.00323 1454.52941
510.00000 0.00325 1131.06492
511.00000 0.00333 1450.25858
512.00000 0.00343 1445.98774
513.00000 0.00354 1441.71691
514.00000 0.00364 1437.44608
515.00000 0.00376 1433.17524
516.00000 0.00387 1428.90441
517.00000 0.00399 1424.63358
518.00000 0.00412 1420.36274
519.00000 0.00425 1416.09191
520.00000 0.00438 1411.82108
521.00000 0.00452 1407.55024
522.00000 0.00467 1403.27941
523.00000 0.00482 1399.00858
524.00000 0.00497 1394.73774
525.00000 0.00506 1126.79409
526.00000 0.00514 1390.46691
527.00000 0.00530 1386.19608
528.00000 0.00548 1381.92524
529.00000 0.00566 1377.65441
530.00000 0.00585 1373.38358
531.00000 0.00604 1369.11274
532.00000 0.00625 1364.84191
533.00000 0.00646 1360.57108
534.00000 0.00668 1356.30024
535.00000 0.00691 1352.02941
536.00000 0.00692 1122.52326
537.00000 0.00715 1347.75858
538.00000 0.00740 1343.48774
539.00000 0.00766 1339.21691
540.00000 0.00793 1334.94608
541.00000 0.00821 1330.67524
542.00000 0.00850 1326.40441
543.00000 0.00881 1322.13358
544.00000 0.00883 1118.25242
545.00000 0.00913 1317.86274
546.00000 0.00947 1313.59191
547.00000 0.00982 1309.32108
548.00000 0.01018 1305.05024
549.00000 0.01057 1300.77941
550.00000 0.01078 1113.98159
551.00000 0.01097 1296.50858
552.00000 0.01139 1292.23774
553.00000 0.01183 1287.96691
554.00000 0.01230 1283.69608
555.00000 0.01279 1109.71076
556.00000 0.01279 1279.42524
557.00000 0.01330 1275.15441
558.00000 0.01384 1270.88358
559.00000 0.01440 1266.61274
560.00000 0.01484 1105.43992
561.00000 0.01500 1262.34191
562.00000 0.01563 1258.07108
563.00000 0.01629 1253.80024
564.00000 0.01695 1101.16909
565.00000 0.01699 1249.52941
566.00000 0.01773 1245.25858
567.00000 0.01851 1240.98774
568.00000 0.01910 1096.89826
569.00000 0.01934 1236.71691
570.00000 0.02021 1232.44608
571.00000 0.02114 1228.17525
572.00000 0.02131 1092.62742
573.00000 0.02213 1223.90441
574.00000 0.02318 1219.63358
575.00000 0.02357 1088.35659
576.00000 0.02430 1215.36275
577.00000 0.02550 1211.09191
578.00000 0.02550 1211.09618
579.00000 0.02550 1211.09191
580.00000 0.02587 1084.08576
581.00000 0.02588 1207.93992
582.00000 0.02641 1203.66909
583.00000 0.02695 1199.39826
584.00000 0.02750 1195.12742
585.00000 0.02808 1190.85659
586.00000 0.02822 1079.81492
587.00000 0.02867 1186.58576
588.00000 0.02927 1182.31492
589.00000 0.02989 1178.04409
590.00000 0.03053 1173.77326
591.00000 0.03062 1075.54409
592.00000 0.03119 1169.50242
593.00000 0.03186 1165.23159
594.00000 0.03255 1160.96076
595.00000 0.03306 1071.27326
596.00000 0.03326 1156.68992
597.00000 0.03400 1152.41909
598.00000 0.03475 1148.14826
599.00000 0.03552 1143.87742
600.00000 0.03553 1067.00242
601.00000 0.03631 1139.60659
602.00000 0.03713 1135.33576
603.00000 0.03796 1131.06492
604.00000 0.03805 1062.73159
605.00000 0.03882 1126.79409
606.00000 0.03970 1122.52326
607.00000 0.04059 1058.46076
608.00000 0.04060 1118.25242
609.00000 0.04153 1113.98159
610.00000 0.04248 1109.71076
611.00000 0.04317 1054.18992
612.00000 0.04345 1105.43992
613.00000 0.04444 1101.16909
614.00000 0.04546 1096.89826
615.00000 0.04576 1049.91909
616.00000 0.04651 1092.62742
617.00000 0.04757 1088.35659
618.00000 0.04837 1045.64826
619.00000 0.04866 1084.08576
620.00000 0.04978 1079.81492
621.00000 0.05091 1075.54409
622.00000 0.05100 1041.37742
623.00000 0.05207 1071.27326
624.00000 0.05326 1067.00242
625.00000 0.05363 1037.10659
626.00000 0.05446 1062.73159
627.00000 0.05569 1058.46076
628.00000 0.05626 1032.83576
629.00000 0.05693 1054.18992
630.00000 0.05820 1049.91909
631.00000 0.05888 1028.56492
632.00000 0.05948 1045.64826
633.00000 0.06079 1041.37742
634.00000 0.06149 1024.29409
635.00000 0.06211 1037.10659
636.00000 0.06345 1032.83576
637.00000 0.06409 1020.02326
638.00000 0.06480 1028.56492
639.00000 0.06616 1024.29409
640.00000 0.06667 1015.75242
641.00000 0.06754 1020.02326
642.00000 0.06893 1015.75242
643.00000 0.06922 1011.48159
644.00000 0.07033 1011.48159
645.00000 0.07174 1007.21503
646.00000 0.07174 1007.21503
647.00000 0.07174 1007.21076
648.00000 0.07174 1007.21076
649.00000 0.98989 1625.43838
650.00000 0.98989 1625.43411
651.00000 0.98989 1625.43838
652.00000 0.98989 1625.43411
653.00000 0.99020 1629.70494
654.00000 0.99045 1629.70494
655.00000 0.99050 1633.97577
656.00000 0.99080 1638.24661
657.00000 0.99108 1633.97577
658.00000 0.99109 1642.51744
659.00000 0.99139 1646.78827
660.00000 0.99167 1651.05911
661.00000 0.99179 1638.24661
662.00000 0.99196 1655.32994
663.00000 0.99224 1659.60077
664.00000 0.99251 1663.87161
665.00000 0.99258 1642.51744
666.00000 0.99279 1668.14244
667.00000 0.99305 1672.41327
668.00000 0.99332 1676.68411
669.00000 0.99348 1646.78827
670.00000 0.99358 1680.95494
671.00000 0.99384 1685.22577
672.00000 0.99409 1689.49661
673.00000 0.99434 1693.76744
674.00000 0.99449 1651.05911
675.00000 0.99459 1698.03827
676.00000 0.99484 1702.30911
677.00000 0.99508 1706.57994
678.00000 0.99531 1710.85077
679.00000 0.99555 1715.12161
680.00000 0.99565 1655.32994
681.00000 0.99578 1719.39244
682.00000 0.99601 1723.66327
683.00000 0.99623 1727.93411
684.00000 0.99645 1732.20494
685.00000 0.99667 1736.47577
686.00000 0.99689 1740.74661
687.00000 0.99698 1659.60077
688.00000 0.99710 1745.01744
689.00000 0.99731 1749.28827
690.00000 0.99752 1753.55911
691.00000 0.99772 1757.82994
692.00000 0.99792 1762.10077
693.00000 0.99812 1766.37161
694.00000 0.99831 1770.64244
695.00000 0.99850 1774.91327
696.00000 0.99852 1663.87161
697.00000 0.99867 1664.25987
698.00000 0.99869 1779.18411
699.00000 0.99888 1783.45494
700.00000 0.99898 1665.03638
701.00000 0.99906 1787.72577
702.00000 0.99924 1791.99661
703.00000 0.99942 1796.26744
704.00000 0.99959 1800.53827
705.00000 0.99963 1666.58941
706.00000 0.99975 1666.87178
707.00000 0.99976 1804.80911
708.00000 0.99993 1809.07994
709.00000 0.99997 1810.14765
710.00000 0.99999 1810.68150
711.00000 0.99999 1667.43652
712.00000 1.00000 1749.00000
713.00000 1.00000 1746.00000
714.00000 1.00000 1743.00000
715.00000 1.00000 1667.45464
716.00000 1.00000 1734.00000
717.00000 1.00000 1731.00000
718.00000 1.00000 1728.00000
719.00000 1.00000 1725.00000
720.00000 1.00000 1722.00000
721.00000 1.00000 1719.00000
722.00000 1.00000 1716.00000
723.00000 1.00000 1737.00000
724.00000 1.00000 1740.00000
725.00000 1.00000 1755.00000
726.00000 1.00000 1713.00000
727.00000 1.00000 1800.00000
728.00000 1.00000 1797.00000
729.00000 1.00000 1794.00000
730.00000 1.00000 1791.00000
731.00000 1.00000 1788.00000
732.00000 1.00000 1785.00000
733.00000 1.00000 1782.00000
734.00000 1.00000 1779.00000
735.00000 1.00000 1776.00000
736.00000 1.00000 1773.00000
737.00000 1.00000 1770.00000
738.00000 1.00000 1767.00000
739.00000 1.00000 1764.00000
740.00000 1.00000 1761.00000
741.00000 1.00000 1758.00000
742.00000 1.00000 1752.00000
743.00000 1.00000 1710.00000
744.00000 1.00000 1701.00000
745.00000 1.00000 1704.00000
746.00000 1.00000 1667.45460
747.00000 1.00000 1667.45458
748.00000 1.00000 1667.45457
749.00000 1.00000 1667.45456
750.00000 1.00000 1667.45453
751.00000 1.00000 1667.45437
752.00000 1.00000 1667.45347
753.00000 1.00000 1667.45302
754.00000 1.00000 1667.45280
755.00000 1.00000 1667.45156
756.00000 1.00000 1667.45094
757.00000 1.00000 1667.44755
758.00000 1.00000 1667.44585
759.00000 1.00000 1803.00000
760.00000 1.00000 1810.95450
761.00000 1.00000 1810.95450
762.00000 1.00000 1810.94843
763.00000 1.00000 1668.00000
764.00000 1.00000 1671.00000
765.00000 1.00000 1674.00000
766.00000 1.00000 1677.00000
767.00000 1.00000 1680.00000
768.00000 1.00000 1683.00000
769.00000 1.00000 1686.00000
770.00000 1.00000 1689.00000
771.00000 1.00000 1692.00000
772.00000 1.00000 1695.00000
773.00000 1.00000 1698.00000
774.00000 1.00000 1667.45464
775.00000 1.00000 1707.00000
776.00000 1.00000 1806.00000
