0.00000 0.65002 1211.09191
1.00000 0.65002 1211.09191
2.00000 0.65002 1211.09618
3.00000 0.65003 1215.36275
4.00000 0.65004 1219.63358
5.00000 0.65005 1223.90441
6.00000 0.65006 1228.17525
7.00000 0.65007 1232.44608
8.00000 0.65009 1236.71691
9.00000 0.65010 1240.98774
10.00000 0.65012 1245.25858
11.00000 0.65013 1249.52941
12.00000 0.65015 1253.80024
13.00000 0.65016 1258.07108
14.00000 0.65018 1207.93992
15.00000 0.65018 1262.34191
16.00000 0.65020 1266.61274
17.00000 0.65022 1270.88358
18.00000 0.65024 1275.15441
19.00000 0.65026 1279.42524
20.00000 0.65028 1283.69608
21.00000 0.65030 1287.96691
22.00000 0.65033 1292.23774
23.00000 0.65035 1296.50858
24.00000 0.65037 1300.77941
25.00000 0.65040 1305.05024
26.00000 0.65041 1203.66909
27.00000 0.65042 1309.32108
28.00000 0.65045 1313.59191
29.00000 0.65048 1317.86274
30.00000 0.65050 1322.13358
31.00000 0.65053 1326.40441
32.00000 0.65056 1330.67524
33.00000 0.65059 1334.94608
34.00000 0.65062 1339.21691
35.00000 0.65063 1199.39826
36.00000 0.65065 1343.48774
37.00000 0.65069 1347.75858
38.00000 0.65072 1352.02941
39.00000 0.65075 1356.30024
40.00000 0.65079 1360.57108
41.00000 0.65082 1364.84191
42.00000 0.65085 1195.12742
43.00000 0.65086 1369.11274
44.00000 0.65089 1373.38358
45.00000 0.65093 1377.65441
46.00000 0.65097 1381.92524
47.00000 0.65101 1386.19608
48.00000 0.65104 1390.46691
49.00000 0.65106 1190.85659
50.00000 0.65108 1394.73774
51.00000 0.65112 1399.00858
52.00000 0.65117 1403.27941
53.00000 0.65121 1407.55024
54.00000 0.65125 1411.82108
55.00000 0.65128 1186.58576
56.00000 0.65129 1416.09191
57.00000 0.65134 1420.36274
58.00000 0.65138 1424.63358
59.00000 0.65143 1428.90441
60.00000 0.65147 1433.17524
61.00000 0.65149 1182.31492
62.00000 0.65152 1437.44608
63.00000 0.65157 1441.71691
64.00000 0.65161 1445.98774
65.00000 0.65166 1450.25858
66.00000 0.65170 1178.04409
67.00000 0.65171 1454.52941
68.00000 0.65176 1458.80024
69.00000 0.65181 1463.07108
70.00000 0.65186 1467.34191
71.00000 0.65191 1173.77326
72.00000 0.65192 1471.61274
73.00000 0.65197 1475.88358
74.00000 0.65202 1480.15441
75.00000 0.65208 1484.42524
76.00000 0.65212 1169.50242
77.00000 0.65213 1488.69608
78.00000 0.65219 1492.96691
79.00000 0.65225 1497.23774
80.00000 0.65230 1501.50858
81.00000 0.65233 1165.23159
82.00000 0.65236 1505.77941
83.00000 0.65242 1510.05024
84.00000 0.65248 1514.32108
85.00000 0.65253 1160.96076
86.00000 0.65254 1518.59191
87.00000 0.65260 1522.86274
88.00000 0.65266 1527.13358
89.00000 0.65273 1531.40441
90.00000 0.65274 1156.68992
91.00000 0.65279 1535.67524
92.00000 0.65286 1539.94608
93.00000 0.65292 1544.21691
94.00000 0.65294 1152.41909
95.00000 0.65299 1548.48774
96.00000 0.65305 1552.75858
97.00000 0.65312 1557.02941
98.00000 0.65314 1148.14826
99.00000 0.65319 1561.30024
100.00000 0.65326 1565.57108
101.00000 0.65333 1569.84191
102.00000 0.65334 1143.87742
103.00000 0.65340 1574.11274
104.00000 0.65347 1578.38358
105.00000 0.65353 1139.60659
106.00000 0.65355 1582.65441
107.00000 0.65362 1586.92524
108.00000 0.65369 1591.19608
109.00000 0.65373 1135.33576
110.00000 0.65377 1595.46691
111.00000 0.65385 1599.73774
112.00000 0.65392 1131.06492
113.00000 0.65392 1604.00858
114.00000 0.65400 1608.27941
115.00000 0.65408 1612.55024
116.00000 0.65411 1126.79409
117.00000 0.65416 1616.82108
118.00000 0.65425 1621.09191
119.00000 0.65431 1122.52326
120.00000 0.65433 1625.36274
121.00000 0.65441 1629.63358
122.00000 0.65449 1118.25242
123.00000 0.65450 1633.90441
124.00000 0.65458 1638.17524
125.00000 0.65467 1642.44608
126.00000 0.65468 1113.98159
127.00000 0.65476 1646.71691
128.00000 0.65485 1650.98774
129.00000 0.65487 1109.71076
130.00000 0.65494 1655.25858
131.00000 0.65503 1659.52941
132.00000 0.65505 1105.43992
133.00000 0.65513 1663.80024
134.00000 0.65522 1668.07107
135.00000 0.65523 1101.16909
136.00000 0.65532 1672.34191
137.00000 0.65542 1676.61274
138.00000 0.65542 1096.89826
139.00000 0.65552 1680.88357
140.00000 0.65560 1092.62742
141.00000 0.65562 1685.15441
142.00000 0.65572 1689.42524
143.00000 0.65577 1088.35659
144.00000 0.65582 1693.69607
145.00000 0.65593 1697.96691
146.00000 0.65595 1084.08576
147.00000 0.65603 1702.23774
148.00000 0.65613 1079.81492
149.00000 0.65614 1706.50857
150.00000 0.65625 1710.77941
151.00000 0.65630 1075.54409
152.00000 0.65637 1715.05024
153.00000 0.65647 1071.27326
154.00000 0.65648 1719.32107
155.00000 0.65660 1723.59191
156.00000 0.65664 1067.00242
157.00000 0.65672 1727.86274
158.00000 0.65681 1062.73159
159.00000 0.65684 1732.13357
160.00000 0.65696 1736.40441
161.00000 0.65698 1058.46076
162.00000 0.65708 1740.67524
163.00000 0.65714 1054.18992
164.00000 0.65721 1744.94607
165.00000 0.65731 1049.91909
166.00000 0.65734 1749.21691
167.00000 0.65747 1753.48774
168.00000 0.65747 1045.64826
169.00000 0.65761 1757.75857
170.00000 0.65763 1041.37742
171.00000 0.65774 1762.02941
172.00000 0.65779 1037.10659
173.00000 0.65788 1766.30024
174.00000 0.65795 1032.83576
175.00000 0.65803 1770.57107
176.00000 0.65811 1028.56492
177.00000 0.65817 1774.84191
178.00000 0.65826 1024.29409
179.00000 0.65832 1779.11274
180.00000 0.65842 1020.02326
181.00000 0.65848 1783.38357
182.00000 0.65857 1015.75242
183.00000 0.65863 1787.65441
184.00000 0.65872 1011.48159
185.00000 0.65879 1791.92524
186.00000 0.65887 1007.18749
187.00000 0.65887 1007.21076
188.00000 0.65887 1007.21076
189.00000 0.65887 1007.21503
190.00000 0.65896 1796.19607
191.00000 0.65903 1002.91666
192.00000 0.65912 1800.46691
193.00000 0.65919 998.64583
194.00000 0.65930 1804.73774
195.00000 0.65934 994.37499
196.00000 0.65947 1809.00857
197.00000 0.65950 990.10416
198.00000 0.65965 985.83333
199.00000 0.65966 1813.27941
200.00000 0.65980 981.56249
201.00000 0.65984 1817.55024
202.00000 0.65994 977.29166
203.00000 0.66004 1821.82107
204.00000 0.66009 973.02083
205.00000 0.66023 968.74999
206.00000 0.66024 1826.09191
207.00000 0.66037 964.47916
208.00000 0.66044 1830.36274
209.00000 0.66051 960.20833
210.00000 0.66065 955.93749
211.00000 0.66065 1834.63357
212.00000 0.66078 951.66666
213.00000 0.66087 1838.90441
214.00000 0.66091 947.39583
215.00000 0.66105 943.12499
216.00000 0.66110 1843.17524
217.00000 0.66117 938.85416
218.00000 0.66130 934.58333
219.00000 0.66133 1847.44607
220.00000 0.66143 930.31249
221.00000 0.66155 926.04166
222.00000 0.66158 1851.71691
223.00000 0.66167 921.77083
224.00000 0.66179 917.49999
225.00000 0.66183 1855.98774
226.00000 0.66191 913.22916
227.00000 0.66202 908.95833
228.00000 0.66210 1860.25857
229.00000 0.66214 904.68749
230.00000 0.66225 900.41666
231.00000 0.66236 896.14583
232.00000 0.66238 1864.52941
233.00000 0.66247 891.87499
234.00000 0.66257 887.60416
235.00000 0.66267 1868.80024
236.00000 0.66268 883.33333
237.00000 0.66278 879.06249
238.00000 0.66288 874.79166
239.00000 0.66297 1873.07107
240.00000 0.66298 870.52083
241.00000 0.66308 866.24999
242.00000 0.66318 861.97916
243.00000 0.66327 857.70833
244.00000 0.66329 1877.34191
245.00000 0.66336 853.43749
246.00000 0.66345 849.16666
247.00000 0.66354 844.89583
248.00000 0.66363 840.62500
249.00000 0.66363 1881.61274
250.00000 0.66372 836.35416
251.00000 0.66380 832.08333
252.00000 0.66388 827.81250
253.00000 0.66396 823.54166
254.00000 0.66399 1885.88357
255.00000 0.66404 819.27083
256.00000 0.66412 815.00000
257.00000 0.66420 810.72916
258.00000 0.66427 806.45833
259.00000 0.66434 802.18750
260.00000 0.66438 1890.15441
261.00000 0.66442 797.91666
262.00000 0.66449 793.64583
263.00000 0.66455 789.37500
264.00000 0.66462 785.10416
265.00000 0.66469 780.83333
266.00000 0.66475 776.56250
267.00000 0.66479 1894.42524
268.00000 0.66481 772.29166
269.00000 0.66488 768.02083
270.00000 0.66494 763.75000
271.00000 0.66499 759.47916
272.00000 0.66505 755.20833
273.00000 0.66511 750.93750
274.00000 0.66516 746.66666
275.00000 0.66521 742.39583
276.00000 0.66524 1898.69607
277.00000 0.66527 738.12500
278.00000 0.66532 733.85416
279.00000 0.66537 729.58333
280.00000 0.66541 725.31250
281.00000 0.66546 721.04166
282.00000 0.66551 716.77083
283.00000 0.66555 712.50000
284.00000 0.66559 708.22916
285.00000 0.66563 703.95833
286.00000 0.66568 699.68750
287.00000 0.66571 695.41666
288.00000 0.66573 1902.96691
289.00000 0.66575 691.14583
290.00000 0.66579 686.87500
291.00000 0.66583 682.60416
292.00000 0.66586 678.33333
293.00000 0.66590 674.06250
294.00000 0.66593 669.79166
295.00000 0.66596 665.52083
296.00000 0.66599 661.25000
297.00000 0.66602 656.97916
298.00000 0.66605 652.70833
299.00000 0.66608 648.43750
300.00000 0.66611 644.16666
301.00000 0.66613 639.89583
302.00000 0.66616 635.62500
303.00000 0.66618 631.35416
304.00000 0.66621 627.08333
305.00000 0.66623 622.81250
306.00000 0.66625 618.54166
307.00000 0.66627 1907.23774
308.00000 0.66627 614.27083
309.00000 0.66629 610.00000
310.00000 0.66631 605.72916
311.00000 0.66633 601.45833
312.00000 0.66635 597.18750
313.00000 0.66636 592.91666
314.00000 0.66638 588.64583
315.00000 0.66640 584.37500
316.00000 0.66641 580.10416
317.00000 0.66643 575.83333
318.00000 0.66644 571.56250
319.00000 0.66645 567.29166
320.00000 0.66647 563.02083
321.00000 0.66648 558.75000
322.00000 0.66649 554.47916
323.00000 0.66650 550.20833
324.00000 0.66651 545.93750
325.00000 0.66652 541.66666
326.00000 0.66653 537.39583
327.00000 0.66654 533.12500
328.00000 0.66655 528.85416
329.00000 0.66656 524.58333
330.00000 0.66656 520.31250
331.00000 0.66657 516.04166
332.00000 0.66658 511.77083
333.00000 0.66659 507.50000
334.00000 0.66659 503.22916
335.00000 0.66660 498.95833
336.00000 0.66660 494.68750
337.00000 0.66661 490.41666
338.00000 0.66661 486.14583
339.00000 0.66662 481.87500
340.00000 0.66662 477.60416
341.00000 0.66662 473.33333
342.00000 0.66663 464.79166
343.00000 0.66663 469.06250
344.00000 0.66663 460.52083
345.00000 0.66664 451.97916
346.00000 0.66664 447.70833
347.00000 0.66664 456.25000
348.00000 0.66664 443.43750
349.00000 0.66665 434.89583
350.00000 0.66665 439.16666
351.00000 0.66665 430.62500
352.00000 0.66665 426.35416
353.00000 0.66665 422.08333
354.00000 0.66665 417.81250
355.00000 0.66666 413.54166
356.00000 0.66666 409.27083
357.00000 0.66666 405.00000
358.00000 0.66666 358.02083
359.00000 0.66666 396.45833
360.00000 0.66666 400.72917
361.00000 0.66666 366.56250
362.00000 0.66666 375.10417
363.00000 0.66666 379.37500
364.00000 0.66666 370.83333
365.00000 0.66666 383.64583
366.00000 0.66666 387.91667
367.00000 0.66666 392.18750
368.00000 0.66666 362.29167
369.00000 0.66667 327.15751
370.00000 0.66667 305.80335
371.00000 0.66667 322.88668
372.00000 0.66667 318.61585
373.00000 0.66667 314.34501
374.00000 0.66667 310.07418
375.00000 0.66667 331.42835
376.00000 0.66667 288.72001
377.00000 0.66667 297.26168
378.00000 0.66667 292.99085
379.00000 0.66667 284.44918
380.00000 0.66667 280.17835
381.00000 0.66667 275.90751
382.00000 0.66667 335.69918
383.00000 0.66667 271.63668
384.00000 0.66667 301.53251
385.00000 0.66667 339.97001
386.00000 0.66667 386.94918
387.00000 0.66667 348.51168
388.00000 0.66667 404.03251
389.00000 0.66667 408.30334
390.00000 0.66667 412.57418
391.00000 0.66667 267.36585
392.00000 0.66667 399.76168
393.00000 0.66667 395.49084
394.00000 0.66667 391.22001
395.00000 0.66667 382.67834
396.00000 0.66667 378.40751
397.00000 0.66667 374.13668
398.00000 0.66667 369.86584
399.00000 0.66667 365.59501
400.00000 0.66667 361.32418
401.00000 0.66667 357.05334
402.00000 0.66667 352.78251
403.00000 0.66667 344.24085
404.00000 0.66667 263.09501
405.00000 0.66667 200.00000
406.00000 0.66667 311.04167
407.00000 0.66667 254.55335
408.00000 0.66667 258.82418
409.00000 0.66667 323.85417
410.00000 0.66667 319.58333
411.00000 0.66667 315.31250
412.00000 0.66667 332.39583
413.00000 0.66667 250.28251
414.00000 0.66667 306.77083
415.00000 0.66667 298.22917
416.00000 0.66667 293.95833
417.00000 0.66667 289.68750
418.00000 0.66667 285.41667
419.00000 0.66667 281.14583
420.00000 0.66667 276.87500
421.00000 0.66667 302.50000
422.00000 0.66667 272.60417
423.00000 0.66667 246.01168
424.00000 0.66667 237.47001
425.00000 0.66667 336.66667
426.00000 0.66667 340.93750
427.00000 0.66667 345.20833
428.00000 0.66667 349.47917
429.00000 0.66667 353.75000
430.00000 0.66667 200.00000
431.00000 0.66667 241.74085
432.00000 0.66667 203.30335
433.00000 0.66667 211.84501
434.00000 0.66667 216.11585
435.00000 0.66667 220.38668
436.00000 0.66667 224.65751
437.00000 0.66667 228.92835
438.00000 0.66667 233.19918
439.00000 0.66667 207.57418
440.00000 0.66667 268.33333
441.00000 0.66667 328.12500
442.00000 0.66667 259.79167
443.00000 0.66667 200.00427
444.00000 0.66667 204.27083
445.00000 0.66667 208.54167
446.00000 0.66667 212.81250
447.00000 0.66667 217.08333
448.00000 0.66667 221.35417
449.00000 0.66667 225.62500
450.00000 0.66667 264.06250
451.00000 0.66667 234.16667
452.00000 0.66667 238.43750
453.00000 0.66667 242.70833
454.00000 0.66667 246.97917
455.00000 0.66667 251.25000
456.00000 0.66667 255.52083
457.00000 0.66667 229.89583
458.00000 0.66668 438.19918
459.00000 0.66668 433.92834
460.00000 0.66668 429.65751
461.00000 0.66668 421.11584
462.00000 0.66668 416.84501
463.00000 0.66668 425.38668
464.00000 0.66669 451.01168
465.00000 0.66669 442.47001
466.00000 0.66669 446.74084
467.00000 0.66670 459.55334
468.00000 0.66670 463.82418
469.00000 0.66670 455.28251
470.00000 0.66671 468.09501
471.00000 0.66671 472.36584
472.00000 0.66672 476.63668
473.00000 0.66672 480.90751
474.00000 0.66673 485.17834
475.00000 0.66674 489.44918
476.00000 0.66675 497.99084
477.00000 0.66675 493.72001
478.00000 0.66676 502.26168
479.00000 0.66677 506.53251
480.00000 0.66678 510.80334
481.00000 0.66679 515.07418
482.00000 0.66681 519.34501
483.00000 0.66682 523.61584
484.00000 0.66684 527.88668
485.00000 0.66685 532.15751
486.00000 0.66687 1911.50857
487.00000 0.66687 536.42834
488.00000 0.66688 540.69918
489.00000 0.66690 544.97001
490.00000 0.66692 549.24084
491.00000 0.66695 553.51168
492.00000 0.66697 557.78251
493.00000 0.66699 562.05334
494.00000 0.66702 566.32418
495.00000 0.66705 570.59501
496.00000 0.66708 574.86584
497.00000 0.66711 579.13668
498.00000 0.66714 583.40751
499.00000 0.66718 587.67834
500.00000 0.66721 591.94918
501.00000 0.66725 596.22001
502.00000 0.66729 600.49084
503.00000 0.66734 604.76168
504.00000 0.66738 609.03251
505.00000 0.66743 613.30334
506.00000 0.66748 617.57418
507.00000 0.66754 621.84501
508.00000 0.66756 1915.77941
509.00000 0.66759 626.11584
510.00000 0.66765 630.38668
511.00000 0.66771 634.65751
512.00000 0.66777 638.92834
513.00000 0.66784 643.19918
514.00000 0.66791 647.47001
515.00000 0.66798 651.74084
516.00000 0.66806 656.01168
517.00000 0.66814 660.28251
518.00000 0.66822 664.55334
519.00000 0.66831 668.82418
520.00000 0.66839 1920.05024
521.00000 0.66840 673.09501
522.00000 0.66849 677.36584
523.00000 0.66858 681.63668
524.00000 0.66868 685.90751
525.00000 0.66879 690.17834
526.00000 0.66890 694.44918
527.00000 0.66901 698.72001
528.00000 0.66912 702.99084
529.00000 0.66924 707.26168
530.00000 0.66937 711.53251
531.00000 0.66943 1924.32107
532.00000 0.66950 715.80334
533.00000 0.66963 720.07418
534.00000 0.66976 724.34501
535.00000 0.66991 728.61584
536.00000 0.67005 732.88668
537.00000 0.67020 737.15751
538.00000 0.67036 741.42834
539.00000 0.67052 745.69918
540.00000 0.67068 749.97001
541.00000 0.67085 754.24084
542.00000 0.67098 1928.59191
543.00000 0.67102 758.51168
544.00000 0.67118 1928.98016
545.00000 0.67120 762.78251
546.00000 0.67139 767.05334
547.00000 0.67157 771.32418
548.00000 0.67164 1929.75668
549.00000 0.67174 1929.89786
550.00000 0.67177 775.59501
551.00000 0.67196 1930.18023
552.00000 0.67197 779.86584
553.00000 0.67217 784.13667
554.00000 0.67238 788.40751
555.00000 0.67252 1930.74497
556.00000 0.67259 792.67834
557.00000 0.67265 1930.84765
558.00000 0.67281 796.94917
559.00000 0.67301 1931.05301
560.00000 0.67304 801.22001
561.00000 0.67310 1931.09035
562.00000 0.67327 805.49084
563.00000 0.67336 1931.16502
564.00000 0.67343 1931.17860
565.00000 0.67346 1931.18292
566.00000 0.67350 809.76167
567.00000 0.67353 1931.18972
568.00000 0.67365 1931.19604
569.00000 0.67374 814.03251
570.00000 0.67389 1931.17942
571.00000 0.67399 818.30334
572.00000 0.67424 822.57417
573.00000 0.67439 1931.02850
574.00000 0.67450 826.84501
575.00000 0.67476 831.11584
576.00000 0.67490 1930.71947
577.00000 0.67503 835.38667
578.00000 0.67530 839.65751
579.00000 0.67558 843.92834
580.00000 0.67586 848.19917
581.00000 0.67595 1929.62082
582.00000 0.67615 852.47001
583.00000 0.67644 856.74084
584.00000 0.67674 861.01167
585.00000 0.67704 865.28251
586.00000 0.67735 869.55334
587.00000 0.67767 873.82417
588.00000 0.67799 878.09501
589.00000 0.67819 1925.45315
590.00000 0.67831 882.36584
591.00000 0.67864 886.63667
592.00000 0.67898 890.90751
593.00000 0.67932 895.17834
594.00000 0.67939 1922.35449
595.00000 0.67966 899.44917
596.00000 0.68001 903.72001
597.00000 0.68037 907.99084
598.00000 0.68064 1918.55813
599.00000 0.68073 912.26167
600.00000 0.68109 916.53251
601.00000 0.68117 1916.82021
602.00000 0.68146 920.80334
603.00000 0.68183 925.07417
604.00000 0.68215 1913.34438
605.00000 0.68221 929.34501
606.00000 0.68259 933.61584
607.00000 0.68297 937.88667
608.00000 0.68327 1909.07354
609.00000 0.68336 942.15751
610.00000 0.68375 946.42834
611.00000 0.68415 950.69917
612.00000 0.68433 1904.80271
613.00000 0.68455 954.97001
614.00000 0.68495 959.24084
615.00000 0.68532 1900.53188
616.00000 0.68536 963.51167
617.00000 0.68577 967.78251
618.00000 0.68618 972.05334
619.00000 0.68628 1896.26104
620.00000 0.68659 976.32417
621.00000 0.68701 980.59501
622.00000 0.68720 1891.99021
623.00000 0.68743 984.86584
624.00000 0.68785 989.13667
625.00000 0.68810 1887.71938
626.00000 0.68828 993.40751
627.00000 0.68870 997.67834
628.00000 0.68897 1883.44854
629.00000 0.68913 1001.94917
630.00000 0.68955 1006.22001
631.00000 0.68983 1879.17771
632.00000 0.68998 1010.49084
633.00000 0.69041 1014.76167
634.00000 0.69067 1874.90688
635.00000 0.69084 1019.03251
636.00000 0.69127 1023.30334
637.00000 0.69149 1870.63604
638.00000 0.69170 1027.57417
639.00000 0.69213 1031.84501
640.00000 0.69231 1866.36521
641.00000 0.69256 1036.11584
642.00000 0.69299 1040.38667
643.00000 0.69311 1862.09438
644.00000 0.69342 1044.65751
645.00000 0.69384 1048.92834
646.00000 0.69391 1857.82354
647.00000 0.69427 1053.19917
648.00000 0.69469 1853.55271
649.00000 0.69470 1057.47001
650.00000 0.69513 1061.74084
651.00000 0.69548 1849.28188
652.00000 0.69555 1066.01167
653.00000 0.69598 1070.28251
654.00000 0.69625 1845.01104
655.00000 0.69641 1074.55334
656.00000 0.69684 1078.82417
657.00000 0.69702 1840.74021
658.00000 0.69727 1083.09501
659.00000 0.69770 1087.36584
660.00000 0.69779 1836.46938
661.00000 0.69812 1091.63667
662.00000 0.69855 1832.19854
663.00000 0.69855 1095.90751
664.00000 0.69898 1100.17834
665.00000 0.69931 1827.92771
666.00000 0.69941 1104.44917
667.00000 0.69984 1108.72001
668.00000 0.70007 1823.65688
669.00000 0.70027 1112.99084
670.00000 0.70070 1117.26167
671.00000 0.70082 1819.38604
672.00000 0.70113 1121.53251
673.00000 0.70156 1125.80334
674.00000 0.70157 1815.11521
675.00000 0.70198 1130.07417
676.00000 0.70233 1810.84438
677.00000 0.70241 1134.34501
678.00000 0.70284 1138.61584
679.00000 0.70308 1806.57354
680.00000 0.70327 1142.88667
681.00000 0.70370 1147.15751
682.00000 0.70383 1802.30271
683.00000 0.70413 1151.42834
684.00000 0.70456 1155.69917
685.00000 0.70457 1798.03188
686.00000 0.70498 1159.97001
687.00000 0.70532 1793.76104
688.00000 0.70541 1164.24084
689.00000 0.70584 1168.51167
690.00000 0.70607 1789.49021
691.00000 0.70627 1172.78251
692.00000 0.70669 1177.05334
693.00000 0.70682 1785.21938
694.00000 0.70712 1181.32417
695.00000 0.70755 1185.59501
696.00000 0.70757 1780.94854
697.00000 0.70797 1189.86584
698.00000 0.70832 1776.67771
699.00000 0.70840 1194.13667
700.00000 0.70882 1198.40751
701.00000 0.70907 1772.40688
702.00000 0.70925 1202.67834
703.00000 0.70967 1206.94917
704.00000 0.70967 1206.94917
705.00000 0.70967 1206.94490
706.00000 0.70983 1768.13604
707.00000 0.70994 1209.91327
708.00000 0.71033 1214.18410
709.00000 0.71058 1763.86521
710.00000 0.71071 1218.45493
711.00000 0.71110 1222.72577
712.00000 0.71134 1759.59438
713.00000 0.71149 1226.99660
714.00000 0.71188 1231.26743
715.00000 0.71210 1755.32354
716.00000 0.71226 1235.53827
717.00000 0.71265 1239.80910
718.00000 0.71286 1751.05271
719.00000 0.71304 1244.07993
720.00000 0.71343 1248.35077
721.00000 0.71362 1746.78188
722.00000 0.71382 1252.62160
723.00000 0.71421 1256.89243
724.00000 0.71438 1742.51104
725.00000 0.71461 1261.16327
726.00000 0.71500 1265.43410
727.00000 0.71515 1738.24021
728.00000 0.71539 1269.70493
729.00000 0.71578 1273.97577
730.00000 0.71592 1733.96938
731.00000 0.71617 1278.24660
732.00000 0.71657 1282.51743
733.00000 0.71669 1729.69854
734.00000 0.71696 1286.78827
735.00000 0.71735 1291.05910
736.00000 0.71746 1725.42771
737.00000 0.71775 1295.32993
738.00000 0.71814 1299.60077
739.00000 0.71824 1721.15688
740.00000 0.71854 1303.87160
741.00000 0.71893 1308.14243
742.00000 0.71902 1716.88604
743.00000 0.71933 1312.41327
744.00000 0.71972 1316.68410
745.00000 0.71981 1712.61521
746.00000 0.72011 1320.95493
747.00000 0.72051 1325.22577
748.00000 0.72059 1708.34438
749.00000 0.72090 1329.49660
750.00000 0.72130 1333.76743
751.00000 0.72139 1704.07355
752.00000 0.72169 1338.03827
753.00000 0.72209 1342.30910
754.00000 0.72218 1699.80271
755.00000 0.72249 1346.57993
756.00000 0.72288 1350.85077
757.00000 0.72298 1695.53188
758.00000 0.72327 1355.12160
759.00000 0.72367 1359.39243
760.00000 0.72378 1691.26105
761.00000 0.72406 1363.66327
762.00000 0.72446 1367.93410
763.00000 0.72459 1686.99021
764.00000 0.72485 1372.20493
765.00000 0.72525 1376.47577
766.00000 0.72540 1682.71938
767.00000 0.72564 1380.74660
768.00000 0.72604 1385.01743
769.00000 0.72622 1678.44855
770.00000 0.72643 1389.28826
771.00000 0.72682 1393.55910
772.00000 0.72704 1674.17771
773.00000 0.72722 1397.82993
774.00000 0.72761 1402.10076
775.00000 0.72786 1669.90688
776.00000 0.72800 1406.37160
777.00000 0.72839 1410.64243
778.00000 0.72869 1665.63605
779.00000 0.72878 1414.91326
780.00000 0.72918 1419.18410
781.00000 0.72953 1661.36521
782.00000 0.72957 1423.45493
783.00000 0.72996 1427.72576
784.00000 0.73035 1431.99660
785.00000 0.73037 1657.09438
786.00000 0.73074 1436.26743
787.00000 0.73112 1440.53826
788.00000 0.73121 1652.82355
789.00000 0.73151 1444.80910
790.00000 0.73190 1449.07993
791.00000 0.73206 1648.55271
792.00000 0.73229 1453.35076
793.00000 0.73267 1457.62160
794.00000 0.73292 1644.28188
795.00000 0.73306 1461.89243
796.00000 0.73344 1466.16326
797.00000 0.73378 1640.01105
798.00000 0.73383 1470.43410
799.00000 0.73421 1474.70493
800.00000 0.73460 1478.97576
801.00000 0.73465 1635.74021
802.00000 0.73498 1483.24660
803.00000 0.73536 1487.51743
804.00000 0.73552 1631.46938
805.00000 0.73574 1491.78826
806.00000 0.73612 1496.05910
807.00000 0.73640 1627.19855
808.00000 0.73650 1500.32993
809.00000 0.73688 1504.60076
810.00000 0.73725 1508.87160
811.00000 0.73729 1622.92771
812.00000 0.73763 1513.14243
813.00000 0.73800 1517.41326
814.00000 0.73818 1618.65688
815.00000 0.73823 1618.43002
816.00000 0.73838 1521.68410
817.00000 0.73875 1525.95493
818.00000 0.73912 1530.22576
819.00000 0.73950 1534.49660
820.00000 0.73987 1538.76316
821.00000 0.73987 1538.76743
822.00000 0.75986 1618.43002
823.00000 0.76026 1616.91012
824.00000 0.76137 1612.63929
825.00000 0.76249 1608.36845
826.00000 0.76296 1538.76743
827.00000 0.76296 1538.77170
828.00000 0.76330 1543.03826
829.00000 0.76362 1604.09762
830.00000 0.76364 1547.30910
831.00000 0.76398 1551.57993
832.00000 0.76431 1555.85076
833.00000 0.76464 1560.12160
834.00000 0.76475 1599.82679
835.00000 0.76497 1564.39243
836.00000 0.76530 1568.66326
837.00000 0.76563 1572.93410
838.00000 0.76588 1595.55595
839.00000 0.76596 1577.20493
840.00000 0.76628 1581.47576
841.00000 0.76661 1585.74660
842.00000 0.76693 1590.01743
843.00000 0.76702 1591.28512
844.00000 0.76702 1591.28512
845.00000 0.76702 1591.28939
