0.00000 0.00000 2108.00000
1.00000 0.00000 1187.00000
2.00000 0.00000 1184.00000
3.00000 0.00000 1181.00000
4.00000 0.00000 1178.00000
5.00000 0.00000 1175.00000
6.00000 0.00000 1172.00000
7.00000 0.00000 1169.00000
8.00000 0.00000 1166.00000
9.00000 0.00000 1163.00000
10.00000 0.00000 1160.00000
11.00000 0.00000 1157.00000
12.00000 0.00000 1190.00000
13.00000 0.00000 1154.00000
14.00000 0.00000 1148.00000
15.00000 0.00000 1145.00000
16.00000 0.00000 1142.00000
17.00000 0.00000 1139.00000
18.00000 0.00000 1138.99687
19.00000 0.00000 1138.99687
20.00000 0.00000 1138.99686
21.00000 0.00000 1138.99685
22.00000 0.00000 1138.99682
23.00000 0.00000 1138.99680
24.00000 0.00000 1138.99672
25.00000 0.00000 1151.00000
26.00000 0.00000 1193.00000
27.00000 0.00000 1196.00000
28.00000 0.00000 1199.00000
29.00000 0.00000 1274.00000
30.00000 0.00000 1271.00000
31.00000 0.00000 1268.00000
32.00000 0.00000 1265.00000
33.00000 0.00000 1262.00000
34.00000 0.00000 1259.00000
35.00000 0.00000 1256.00000
36.00000 0.00000 1253.00000
37.00000 0.00000 1250.00000
38.00000 0.00000 1247.00000
39.00000 0.00000 1244.00000
40.00000 0.00000 1241.00000
41.00000 0.00000 1238.00000
42.00000 0.00000 1235.00000
43.00000 0.00000 1232.00000
44.00000 0.00000 1229.00000
45.00000 0.00000 1226.00000
46.00000 0.00000 1223.00000
47.00000 0.00000 1220.00000
48.00000 0.00000 1217.00000
49.00000 0.00000 1214.00000
50.00000 0.00000 1211.00000
51.00000 0.00000 1208.00000
52.00000 0.00000 1205.00000
53.00000 0.00000 1202.00000
54.00000 0.00000 1138.99667
55.00000 0.00000 1277.00000
56.00000 0.00000 1138.99644
57.00000 0.00000 1138.99448
58.00000 0.00000 1706.00000
59.00000 0.00000 1709.00000
60.00000 0.00000 1712.00000
61.00000 0.00000 1715.00000
62.00000 0.00000 1718.00000
63.00000 0.00000 1721.00000
64.00000 0.00000 1724.00000
65.00000 0.00000 1727.00000
66.00000 0.00000 1730.00000
67.00000 0.00000 1733.00000
68.00000 0.00000 1736.00000
69.00000 0.00000 1703.00000
70.00000 0.00000 1739.00000
71.00000 0.00000 1745.00000
72.00000 0.00000 1748.00000
73.00000 0.00000 1751.00000
74.00000 0.00000 1754.00000
75.00000 0.00000 1757.00000
76.00000 0.00000 1760.00000
77.00000 0.00000 1763.00000
78.00000 0.00000 1766.00000
79.00000 0.00000 1769.00000
80.00000 0.00000 1772.00000
81.00000 0.00000 1775.00000
82.00000 0.00000 1742.00000
83.00000 0.00000 1700.00000
84.00000 0.00000 1697.00000
85.00000 0.00000 1694.00000
86.00000 0.00000 1138.99415
87.00000 0.00000 1138.99236
88.00000 0.00000 1625.00000
89.00000 0.00000 1628.00000
90.00000 0.00000 1631.00000
91.00000 0.00000 1634.00000
92.00000 0.00000 1637.00000
93.00000 0.00000 1640.00000
94.00000 0.00000 1643.00000
95.00000 0.00000 1646.00000
96.00000 0.00000 1649.00000
97.00000 0.00000 1652.00000
98.00000 0.00000 1655.00000
99.00000 0.00000 1658.00000
100.00000 0.00000 1661.00000
101.00000 0.00000 1664.00000
102.00000 0.00000 1667.00000
103.00000 0.00000 1670.00000
104.00000 0.00000 1673.00000
105.00000 0.00000 1619.00000
106.00000 0.00000 1679.00000
107.00000 0.00000 1682.00000
108.00000 0.00000 1685.00000
109.00000 0.00000 1688.00000
110.00000 0.00000 1691.00000
111.00000 0.00000 1138.99513
112.00000 0.00000 1778.00000
113.00000 0.00000 1280.00000
114.00000 0.00000 1286.00000
115.00000 0.00000 1529.00000
116.00000 0.00000 1526.00000
117.00000 0.00000 1523.00000
118.00000 0.00000 1520.00000
119.00000 0.00000 1517.00000
120.00000 0.00000 1514.00000
121.00000 0.00000 1511.00000
122.00000 0.00000 1508.00000
123.00000 0.00000 1505.00000
124.00000 0.00000 1502.00000
125.00000 0.00000 1499.00000
126.00000 0.00000 1532.00000
127.00000 0.00000 1496.00000
128.00000 0.00000 1490.00000
129.00000 0.00000 1487.00000
130.00000 0.00000 1484.00000
131.00000 0.00000 1481.00000
132.00000 0.00000 1478.00000
133.00000 0.00000 1475.00000
134.00000 0.00000 1472.00000
135.00000 0.00000 1469.00000
136.00000 0.00000 1466.00000
137.00000 0.00000 1463.00000
138.00000 0.00000 1460.00000
139.00000 0.00000 1493.00000
140.00000 0.00000 1535.00000
141.00000 0.00000 1538.00000
142.00000 0.00000 1541.00000
143.00000 0.00000 1616.00000
144.00000 0.00000 1613.00000
145.00000 0.00000 1610.00000
146.00000 0.00000 1607.00000
147.00000 0.00000 1604.00000
148.00000 0.00000 1601.00000
149.00000 0.00000 1598.00000
150.00000 0.00000 1595.00000
151.00000 0.00000 1592.00000
152.00000 0.00000 1589.00000
153.00000 0.00000 1586.00000
154.00000 0.00000 1583.00000
155.00000 0.00000 1580.00000
156.00000 0.00000 1577.00000
157.00000 0.00000 1574.00000
158.00000 0.00000 1571.00000
159.00000 0.00000 1568.00000
160.00000 0.00000 1565.00000
161.00000 0.00000 1562.00000
162.00000 0.00000 1559.00000
163.00000 0.00000 1556.00000
164.00000 0.00000 1553.00000
165.00000 0.00000 1550.00000
166.00000 0.00000 1547.00000
167.00000 0.00000 1544.00000
168.00000 0.00000 1457.00000
169.00000 0.00000 1283.00000
170.00000 0.00000 1454.00000
171.00000 0.00000 1448.00000
172.00000 0.00000 1358.00000
173.00000 0.00000 1355.00000
174.00000 0.00000 1352.00000
175.00000 0.00000 1349.00000
176.00000 0.00000 1346.00000
177.00000 0.00000 1343.00000
178.00000 0.00000 1340.00000
179.00000 0.00000 1337.00000
180.00000 0.00000 1334.00000
181.00000 0.00000 1331.00000
182.00000 0.00000 1328.00000
183.00000 0.00000 1361.00000
184.00000 0.00000 1325.00000
185.00000 0.00000 1319.00000
186.00000 0.00000 1316.00000
187.00000 0.00000 1313.00000
188.00000 0.00000 1310.00000
189.00000 0.00000 1307.00000
190.00000 0.00000 1304.00000
191.00000 0.00000 1301.00000
192.00000 0.00000 1298.00000
193.00000 0.00000 1295.00000
194.00000 0.00000 1292.00000
195.00000 0.00000 1289.00000
196.00000 0.00000 1322.00000
197.00000 0.00000 1364.00000
198.00000 0.00000 1367.00000
199.00000 0.00000 1370.00000
200.00000 0.00000 1445.00000
201.00000 0.00000 1442.00000
202.00000 0.00000 1439.00000
203.00000 0.00000 1436.00000
204.00000 0.00000 1433.00000
205.00000 0.00000 1430.00000
206.00000 0.00000 1427.00000
207.00000 0.00000 1424.00000
208.00000 0.00000 1421.00000
209.00000 0.00000 1418.00000
210.00000 0.00000 1415.00000
211.00000 0.00000 1412.00000
212.00000 0.00000 1409.00000
213.00000 0.00000 1406.00000
214.00000 0.00000 1403.00000
215.00000 0.00000 1400.00000
216.00000 0.00000 1397.00000
217.00000 0.00000 1394.00000
218.00000 0.00000 1391.00000
219.00000 0.00000 1388.00000
220.00000 0.00000 1385.00000
221.00000 0.00000 1382.00000
222.00000 0.00000 1379.00000
223.00000 0.00000 1376.00000
224.00000 0.00000 1373.00000
225.00000 0.00000 1451.00000
226.00000 0.00000 1781.00000
227.00000 0.00000 1676.00000
228.00000 0.00000 1787.00000
229.00000 0.00000 2006.00000
230.00000 0.00000 2009.00000
231.00000 0.00000 2012.00000
232.00000 0.00000 2015.00000
233.00000 0.00000 2018.00000
234.00000 0.00000 1784.00000
235.00000 0.00000 2003.00000
236.00000 0.00000 2024.00000
237.00000 0.00000 2030.00000
238.00000 0.00000 2033.00000
239.00000 0.00000 2036.00000
240.00000 0.00000 2039.00000
241.00000 0.00000 2042.00000
242.00000 0.00000 2045.00000
243.00000 0.00000 2027.00000
244.00000 0.00000 2048.00000
245.00000 0.00000 2000.00000
246.00000 0.00000 1994.00000
247.00000 0.00000 1952.00000
248.00000 0.00000 1955.00000
249.00000 0.00000 1958.00000
250.00000 0.00000 1961.00000
251.00000 0.00000 1964.00000
252.00000 0.00000 1967.00000
253.00000 0.00000 1997.00000
254.00000 0.00000 1970.00000
255.00000 0.00000 1976.00000
256.00000 0.00000 1979.00000
257.00000 0.00000 1982.00000
258.00000 0.00000 1985.00000
259.00000 0.00000 1988.00000
260.00000 0.00000 1991.00000
261.00000 0.00000 1973.00000
262.00000 0.00000 2051.00000
263.00000 0.00000 2054.00000
264.00000 0.00000 2057.00000
265.00000 0.00000 2120.00000
266.00000 0.00000 2127.86678
267.00000 0.00000 2127.86678
268.00000 0.00000 2127.86676
269.00000 0.00000 2127.86675
270.00000 0.00000 2127.86675
271.00000 0.00000 2117.00000
272.00000 0.00000 2127.86672
273.00000 0.00000 2127.86662
274.00000 0.00000 2127.86658
275.00000 0.00000 2127.86635
276.00000 0.00000 2127.86624
277.00000 0.00000 2127.86619
278.00000 0.00000 2123.00000
279.00000 0.00000 2127.86670
280.00000 0.00000 2114.00000
281.00000 0.00000 2111.00000
282.00000 0.00000 2105.00000
283.00000 0.00000 2060.00000
284.00000 0.00000 2063.00000
285.00000 0.00000 2066.00000
286.00000 0.00000 2069.00000
287.00000 0.00000 2072.00000
288.00000 0.00000 2075.00000
289.00000 0.00000 2078.00000
290.00000 0.00000 2081.00000
291.00000 0.00000 2084.00000
292.00000 0.00000 2087.00000
293.00000 0.00000 2090.00000
294.00000 0.00000 2093.00000
295.00000 0.00000 2096.00000
296.00000 0.00000 2099.00000
297.00000 0.00000 2102.00000
298.00000 0.00000 1949.00000
299.00000 0.00000 1946.00000
300.00000 0.00000 2021.00000
301.00000 0.00000 1817.00000
302.00000 0.00000 1874.00000
303.00000 0.00000 1877.00000
304.00000 0.00000 1880.00000
305.00000 0.00000 1883.00000
306.00000 0.00000 1886.00000
307.00000 0.00000 1889.00000
308.00000 0.00000 1892.00000
309.00000 0.00000 1895.00000
310.00000 0.00000 1898.00000
311.00000 0.00000 1901.00000
312.00000 0.00000 1871.00000
313.00000 0.00000 1904.00000
314.00000 0.00000 1910.00000
315.00000 0.00000 1913.00000
316.00000 0.00000 1916.00000
317.00000 0.00000 1919.00000
318.00000 0.00000 1922.00000
319.00000 0.00000 1925.00000
320.00000 0.00000 1928.00000
321.00000 0.00000 1931.00000
322.00000 0.00000 1934.00000
323.00000 0.00000 1937.00000
324.00000 0.00000 1907.00000
325.00000 0.00000 1868.00000
326.00000 0.00000 1865.00000
327.00000 0.00000 1862.00000
328.00000 0.00000 1790.00000
329.00000 0.00000 1793.00000
330.00000 0.00000 1796.00000
331.00000 0.00000 1799.00000
332.00000 0.00000 1802.00000
333.00000 0.00000 1805.00000
334.00000 0.00000 1808.00000
335.00000 0.00000 1811.00000
336.00000 0.00000 1814.00000
337.00000 0.00000 1820.00000
338.00000 0.00000 1823.00000
339.00000 0.00000 1826.00000
340.00000 0.00000 1829.00000
341.00000 0.00000 1832.00000
342.00000 0.00000 1835.00000
343.00000 0.00000 1838.00000
344.00000 0.00000 1841.00000
345.00000 0.00000 1844.00000
346.00000 0.00000 1847.00000
347.00000 0.00000 1850.00000
348.00000 0.00000 1853.00000
349.00000 0.00000 1856.00000
350.00000 0.00000 1859.00000
351.00000 0.00000 1940.00000
352.00000 0.00000 1943.00000
353.00000 0.00000 1622.00000
354.00000 0.00001 1138.98248
355.00000 0.00001 1138.97754
356.00000 0.00001 1138.97508
357.00000 0.00002 1138.96150
358.00000 0.00002 2127.82885
359.00000 0.00002 1138.95471
360.00000 0.00003 1138.91737
361.00000 0.00004 2127.80084
362.00000 0.00004 2127.81018
363.00000 0.00008 2127.74950
364.00000 0.00012 1138.71201
365.00000 0.00017 1138.60933
366.00000 0.00026 2127.46713
367.00000 0.00035 2127.32595
368.00000 0.00041 1138.04459
369.00000 0.00054 1137.76222
370.00000 0.00060 1137.62104
371.00000 0.00085 2126.54943
372.00000 0.00093 1136.84453
373.00000 0.00110 1136.45627
374.00000 0.00110 2126.16118
375.00000 0.00298 1132.18543
376.00000 0.00393 2121.89034
377.00000 0.00488 1127.91460
378.00000 0.00681 1123.64377
379.00000 0.00686 2117.61951
380.00000 0.00876 1119.37293
381.00000 0.00990 2113.34868
382.00000 0.01075 1115.10210
383.00000 0.01276 1110.83127
384.00000 0.01307 2109.07784
385.00000 0.01480 1106.56043
386.00000 0.01636 2104.80701
387.00000 0.01687 1102.28960
388.00000 0.01897 1098.01877
389.00000 0.01979 2100.53618
390.00000 0.02110 1093.74793
391.00000 0.02326 1089.47710
392.00000 0.02338 2096.26534
393.00000 0.02545 1085.20627
394.00000 0.02713 2091.99451
395.00000 0.02768 1080.93543
396.00000 0.02994 1076.66460
397.00000 0.03106 2087.72368
398.00000 0.03224 1072.39377
399.00000 0.03457 1068.12293
400.00000 0.03518 2083.45284
401.00000 0.03694 1063.85210
402.00000 0.03935 1059.58127
403.00000 0.03953 2079.18201
404.00000 0.04179 1055.31043
405.00000 0.04411 2074.91118
406.00000 0.04428 1051.03960
407.00000 0.04681 1046.76877
408.00000 0.04896 2070.64034
409.00000 0.04938 1042.49793
410.00000 0.05199 1038.22710
411.00000 0.05411 2066.36951
412.00000 0.05465 1033.95627
413.00000 0.05681 2064.23409
414.00000 0.05735 1029.68543
415.00000 0.06010 1025.41460
416.00000 0.06254 2059.93011
417.00000 0.06290 1021.14377
418.00000 0.06576 1016.87294
419.00000 0.06838 2055.84438
420.00000 0.06866 1012.60210
421.00000 0.07163 1008.33127
422.00000 0.07432 2051.97568
423.00000 0.07464 1004.06044
424.00000 0.07772 999.78960
425.00000 0.08037 2048.32246
426.00000 0.08086 995.51877
427.00000 0.08406 991.24794
428.00000 0.08653 2044.88284
429.00000 0.08734 986.97710
430.00000 0.09068 982.70627
431.00000 0.09279 2041.65464
432.00000 0.09409 978.43544
433.00000 0.09758 974.16460
434.00000 0.09915 2038.63543
435.00000 0.10115 969.89377
436.00000 0.10481 965.62294
437.00000 0.10560 2035.82253
438.00000 0.10856 961.35210
439.00000 0.11216 2033.21304
440.00000 0.11239 957.08127
441.00000 0.11633 952.81044
442.00000 0.12038 948.53960
443.00000 0.12453 944.26877
444.00000 0.12557 2028.59180
445.00000 0.12881 939.99794
446.00000 0.13321 935.72710
447.00000 0.13775 931.45627
448.00000 0.13936 2024.74510
449.00000 0.14243 927.18544
450.00000 0.14728 922.91460
451.00000 0.15230 918.64377
452.00000 0.15351 2021.64415
453.00000 0.15750 914.37294
454.00000 0.16291 910.10210
455.00000 0.16803 2019.25855
456.00000 0.16855 905.83127
457.00000 0.17444 901.56044
458.00000 0.18062 897.28960
459.00000 0.18289 2017.55671
460.00000 0.18711 893.02304
461.00000 0.18712 893.01877
462.00000 0.20641 2016.19895
463.00000 0.21846 2016.06119
464.00000 0.22456 2016.12108
465.00000 0.22762 2016.18240
466.00000 0.22916 2016.22081
467.00000 0.23255 2016.32349
468.00000 0.23400 2016.37483
469.00000 0.24050 2016.65720
470.00000 0.26251 2018.21023
471.00000 0.27053 2018.98674
472.00000 0.27418 2019.37500
473.00000 0.29163 2021.51042
474.00000 0.30635 2023.64584
475.00000 0.31944 2025.78125
476.00000 0.33142 2027.91667
477.00000 0.35311 2032.18750
478.00000 0.37267 2036.45833
479.00000 0.39072 2040.72917
480.00000 0.40760 2045.00000
481.00000 0.42351 2049.27083
482.00000 0.43861 2053.54167
483.00000 0.45297 2057.81250
484.00000 0.46668 2062.08333
485.00000 0.47979 2066.35417
486.00000 0.49233 2070.62500
487.00000 0.50434 2074.89583
488.00000 0.51586 2079.16667
489.00000 0.52689 2083.43750
490.00000 0.53748 2087.70833
491.00000 0.54763 2091.97917
492.00000 0.55738 2096.25000
493.00000 0.56673 2100.52083
494.00000 0.57571 2104.79167
495.00000 0.58434 2109.06250
496.00000 0.59264 2113.33333
497.00000 0.60062 2117.60417
498.00000 0.60829 2121.87500
499.00000 0.61568 2126.14583
500.00000 0.62280 2130.41667
501.00000 0.62967 2134.68750
502.00000 0.63629 2138.95833
503.00000 0.64268 2143.22917
504.00000 0.64886 2147.50000
505.00000 0.65483 2151.77083
506.00000 0.66060 2156.04167
507.00000 0.66619 2160.31250
508.00000 0.67161 2164.58333
509.00000 0.67686 2168.85417
510.00000 0.68195 2173.12500
511.00000 0.68690 2177.39583
512.00000 0.69170 2181.66667
513.00000 0.69637 2185.93750
514.00000 0.70091 2190.20833
515.00000 0.70533 2194.47917
516.00000 0.70964 2198.75000
517.00000 0.71383 2203.02083
518.00000 0.71792 2207.29167
519.00000 0.72191 2211.56250
520.00000 0.72581 2215.83333
521.00000 0.72962 2220.10417
522.00000 0.73333 2224.37500
523.00000 0.73697 2228.64583
524.00000 0.74053 2232.91667
525.00000 0.74401 2237.18750
526.00000 0.74742 2241.45833
527.00000 0.75076 2245.72917
528.00000 0.75076 2245.72490
529.00000 0.92109 893.01877
530.00000 0.92168 891.87499
531.00000 0.92383 887.60416
532.00000 0.92592 883.33333
533.00000 0.92794 879.06249
534.00000 0.92991 874.79166
535.00000 0.93181 870.52083
536.00000 0.93366 866.24999
537.00000 0.93546 861.97916
538.00000 0.93721 857.70833
539.00000 0.93891 853.43749
540.00000 0.94056 849.16666
541.00000 0.94217 844.89583
542.00000 0.94374 840.62500
543.00000 0.94526 836.35416
544.00000 0.94675 832.08333
545.00000 0.94820 827.81250
546.00000 0.94961 823.54166
547.00000 0.95099 819.27083
548.00000 0.95233 815.00000
549.00000 0.95364 810.72916
550.00000 0.95492 806.45833
551.00000 0.95617 802.18750
552.00000 0.95739 797.91666
553.00000 0.95858 793.64583
554.00000 0.95974 789.37500
555.00000 0.96087 785.10416
556.00000 0.96197 780.83333
557.00000 0.96305 776.56250
558.00000 0.96411 772.29166
559.00000 0.96514 768.02083
560.00000 0.96614 763.75000
561.00000 0.96712 759.47916
562.00000 0.96808 755.20833
563.00000 0.96902 750.93750
564.00000 0.96993 746.66666
565.00000 0.97083 742.39583
566.00000 0.97170 738.12500
567.00000 0.97255 733.85416
568.00000 0.97338 729.58333
569.00000 0.97419 725.31250
570.00000 0.97499 721.04166
571.00000 0.97576 716.77083
572.00000 0.97652 712.50000
573.00000 0.97726 708.22916
574.00000 0.97798 703.95833
575.00000 0.97868 699.68750
576.00000 0.97937 695.41666
577.00000 0.98004 691.14583
578.00000 0.98069 686.87500
579.00000 0.98133 682.60416
580.00000 0.98195 678.33333
581.00000 0.98256 674.06250
582.00000 0.98315 669.79166
583.00000 0.98373 665.52083
584.00000 0.98429 661.25000
585.00000 0.98484 656.97916
586.00000 0.98537 652.70833
587.00000 0.98589 648.43750
588.00000 0.98640 644.16666
589.00000 0.98689 639.89583
590.00000 0.98737 635.62500
591.00000 0.98784 631.35416
592.00000 0.98829 627.08333
593.00000 0.98874 622.81250
594.00000 0.98917 618.54166
595.00000 0.98959 614.27083
596.00000 0.98999 610.00000
597.00000 0.99039 605.72916
598.00000 0.99077 601.45833
599.00000 0.99115 597.18750
600.00000 0.99151 592.91666
601.00000 0.99186 588.64583
602.00000 0.99220 584.37500
603.00000 0.99253 580.10416
604.00000 0.99285 575.83333
605.00000 0.99317 571.56250
606.00000 0.99347 567.29166
607.00000 0.99376 563.02083
608.00000 0.99404 558.75000
609.00000 0.99431 554.47916
610.00000 0.99458 550.20833
611.00000 0.99483 545.93750
612.00000 0.99508 541.66666
613.00000 0.99532 537.39583
614.00000 0.99555 533.12500
615.00000 0.99577 528.85416
616.00000 0.99598 524.58333
617.00000 0.99619 520.31250
618.00000 0.99639 516.04166
619.00000 0.99658 511.77083
620.00000 0.99676 507.50000
621.00000 0.99694 503.22916
622.00000 0.99711 498.95833
623.00000 0.99727 494.68750
624.00000 0.99742 490.41666
625.00000 0.99757 486.14583
626.00000 0.99771 481.87500
627.00000 0.99785 477.60416
628.00000 0.99798 473.33333
629.00000 0.99811 469.06250
630.00000 0.99822 464.79166
631.00000 0.99834 460.52083
632.00000 0.99845 456.25000
633.00000 0.99855 451.97916
634.00000 0.99865 447.70833
635.00000 0.99874 443.43750
636.00000 0.99883 439.16666
637.00000 0.99891 434.89583
638.00000 0.99899 430.62500
639.00000 0.99906 426.35416
640.00000 0.99913 422.08333
641.00000 0.99920 417.81250
642.00000 0.99926 413.54166
643.00000 0.99932 409.27083
644.00000 0.99938 405.00000
645.00000 0.99943 400.72917
646.00000 0.99948 396.45833
647.00000 0.99952 392.18750
648.00000 0.99956 387.91667
649.00000 0.99960 383.64583
650.00000 0.99964 379.37500
651.00000 0.99967 375.10417
652.00000 0.99970 370.83333
653.00000 0.99973 366.56250
654.00000 0.99976 362.29167
655.00000 0.99978 358.02083
656.00000 0.99981 353.75000
657.00000 0.99983 349.47917
658.00000 0.99985 345.20833
659.00000 0.99986 340.93750
660.00000 0.99988 336.66667
661.00000 0.99989 332.39583
662.00000 0.99991 328.12500
663.00000 0.99992 323.85417
664.00000 0.99993 319.58333
665.00000 0.99994 315.31250
666.00000 0.99995 306.77083
667.00000 0.99995 311.04167
668.00000 0.99996 302.50000
669.00000 0.99997 298.22917
670.00000 0.99997 293.95833
671.00000 0.99997 289.68750
672.00000 0.99998 285.41667
673.00000 0.99998 281.14583
674.00000 0.99999 255.52083
675.00000 0.99999 259.79167
676.00000 0.99999 272.60417
677.00000 0.99999 268.33333
678.00000 0.99999 276.87500
679.00000 0.99999 264.06250
680.00000 1.00000 1532.00000
681.00000 1.00000 1535.00000
682.00000 1.00000 1538.00000
683.00000 1.00000 1541.00000
684.00000 1.00000 1544.00000
685.00000 1.00000 1529.00000
686.00000 1.00000 1547.00000
687.00000 1.00000 1550.00000
688.00000 1.00000 1553.00000
689.00000 1.00000 1559.00000
690.00000 1.00000 1562.00000
691.00000 1.00000 1565.00000
692.00000 1.00000 1568.00000
693.00000 1.00000 1571.00000
694.00000 1.00000 1574.00000
695.00000 1.00000 1577.00000
696.00000 1.00000 1580.00000
697.00000 1.00000 1556.00000
698.00000 1.00000 1526.00000
699.00000 1.00000 1487.00000
700.00000 1.00000 1520.00000
701.00000 1.00000 1469.00000
702.00000 1.00000 1472.00000
703.00000 1.00000 1475.00000
704.00000 1.00000 1478.00000
705.00000 1.00000 1481.00000
706.00000 1.00000 1484.00000
707.00000 1.00000 1583.00000
708.00000 1.00000 1490.00000
709.00000 1.00000 1523.00000
710.00000 1.00000 1493.00000
711.00000 1.00000 1466.00000
712.00000 1.00000 1499.00000
713.00000 1.00000 1502.00000
714.00000 1.00000 1505.00000
715.00000 1.00000 1508.00000
716.00000 1.00000 1511.00000
717.00000 1.00000 1514.00000
718.00000 1.00000 1517.00000
719.00000 1.00000 1496.00000
720.00000 1.00000 1586.00000
721.00000 1.00000 1634.00000
722.00000 1.00000 1592.00000
723.00000 1.00000 1664.00000
724.00000 1.00000 1667.00000
725.00000 1.00000 1670.00000
726.00000 1.00000 1673.00000
727.00000 1.00000 1676.00000
728.00000 1.00000 1679.00000
729.00000 1.00000 1682.00000
730.00000 1.00000 1685.00000
731.00000 1.00000 1661.00000
732.00000 1.00000 1688.00000
733.00000 1.00000 1694.00000
734.00000 1.00000 1697.00000
735.00000 1.00000 1700.00000
736.00000 1.00000 1703.00000
737.00000 1.00000 1706.00000
738.00000 1.00000 1709.00000
739.00000 1.00000 1712.00000
740.00000 1.00000 1715.00000
741.00000 1.00000 1691.00000
742.00000 1.00000 1589.00000
743.00000 1.00000 1658.00000
744.00000 1.00000 1652.00000
745.00000 1.00000 1595.00000
746.00000 1.00000 1598.00000
747.00000 1.00000 1601.00000
748.00000 1.00000 1604.00000
749.00000 1.00000 1607.00000
750.00000 1.00000 1610.00000
751.00000 1.00000 1613.00000
752.00000 1.00000 1616.00000
753.00000 1.00000 1655.00000
754.00000 1.00000 1619.00000
755.00000 1.00000 1625.00000
756.00000 1.00000 1628.00000
757.00000 1.00000 1631.00000
758.00000 1.00000 1637.00000
759.00000 1.00000 1640.00000
760.00000 1.00000 1643.00000
761.00000 1.00000 1646.00000
762.00000 1.00000 1649.00000
763.00000 1.00000 1622.00000
764.00000 1.00000 1463.00000
765.00000 1.00000 1241.00000
766.00000 1.00000 1457.00000
767.00000 1.00000 1274.00000
768.00000 1.00000 1277.00000
769.00000 1.00000 1280.00000
770.00000 1.00000 1283.00000
771.00000 1.00000 1286.00000
772.00000 1.00000 1289.00000
773.00000 1.00000 1292.00000
774.00000 1.00000 1295.00000
775.00000 1.00000 1298.00000
776.00000 1.00000 1301.00000
777.00000 1.00000 1304.00000
778.00000 1.00000 1307.00000
779.00000 1.00000 1310.00000
780.00000 1.00000 1313.00000
781.00000 1.00000 1316.00000
782.00000 1.00000 1319.00000
783.00000 1.00000 1322.00000
784.00000 1.00000 1271.00000
785.00000 1.00000 1268.00000
786.00000 1.00000 1265.00000
787.00000 1.00000 1262.00000
788.00000 1.00000 1208.00000
789.00000 1.00000 1211.00000
790.00000 1.00000 1214.00000
791.00000 1.00000 1217.00000
792.00000 1.00000 1220.00000
793.00000 1.00000 1223.00000
794.00000 1.00000 1226.00000
795.00000 1.00000 1229.00000
796.00000 1.00000 1325.00000
797.00000 1.00000 1232.00000
798.00000 1.00000 1238.00000
799.00000 1.00000 1718.00000
800.00000 1.00000 1244.00000
801.00000 1.00000 1247.00000
802.00000 1.00000 1250.00000
803.00000 1.00000 1253.00000
804.00000 1.00000 1256.00000
805.00000 1.00000 1259.00000
806.00000 1.00000 1235.00000
807.00000 1.00000 1328.00000
808.00000 1.00000 1331.00000
809.00000 1.00000 1334.00000
810.00000 1.00000 1403.00000
811.00000 1.00000 1406.00000
812.00000 1.00000 1409.00000
813.00000 1.00000 1412.00000
814.00000 1.00000 1415.00000
815.00000 1.00000 1418.00000
816.00000 1.00000 1421.00000
817.00000 1.00000 1424.00000
818.00000 1.00000 1400.00000
819.00000 1.00000 1427.00000
820.00000 1.00000 1433.00000
821.00000 1.00000 1436.00000
822.00000 1.00000 1439.00000
823.00000 1.00000 1442.00000
824.00000 1.00000 1445.00000
825.00000 1.00000 1448.00000
826.00000 1.00000 1451.00000
827.00000 1.00000 1454.00000
828.00000 1.00000 1430.00000
829.00000 1.00000 1460.00000
830.00000 1.00000 1397.00000
831.00000 1.00000 1391.00000
832.00000 1.00000 1337.00000
833.00000 1.00000 1340.00000
834.00000 1.00000 1343.00000
835.00000 1.00000 1346.00000
836.00000 1.00000 1349.00000
837.00000 1.00000 1352.00000
838.00000 1.00000 1355.00000
839.00000 1.00000 1358.00000
840.00000 1.00000 1394.00000
841.00000 1.00000 1361.00000
842.00000 1.00000 1367.00000
843.00000 1.00000 1370.00000
844.00000 1.00000 1373.00000
845.00000 1.00000 1376.00000
846.00000 1.00000 1379.00000
847.00000 1.00000 1382.00000
848.00000 1.00000 1385.00000
849.00000 1.00000 1388.00000
850.00000 1.00000 1364.00000
851.00000 1.00000 1721.00000
852.00000 1.00000 1949.00000
853.00000 1.00000 1727.00000
854.00000 1.00000 2060.00000
855.00000 1.00000 2063.00000
856.00000 1.00000 2066.00000
857.00000 1.00000 2069.00000
858.00000 1.00000 2072.00000
859.00000 1.00000 2075.00000
860.00000 1.00000 2078.00000
861.00000 1.00000 2081.00000
862.00000 1.00000 2057.00000
863.00000 1.00000 2084.00000
864.00000 1.00000 2090.00000
865.00000 1.00000 2093.00000
866.00000 1.00000 2096.00000
867.00000 1.00000 2099.00000
868.00000 1.00000 2102.00000
869.00000 1.00000 2105.00000
870.00000 1.00000 2108.00000
871.00000 1.00000 2111.00000
872.00000 1.00000 2087.00000
873.00000 1.00000 2114.00000
874.00000 1.00000 2054.00000
875.00000 1.00000 2048.00000
876.00000 1.00000 1994.00000
877.00000 1.00000 1997.00000
878.00000 1.00000 2000.00000
879.00000 1.00000 2003.00000
880.00000 1.00000 2006.00000
881.00000 1.00000 2009.00000
882.00000 1.00000 2012.00000
883.00000 1.00000 2015.00000
884.00000 1.00000 2051.00000
885.00000 1.00000 2018.00000
886.00000 1.00000 2024.00000
887.00000 1.00000 2027.00000
888.00000 1.00000 2030.00000
889.00000 1.00000 2033.00000
890.00000 1.00000 2036.00000
891.00000 1.00000 2039.00000
892.00000 1.00000 2042.00000
893.00000 1.00000 2045.00000
894.00000 1.00000 2021.00000
895.00000 1.00000 1991.00000
896.00000 1.00000 2117.00000
897.00000 1.00000 2123.00000
898.00000 1.00000 2192.00000
899.00000 1.00000 2195.00000
900.00000 1.00000 2198.00000
901.00000 1.00000 2201.00000
902.00000 1.00000 2204.00000
903.00000 1.00000 2207.00000
904.00000 1.00000 2210.00000
905.00000 1.00000 2213.00000
906.00000 1.00000 2189.00000
907.00000 1.00000 2216.00000
908.00000 1.00000 2222.00000
909.00000 1.00000 2225.00000
910.00000 1.00000 2228.00000
911.00000 1.00000 2231.00000
912.00000 1.00000 2234.00000
913.00000 1.00000 2237.00000
914.00000 1.00000 2240.00000
915.00000 1.00000 2243.00000
916.00000 1.00000 2219.00000
917.00000 1.00000 2120.00000
918.00000 1.00000 2186.00000
919.00000 1.00000 2180.00000
920.00000 1.00000 2126.00000
921.00000 1.00000 2129.00000
922.00000 1.00000 2132.00000
923.00000 1.00000 2135.00000
924.00000 1.00000 2138.00000
925.00000 1.00000 2141.00000
926.00000 1.00000 2144.00000
927.00000 1.00000 2147.00000
928.00000 1.00000 2183.00000
929.00000 1.00000 2150.00000
930.00000 1.00000 2156.00000
931.00000 1.00000 2159.00000
932.00000 1.00000 2162.00000
933.00000 1.00000 2165.00000
934.00000 1.00000 2168.00000
935.00000 1.00000 2171.00000
936.00000 1.00000 2174.00000
937.00000 1.00000 2177.00000
938.00000 1.00000 2153.00000
939.00000 1.00000 1724.00000
940.00000 1.00000 1988.00000
941.00000 1.00000 1982.00000
942.00000 1.00000 1796.00000
943.00000 1.00000 1799.00000
944.00000 1.00000 1802.00000
945.00000 1.00000 1805.00000
946.00000 1.00000 1808.00000
947.00000 1.00000 1811.00000
948.00000 1.00000 1814.00000
949.00000 1.00000 1817.00000
950.00000 1.00000 1793.00000
951.00000 1.00000 1820.00000
952.00000 1.00000 1826.00000
953.00000 1.00000 1829.00000
954.00000 1.00000 1832.00000
955.00000 1.00000 1835.00000
956.00000 1.00000 1838.00000
957.00000 1.00000 1841.00000
958.00000 1.00000 1844.00000
959.00000 1.00000 1847.00000
960.00000 1.00000 1823.00000
961.00000 1.00000 1850.00000
962.00000 1.00000 1790.00000
963.00000 1.00000 1784.00000
964.00000 1.00000 1730.00000
965.00000 1.00000 1733.00000
966.00000 1.00000 1736.00000
967.00000 1.00000 1739.00000
968.00000 1.00000 1742.00000
969.00000 1.00000 1745.00000
970.00000 1.00000 1748.00000
971.00000 1.00000 1751.00000
972.00000 1.00000 1787.00000
973.00000 1.00000 1754.00000
974.00000 1.00000 1760.00000
975.00000 1.00000 1763.00000
976.00000 1.00000 1766.00000
977.00000 1.00000 1769.00000
978.00000 1.00000 1772.00000
979.00000 1.00000 1775.00000
980.00000 1.00000 1778.00000
981.00000 1.00000 1781.00000
982.00000 1.00000 1757.00000
983.00000 1.00000 1985.00000
984.00000 1.00000 1853.00000
985.00000 1.00000 1859.00000
986.00000 1.00000 1928.00000
987.00000 1.00000 1931.00000
988.00000 1.00000 1934.00000
989.00000 1.00000 1937.00000
990.00000 1.00000 1940.00000
991.00000 1.00000 1943.00000
992.00000 1.00000 1946.00000
993.00000 1.00000 1205.00000
994.00000 1.00000 1925.00000
995.00000 1.00000 1952.00000
996.00000 1.00000 1958.00000
997.00000 1.00000 1961.00000
998.00000 1.00000 1964.00000
999.00000 1.00000 1967.00000
1000.00000 1.00000 1970.00000
1001.00000 1.00000 1973.00000
1002.00000 1.00000 1976.00000
1003.00000 1.00000 1979.00000
1004.00000 1.00000 1955.00000
1005.00000 1.00000 1856.00000
1006.00000 1.00000 1922.00000
1007.00000 1.00000 1916.00000
1008.00000 1.00000 1862.00000
1009.00000 1.00000 1865.00000
1010.00000 1.00000 1868.00000
1011.00000 1.00000 1871.00000
1012.00000 1.00000 1874.00000
1013.00000 1.00000 1877.00000
1014.00000 1.00000 1880.00000
1015.00000 1.00000 1883.00000
1016.00000 1.00000 1919.00000
1017.00000 1.00000 1886.00000
1018.00000 1.00000 1892.00000
1019.00000 1.00000 1895.00000
1020.00000 1.00000 1898.00000
1021.00000 1.00000 1901.00000
1022.00000 1.00000 1904.00000
1023.00000 1.00000 1907.00000
1024.00000 1.00000 1910.00000
1025.00000 1.00000 1913.00000
1026.00000 1.00000 1889.00000
1027.00000 1.00000 1202.00000
1028.00000 1.00000 974.00000
1029.00000 1.00000 1196.00000
1030.00000 1.00000 485.00000
1031.00000 1.00000 488.00000
1032.00000 1.00000 491.00000
1033.00000 1.00000 494.00000
1034.00000 1.00000 497.00000
1035.00000 1.00000 500.00000
1036.00000 1.00000 503.00000
1037.00000 1.00000 506.00000
1038.00000 1.00000 509.00000
1039.00000 1.00000 512.00000
1040.00000 1.00000 515.00000
1041.00000 1.00000 518.00000
1042.00000 1.00000 521.00000
1043.00000 1.00000 524.00000
1044.00000 1.00000 527.00000
1045.00000 1.00000 530.00000
1046.00000 1.00000 533.00000
1047.00000 1.00000 482.00000
1048.00000 1.00000 479.00000
1049.00000 1.00000 476.00000
1050.00000 1.00000 473.00000
1051.00000 1.00000 419.00000
1052.00000 1.00000 422.00000
1053.00000 1.00000 425.00000
1054.00000 1.00000 428.00000
1055.00000 1.00000 431.00000
1056.00000 1.00000 434.00000
1057.00000 1.00000 437.00000
1058.00000 1.00000 440.00000
1059.00000 1.00000 536.00000
1060.00000 1.00000 443.00000
1061.00000 1.00000 449.00000
1062.00000 1.00000 452.00000
1063.00000 1.00000 455.00000
1064.00000 1.00000 458.00000
1065.00000 1.00000 461.00000
1066.00000 1.00000 464.00000
1067.00000 1.00000 467.00000
1068.00000 1.00000 470.00000
1069.00000 1.00000 446.00000
1070.00000 1.00000 539.00000
1071.00000 1.00000 542.00000
1072.00000 1.00000 545.00000
1073.00000 1.00000 614.00000
1074.00000 1.00000 617.00000
1075.00000 1.00000 620.00000
1076.00000 1.00000 623.00000
1077.00000 1.00000 626.00000
1078.00000 1.00000 629.00000
1079.00000 1.00000 632.00000
1080.00000 1.00000 635.00000
1081.00000 1.00000 611.00000
1082.00000 1.00000 638.00000
1083.00000 1.00000 644.00000
1084.00000 1.00000 647.00000
1085.00000 1.00000 650.00000
1086.00000 1.00000 653.00000
1087.00000 1.00000 656.00000
1088.00000 1.00000 659.00000
1089.00000 1.00000 662.00000
1090.00000 1.00000 665.00000
1091.00000 1.00000 641.00000
1092.00000 1.00000 416.00000
1093.00000 1.00000 608.00000
1094.00000 1.00000 602.00000
1095.00000 1.00000 548.00000
1096.00000 1.00000 551.00000
1097.00000 1.00000 554.00000
1098.00000 1.00000 557.00000
1099.00000 1.00000 560.00000
1100.00000 1.00000 563.00000
1101.00000 1.00000 566.00000
1102.00000 1.00000 569.00000
1103.00000 1.00000 605.00000
1104.00000 1.00000 572.00000
1105.00000 1.00000 578.00000
1106.00000 1.00000 581.00000
1107.00000 1.00000 584.00000
1108.00000 1.00000 587.00000
1109.00000 1.00000 590.00000
1110.00000 1.00000 593.00000
1111.00000 1.00000 596.00000
1112.00000 1.00000 599.00000
1113.00000 1.00000 575.00000
1114.00000 1.00000 413.00000
1115.00000 1.00000 410.00000
1116.00000 1.00000 407.00000
1117.00000 1.00000 221.00000
1118.00000 1.00000 224.00000
1119.00000 1.00000 227.00000
1120.00000 1.00000 230.00000
1121.00000 1.00000 233.00000
1122.00000 1.00000 236.00000
1123.00000 1.00000 239.00000
1124.00000 1.00000 242.00000
1125.00000 1.00000 218.00000
1126.00000 1.00000 245.00000
1127.00000 1.00000 251.00000
1128.00000 1.00000 254.00000
1129.00000 1.00000 257.00000
1130.00000 1.00000 260.00000
1131.00000 1.00000 263.00000
1132.00000 1.00000 266.00000
1133.00000 1.00000 269.00000
1134.00000 1.00000 272.00000
1135.00000 1.00000 248.00000
1136.00000 1.00000 275.00000
1137.00000 1.00000 215.00000
1138.00000 1.00000 209.00000
1139.00000 1.00000 251.25000
1140.00000 1.00000 246.97917
1141.00000 1.00000 242.70833
1142.00000 1.00000 238.43750
1143.00000 1.00000 234.16667
1144.00000 1.00000 229.89583
1145.00000 1.00000 225.62500
1146.00000 1.00000 221.35417
1147.00000 1.00000 212.00000
1148.00000 1.00000 217.08333
1149.00000 1.00000 2246.00000
1150.00000 1.00000 208.54167
1151.00000 1.00000 204.27083
1152.00000 1.00000 200.00427
1153.00000 1.00000 200.00000
1154.00000 1.00000 200.00000
1155.00000 1.00000 203.00000
1156.00000 1.00000 206.00000
1157.00000 1.00000 212.81250
1158.00000 1.00000 668.00000
1159.00000 1.00000 278.00000
1160.00000 1.00000 284.00000
1161.00000 1.00000 353.00000
1162.00000 1.00000 356.00000
1163.00000 1.00000 359.00000
1164.00000 1.00000 362.00000
1165.00000 1.00000 365.00000
1166.00000 1.00000 368.00000
1167.00000 1.00000 371.00000
1168.00000 1.00000 374.00000
1169.00000 1.00000 350.00000
1170.00000 1.00000 377.00000
1171.00000 1.00000 383.00000
1172.00000 1.00000 386.00000
1173.00000 1.00000 389.00000
1174.00000 1.00000 392.00000
1175.00000 1.00000 395.00000
1176.00000 1.00000 398.00000
1177.00000 1.00000 401.00000
1178.00000 1.00000 404.00000
1179.00000 1.00000 380.00000
1180.00000 1.00000 281.00000
1181.00000 1.00000 347.00000
1182.00000 1.00000 341.00000
1183.00000 1.00000 287.00000
1184.00000 1.00000 290.00000
1185.00000 1.00000 293.00000
1186.00000 1.00000 296.00000
1187.00000 1.00000 299.00000
1188.00000 1.00000 302.00000
1189.00000 1.00000 305.00000
1190.00000 1.00000 308.00000
1191.00000 1.00000 344.00000
1192.00000 1.00000 311.00000
1193.00000 1.00000 317.00000
1194.00000 1.00000 320.00000
1195.00000 1.00000 323.00000
1196.00000 1.00000 326.00000
1197.00000 1.00000 329.00000
1198.00000 1.00000 332.00000
1199.00000 1.00000 335.00000
1200.00000 1.00000 338.00000
1201.00000 1.00000 314.00000
1202.00000 1.00000 1199.00000
1203.00000 1.00000 671.00000
1204.00000 1.00000 677.00000
1205.00000 1.00000 1013.00000
1206.00000 1.00000 1016.00000
1207.00000 1.00000 1019.00000
1208.00000 1.00000 1022.00000
1209.00000 1.00000 1025.00000
1210.00000 1.00000 1028.00000
1211.00000 1.00000 1031.00000
1212.00000 1.00000 1034.00000
1213.00000 1.00000 1037.00000
1214.00000 1.00000 1040.00000
1215.00000 1.00000 1043.00000
1216.00000 1.00000 1046.00000
1217.00000 1.00000 1049.00000
1218.00000 1.00000 1052.00000
1219.00000 1.00000 1055.00000
1220.00000 1.00000 1058.00000
1221.00000 1.00000 1061.00000
1222.00000 1.00000 1010.00000
1223.00000 1.00000 1007.00000
1224.00000 1.00000 1004.00000
1225.00000 1.00000 1001.00000
1226.00000 1.00000 944.00000
1227.00000 1.00000 947.00000
1228.00000 1.00000 950.00000
1229.00000 1.00000 953.00000
1230.00000 1.00000 956.00000
1231.00000 1.00000 959.00000
1232.00000 1.00000 962.00000
1233.00000 1.00000 965.00000
1234.00000 1.00000 1064.00000
1235.00000 1.00000 968.00000
1236.00000 1.00000 977.00000
1237.00000 1.00000 980.00000
1238.00000 1.00000 983.00000
1239.00000 1.00000 986.00000
1240.00000 1.00000 989.00000
1241.00000 1.00000 992.00000
1242.00000 1.00000 995.00000
1243.00000 1.00000 998.00000
1244.00000 1.00000 971.00000
1245.00000 1.00000 1067.00000
1246.00000 1.00000 1070.00000
1247.00000 1.00000 1073.00000
1248.00000 1.00000 1142.00000
1249.00000 1.00000 1145.00000
1250.00000 1.00000 1148.00000
1251.00000 1.00000 1151.00000
1252.00000 1.00000 1154.00000
1253.00000 1.00000 1157.00000
1254.00000 1.00000 1160.00000
1255.00000 1.00000 1163.00000
1256.00000 1.00000 1139.00000
1257.00000 1.00000 1166.00000
1258.00000 1.00000 1172.00000
1259.00000 1.00000 1175.00000
1260.00000 1.00000 1178.00000
1261.00000 1.00000 1181.00000
1262.00000 1.00000 1184.00000
1263.00000 1.00000 1187.00000
1264.00000 1.00000 1190.00000
1265.00000 1.00000 1193.00000
1266.00000 1.00000 1169.00000
1267.00000 1.00000 941.00000
1268.00000 1.00000 1136.00000
1269.00000 1.00000 1130.00000
1270.00000 1.00000 1076.00000
1271.00000 1.00000 1079.00000
1272.00000 1.00000 1082.00000
1273.00000 1.00000 1085.00000
1274.00000 1.00000 1088.00000
1275.00000 1.00000 1091.00000
1276.00000 1.00000 1094.00000
1277.00000 1.00000 1097.00000
1278.00000 1.00000 1133.00000
1279.00000 1.00000 1100.00000
1280.00000 1.00000 1106.00000
1281.00000 1.00000 1109.00000
1282.00000 1.00000 1112.00000
1283.00000 1.00000 1115.00000
1284.00000 1.00000 1118.00000
1285.00000 1.00000 1121.00000
1286.00000 1.00000 1124.00000
1287.00000 1.00000 1127.00000
1288.00000 1.00000 1103.00000
1289.00000 1.00000 938.00000
1290.00000 1.00000 935.00000
1291.00000 1.00000 932.00000
1292.00000 1.00000 746.00000
1293.00000 1.00000 749.00000
1294.00000 1.00000 752.00000
1295.00000 1.00000 755.00000
1296.00000 1.00000 758.00000
1297.00000 1.00000 761.00000
1298.00000 1.00000 764.00000
1299.00000 1.00000 767.00000
1300.00000 1.00000 743.00000
1301.00000 1.00000 770.00000
1302.00000 1.00000 776.00000
1303.00000 1.00000 779.00000
1304.00000 1.00000 782.00000
1305.00000 1.00000 785.00000
1306.00000 1.00000 788.00000
1307.00000 1.00000 791.00000
1308.00000 1.00000 794.00000
1309.00000 1.00000 797.00000
1310.00000 1.00000 773.00000
1311.00000 1.00000 800.00000
1312.00000 1.00000 740.00000
1313.00000 1.00000 734.00000
1314.00000 1.00000 680.00000
1315.00000 1.00000 683.00000
1316.00000 1.00000 686.00000
1317.00000 1.00000 689.00000
1318.00000 1.00000 692.00000
1319.00000 1.00000 695.00000
1320.00000 1.00000 698.00000
1321.00000 1.00000 701.00000
1322.00000 1.00000 737.00000
1323.00000 1.00000 704.00000
1324.00000 1.00000 710.00000
1325.00000 1.00000 713.00000
1326.00000 1.00000 716.00000
1327.00000 1.00000 719.00000
1328.00000 1.00000 722.00000
1329.00000 1.00000 725.00000
1330.00000 1.00000 728.00000
1331.00000 1.00000 731.00000
1332.00000 1.00000 707.00000
1333.00000 1.00000 674.00000
1334.00000 1.00000 803.00000
1335.00000 1.00000 809.00000
1336.00000 1.00000 878.00000
1337.00000 1.00000 881.00000
1338.00000 1.00000 884.00000
1339.00000 1.00000 887.00000
1340.00000 1.00000 890.00000
1341.00000 1.00000 893.00000
1342.00000 1.00000 896.00000
1343.00000 1.00000 899.00000
1344.00000 1.00000 875.00000
1345.00000 1.00000 902.00000
1346.00000 1.00000 908.00000
1347.00000 1.00000 911.00000
1348.00000 1.00000 914.00000
1349.00000 1.00000 917.00000
1350.00000 1.00000 920.00000
1351.00000 1.00000 923.00000
1352.00000 1.00000 926.00000
1353.00000 1.00000 929.00000
1354.00000 1.00000 905.00000
1355.00000 1.00000 806.00000
1356.00000 1.00000 872.00000
1357.00000 1.00000 866.00000
1358.00000 1.00000 812.00000
1359.00000 1.00000 815.00000
1360.00000 1.00000 818.00000
1361.00000 1.00000 821.00000
1362.00000 1.00000 824.00000
1363.00000 1.00000 827.00000
1364.00000 1.00000 830.00000
1365.00000 1.00000 833.00000
1366.00000 1.00000 869.00000
1367.00000 1.00000 836.00000
1368.00000 1.00000 842.00000
1369.00000 1.00000 845.00000
1370.00000 1.00000 848.00000
1371.00000 1.00000 851.00000
1372.00000 1.00000 854.00000
1373.00000 1.00000 857.00000
1374.00000 1.00000 860.00000
1375.00000 1.00000 863.00000
1376.00000 1.00000 839.00000
1377.00000 1.00000 2249.00000
