0.00000 0.00000 200.00000
1.00000 0.00000 602.00000
2.00000 0.00000 599.00000
3.00000 0.00000 596.00000
4.00000 0.00000 593.00000
5.00000 0.00000 590.00000
6.00000 0.00000 587.00000
7.00000 0.00000 584.00000
8.00000 0.00000 581.00000
9.00000 0.00000 578.00000
10.00000 0.00000 575.00000
11.00000 0.00000 572.00000
12.00000 0.00000 569.00000
13.00000 0.00000 566.00000
14.00000 0.00000 563.00000
15.00000 0.00000 560.00000
16.00000 0.00000 557.00000
17.00000 0.00000 554.00000
18.00000 0.00000 512.00000
19.00000 0.00000 515.00000
20.00000 0.00000 518.00000
21.00000 0.00000 521.00000
22.00000 0.00000 524.00000
23.00000 0.00000 527.00000
24.00000 0.00000 605.00000
25.00000 0.00000 530.00000
26.00000 0.00000 536.00000
27.00000 0.00000 539.00000
28.00000 0.00000 542.00000
29.00000 0.00000 545.00000
30.00000 0.00000 548.00000
31.00000 0.00000 551.00000
32.00000 0.00000 533.00000
33.00000 0.00000 509.00000
34.00000 0.00000 608.00000
35.00000 0.00000 614.00000
36.00000 0.00000 707.00000
37.00000 0.00000 704.00000
38.00000 0.00000 701.00000
39.00000 0.00000 698.00000
40.00000 0.00000 695.00000
41.00000 0.00000 692.00000
42.00000 0.00000 689.00000
43.00000 0.00000 686.00000
44.00000 0.00000 683.00000
45.00000 0.00000 680.00000
46.00000 0.00000 677.00000
47.00000 0.00000 674.00000
48.00000 0.00000 671.00000
49.00000 0.00000 668.00000
50.00000 0.00000 665.00000
51.00000 0.00000 662.00000
52.00000 0.00000 659.00000
53.00000 0.00000 617.00000
54.00000 0.00000 620.00000
55.00000 0.00000 623.00000
56.00000 0.00000 626.00000
57.00000 0.00000 629.00000
58.00000 0.00000 632.00000
59.00000 0.00000 611.00000
60.00000 0.00000 635.00000
61.00000 0.00000 641.00000
62.00000 0.00000 644.00000
63.00000 0.00000 647.00000
64.00000 0.00000 650.00000
65.00000 0.00000 653.00000
66.00000 0.00000 656.00000
67.00000 0.00000 638.00000
68.00000 0.00000 710.00000
69.00000 0.00000 506.00000
70.00000 0.00000 500.00000
71.00000 0.00000 392.00000
72.00000 0.00000 389.00000
73.00000 0.00000 386.00000
74.00000 0.00000 383.00000
75.00000 0.00000 380.00000
76.00000 0.00000 377.00000
77.00000 0.00000 374.00000
78.00000 0.00000 371.00000
79.00000 0.00000 368.00000
80.00000 0.00000 365.00000
81.00000 0.00000 362.00000
82.00000 0.00000 359.00000
83.00000 0.00000 356.00000
84.00000 0.00000 353.00000
85.00000 0.00000 350.00000
86.00000 0.00000 347.00000
87.00000 0.00000 344.00000
88.00000 0.00000 302.00000
89.00000 0.00000 305.00000
90.00000 0.00000 308.00000
91.00000 0.00000 311.00000
92.00000 0.00000 314.00000
93.00000 0.00000 317.00000
94.00000 0.00000 395.00000
95.00000 0.00000 320.00000
96.00000 0.00000 326.00000
97.00000 0.00000 329.00000
98.00000 0.00000 332.00000
99.00000 0.00000 335.00000
100.00000 0.00000 338.00000
101.00000 0.00000 341.00000
102.00000 0.00000 323.00000
103.00000 0.00000 503.00000
104.00000 0.00000 398.00000
105.00000 0.00000 404.00000
106.00000 0.00000 497.00000
107.00000 0.00000 494.00000
108.00000 0.00000 491.00000
109.00000 0.00000 488.00000
110.00000 0.00000 485.00000
111.00000 0.00000 482.00000
112.00000 0.00000 479.00000
113.00000 0.00000 476.00000
114.00000 0.00000 473.00000
115.00000 0.00000 470.00000
116.00000 0.00000 467.00000
117.00000 0.00000 464.00000
118.00000 0.00000 461.00000
119.00000 0.00000 458.00000
120.00000 0.00000 455.00000
121.00000 0.00000 452.00000
122.00000 0.00000 449.00000
123.00000 0.00000 407.00000
124.00000 0.00000 410.00000
125.00000 0.00000 413.00000
126.00000 0.00000 416.00000
127.00000 0.00000 419.00000
128.00000 0.00000 422.00000
129.00000 0.00000 401.00000
130.00000 0.00000 425.00000
131.00000 0.00000 431.00000
132.00000 0.00000 434.00000
133.00000 0.00000 437.00000
134.00000 0.00000 440.00000
135.00000 0.00000 443.00000
136.00000 0.00000 446.00000
137.00000 0.00000 428.00000
138.00000 0.00000 713.00000
139.00000 0.00000 716.00000
140.00000 0.00000 719.00000
141.00000 0.00000 1025.00000
142.00000 0.00000 1022.00000
143.00000 0.00000 1019.00000
144.00000 0.00000 1016.00000
145.00000 0.00000 1013.00000
146.00000 0.00000 1010.00000
147.00000 0.00000 1007.00000
148.00000 0.00000 1004.00000
149.00000 0.00000 1001.00000
150.00000 0.00000 998.00000
151.00000 0.00000 995.00000
152.00000 0.00000 992.00000
153.00000 0.00000 989.00000
154.00000 0.00000 986.00000
155.00000 0.00000 983.00000
156.00000 0.00000 980.00000
157.00000 0.00000 977.00000
158.00000 0.00000 935.00000
159.00000 0.00000 938.00000
160.00000 0.00000 941.00000
161.00000 0.00000 944.00000
162.00000 0.00000 947.00000
163.00000 0.00000 950.00000
164.00000 0.00000 1028.00000
165.00000 0.00000 953.00000
166.00000 0.00000 959.00000
167.00000 0.00000 962.00000
168.00000 0.00000 965.00000
169.00000 0.00000 968.00000
170.00000 0.00000 971.00000
171.00000 0.00000 974.00000
172.00000 0.00000 956.00000
173.00000 0.00000 932.00000
174.00000 0.00000 1031.00000
175.00000 0.00000 1037.00000
176.00000 0.00000 1130.00000
177.00000 0.00000 1127.00000
178.00000 0.00000 1124.00000
179.00000 0.00000 1121.00000
180.00000 0.00000 1118.00000
181.00000 0.00000 1115.00000
182.00000 0.00000 1112.00000
183.00000 0.00000 1109.00000
184.00000 0.00000 1106.00000
185.00000 0.00000 1103.00000
186.00000 0.00000 1100.00000
187.00000 0.00000 1097.00000
188.00000 0.00000 1094.00000
189.00000 0.00000 1091.00000
190.00000 0.00000 1088.00000
191.00000 0.00000 1085.00000
192.00000 0.00000 1082.00000
193.00000 0.00000 1040.00000
194.00000 0.00000 1043.00000
195.00000 0.00000 1046.00000
196.00000 0.00000 1049.00000
197.00000 0.00000 1052.00000
198.00000 0.00000 1055.00000
199.00000 0.00000 1034.00000
200.00000 0.00000 1058.00000
201.00000 0.00000 1064.00000
202.00000 0.00000 1067.00000
203.00000 0.00000 1070.00000
204.00000 0.00000 1073.00000
205.00000 0.00000 1076.00000
206.00000 0.00000 1079.00000
207.00000 0.00000 1061.00000
208.00000 0.00000 929.00000
209.00000 0.00000 926.00000
210.00000 0.00000 923.00000
211.00000 0.00000 812.00000
212.00000 0.00000 809.00000
213.00000 0.00000 806.00000
214.00000 0.00000 803.00000
215.00000 0.00000 800.00000
216.00000 0.00000 797.00000
217.00000 0.00000 794.00000
218.00000 0.00000 791.00000
219.00000 0.00000 788.00000
220.00000 0.00000 785.00000
221.00000 0.00000 782.00000
222.00000 0.00000 779.00000
223.00000 0.00000 776.00000
224.00000 0.00000 773.00000
225.00000 0.00000 770.00000
226.00000 0.00000 767.00000
227.00000 0.00000 764.00000
228.00000 0.00000 722.00000
229.00000 0.00000 725.00000
230.00000 0.00000 728.00000
231.00000 0.00000 731.00000
232.00000 0.00000 734.00000
233.00000 0.00000 737.00000
234.00000 0.00000 815.00000
235.00000 0.00000 740.00000
236.00000 0.00000 746.00000
237.00000 0.00000 749.00000
238.00000 0.00000 752.00000
239.00000 0.00000 755.00000
240.00000 0.00000 758.00000
241.00000 0.00000 761.00000
242.00000 0.00000 743.00000
243.00000 0.00000 818.00000
244.00000 0.00000 821.00000
245.00000 0.00000 824.00000
246.00000 0.00000 881.00000
247.00000 0.00000 884.00000
248.00000 0.00000 887.00000
249.00000 0.00000 890.00000
250.00000 0.00000 893.00000
251.00000 0.00000 896.00000
252.00000 0.00000 878.00000
253.00000 0.00000 899.00000
254.00000 0.00000 905.00000
255.00000 0.00000 908.00000
256.00000 0.00000 911.00000
257.00000 0.00000 914.00000
258.00000 0.00000 917.00000
259.00000 0.00000 920.00000
260.00000 0.00000 902.00000
261.00000 0.00000 299.00000
262.00000 0.00000 875.00000
263.00000 0.00000 869.00000
264.00000 0.00000 827.00000
265.00000 0.00000 830.00000
266.00000 0.00000 833.00000
267.00000 0.00000 836.00000
268.00000 0.00000 839.00000
269.00000 0.00000 842.00000
270.00000 0.00000 872.00000
271.00000 0.00000 845.00000
272.00000 0.00000 851.00000
273.00000 0.00000 854.00000
274.00000 0.00000 857.00000
275.00000 0.00000 860.00000
276.00000 0.00000 863.00000
277.00000 0.00000 866.00000
278.00000 0.00000 848.00000
279.00000 0.00000 296.00000
280.00000 0.00000 293.00000
281.00000 0.00000 290.00000
282.00000 0.00000 293.95833
283.00000 0.00000 298.22917
284.00000 0.00000 302.50000
285.00000 0.00000 306.77083
286.00000 0.00000 311.04167
287.00000 0.00000 315.31250
288.00000 0.00000 319.58333
289.00000 0.00000 323.85417
290.00000 0.00000 289.68750
291.00000 0.00000 328.12500
292.00000 0.00000 336.66667
293.00000 0.00000 340.93750
294.00000 0.00000 345.20833
295.00000 0.00000 1133.00000
296.00000 0.00000 1138.91737
297.00000 0.00000 1138.95471
298.00000 0.00000 1138.96150
299.00000 0.00000 1138.97508
300.00000 0.00000 332.39583
301.00000 0.00000 1138.97754
302.00000 0.00000 285.41667
303.00000 0.00000 276.87500
304.00000 0.00000 200.00427
305.00000 0.00000 204.27083
306.00000 0.00000 208.54167
307.00000 0.00000 212.81250
308.00000 0.00000 217.08333
309.00000 0.00000 221.35417
310.00000 0.00000 225.62500
311.00000 0.00000 229.89583
312.00000 0.00000 281.14583
313.00000 0.00000 234.16667
314.00000 0.00000 242.70833
315.00000 0.00000 246.97917
316.00000 0.00000 251.25000
317.00000 0.00000 255.52083
318.00000 0.00000 259.79167
319.00000 0.00000 264.06250
320.00000 0.00000 268.33333
321.00000 0.00000 272.60417
322.00000 0.00000 238.43750
323.00000 0.00000 1138.98248
324.00000 0.00000 1136.00000
325.00000 0.00000 1138.99415
326.00000 0.00000 257.00000
327.00000 0.00000 254.00000
328.00000 0.00000 251.00000
329.00000 0.00000 248.00000
330.00000 0.00000 245.00000
331.00000 0.00000 242.00000
332.00000 0.00000 239.00000
333.00000 0.00000 236.00000
334.00000 0.00000 233.00000
335.00000 0.00000 230.00000
336.00000 0.00000 227.00000
337.00000 0.00000 224.00000
338.00000 0.00000 221.00000
339.00000 0.00000 218.00000
340.00000 0.00000 215.00000
341.00000 0.00000 212.00000
342.00000 0.00000 209.00000
343.00000 0.00000 206.00000
344.00000 0.00000 203.00000
345.00000 0.00000 200.00000
346.00000 0.00000 1138.99687
347.00000 0.00000 1138.99687
348.00000 0.00000 1138.99686
349.00000 0.00000 1138.99685
350.00000 0.00000 1138.99682
351.00000 0.00000 260.00000
352.00000 0.00000 266.00000
353.00000 0.00000 263.00000
354.00000 0.00000 1138.99680
355.00000 0.00000 272.00000
356.00000 0.00000 275.00000
357.00000 0.00000 278.00000
358.00000 0.00000 281.00000
359.00000 0.00000 284.00000
360.00000 0.00000 287.00000
361.00000 0.00000 269.00000
362.00000 0.00000 1138.99236
363.00000 0.00000 1138.99448
364.00000 0.00000 1138.99513
365.00000 0.00000 1138.99644
366.00000 0.00000 1138.99667
367.00000 0.00000 1138.99672
368.00000 0.00001 358.02083
369.00000 0.00001 353.75000
370.00000 0.00001 1138.71201
371.00000 0.00001 349.47917
372.00000 0.00001 362.29167
373.00000 0.00001 379.37500
374.00000 0.00001 375.10417
375.00000 0.00001 370.83333
376.00000 0.00001 366.56250
377.00000 0.00002 1138.60933
378.00000 0.00002 396.45833
379.00000 0.00002 392.18750
380.00000 0.00002 387.91667
381.00000 0.00002 383.64583
382.00000 0.00002 400.72917
383.00000 0.00003 409.27083
384.00000 0.00003 413.54166
385.00000 0.00003 405.00000
386.00000 0.00004 422.08333
387.00000 0.00004 417.81250
388.00000 0.00005 1138.04459
389.00000 0.00005 430.62500
390.00000 0.00005 426.35416
391.00000 0.00006 434.89583
392.00000 0.00006 439.16666
393.00000 0.00006 1137.76222
394.00000 0.00007 443.43750
395.00000 0.00007 447.70833
396.00000 0.00007 1137.62104
397.00000 0.00008 451.97916
398.00000 0.00009 456.25000
399.00000 0.00009 460.52083
400.00000 0.00010 464.79166
401.00000 0.00011 469.06250
402.00000 0.00011 1136.84453
403.00000 0.00012 473.33333
404.00000 0.00013 1136.45627
405.00000 0.00013 477.60416
406.00000 0.00014 481.87500
407.00000 0.00015 486.14583
408.00000 0.00016 490.41666
409.00000 0.00017 494.68750
410.00000 0.00019 498.95833
411.00000 0.00020 503.22916
412.00000 0.00022 507.50000
413.00000 0.00023 511.77083
414.00000 0.00025 516.04166
415.00000 0.00026 520.31250
416.00000 0.00028 524.58333
417.00000 0.00030 528.85416
418.00000 0.00032 533.12500
419.00000 0.00034 537.39583
420.00000 0.00035 1132.18543
421.00000 0.00036 541.66666
422.00000 0.00038 545.93750
423.00000 0.00041 550.20833
424.00000 0.00043 554.47916
425.00000 0.00045 558.75000
426.00000 0.00048 563.02083
427.00000 0.00051 567.29166
428.00000 0.00054 571.56250
429.00000 0.00057 1127.91460
430.00000 0.00057 575.83333
431.00000 0.00060 580.10416
432.00000 0.00063 584.37500
433.00000 0.00066 588.64583
434.00000 0.00070 592.91666
435.00000 0.00073 597.18750
436.00000 0.00077 601.45833
437.00000 0.00078 1123.64377
438.00000 0.00081 605.72916
439.00000 0.00085 610.00000
440.00000 0.00089 614.27083
441.00000 0.00093 618.54166
442.00000 0.00097 622.81250
443.00000 0.00099 1119.37293
444.00000 0.00102 627.08333
445.00000 0.00106 631.35416
446.00000 0.00111 635.62500
447.00000 0.00116 639.89583
448.00000 0.00120 1115.10210
449.00000 0.00121 644.16666
450.00000 0.00126 648.43750
451.00000 0.00132 652.70833
452.00000 0.00137 656.97916
453.00000 0.00140 1110.83127
454.00000 0.00143 661.25000
455.00000 0.00149 665.52083
456.00000 0.00155 669.79166
457.00000 0.00161 674.06250
458.00000 0.00161 1106.56043
459.00000 0.00167 678.33333
460.00000 0.00174 682.60416
461.00000 0.00181 686.87500
462.00000 0.00181 1102.28960
463.00000 0.00188 691.14583
464.00000 0.00195 695.41666
465.00000 0.00200 1098.01877
466.00000 0.00202 699.68750
467.00000 0.00209 703.95833
468.00000 0.00217 708.22916
469.00000 0.00220 1093.74793
470.00000 0.00224 712.50000
471.00000 0.00232 716.77083
472.00000 0.00239 1089.47710
473.00000 0.00240 721.04166
474.00000 0.00248 725.31250
475.00000 0.00257 729.58333
476.00000 0.00258 1085.20627
477.00000 0.00265 733.85416
478.00000 0.00274 738.12500
479.00000 0.00276 1080.93543
480.00000 0.00283 742.39583
481.00000 0.00292 746.66666
482.00000 0.00295 1076.66460
483.00000 0.00302 750.93750
484.00000 0.00311 755.20833
485.00000 0.00312 1072.39377
486.00000 0.00321 759.47916
487.00000 0.00330 1068.12293
488.00000 0.00331 763.75000
489.00000 0.00341 768.02083
490.00000 0.00347 1063.85210
491.00000 0.00351 772.29166
492.00000 0.00361 776.56250
493.00000 0.00364 1059.58127
494.00000 0.00372 780.83333
495.00000 0.00381 1055.31043
496.00000 0.00383 785.10416
497.00000 0.00394 789.37500
498.00000 0.00397 1051.03960
499.00000 0.00405 793.64583
500.00000 0.00413 1046.76877
501.00000 0.00417 797.91666
502.00000 0.00428 802.18750
503.00000 0.00429 1042.49793
504.00000 0.00440 806.45833
505.00000 0.00444 1038.22710
506.00000 0.00452 810.72916
507.00000 0.00459 1033.95627
508.00000 0.00464 815.00000
509.00000 0.00473 1029.68543
510.00000 0.00476 819.27083
511.00000 0.00487 1025.41460
512.00000 0.00489 823.54166
513.00000 0.00501 1021.14377
514.00000 0.00502 827.81250
515.00000 0.00514 832.08333
516.00000 0.00514 1016.87294
517.00000 0.00527 836.35416
518.00000 0.00527 1012.60210
519.00000 0.00540 1008.33127
520.00000 0.00541 840.62500
521.00000 0.00552 1004.06044
522.00000 0.00554 844.89583
523.00000 0.00564 999.78960
524.00000 0.00568 849.16666
525.00000 0.00575 995.51877
526.00000 0.00582 853.43749
527.00000 0.00586 991.24794
528.00000 0.00596 857.70833
529.00000 0.00597 986.97710
530.00000 0.00607 982.70627
531.00000 0.00610 861.97916
532.00000 0.00617 978.43544
533.00000 0.00624 866.24999
534.00000 0.00626 974.16460
535.00000 0.00635 969.89377
536.00000 0.00639 870.52083
537.00000 0.00643 965.62294
538.00000 0.00651 961.35210
539.00000 0.00654 874.79166
540.00000 0.00659 957.08127
541.00000 0.00666 952.81044
542.00000 0.00669 879.06249
543.00000 0.00673 948.53960
544.00000 0.00679 944.26877
545.00000 0.00684 883.33333
546.00000 0.00685 939.99794
547.00000 0.00690 935.72710
548.00000 0.00695 931.45627
549.00000 0.00699 887.60416
550.00000 0.00700 927.18544
551.00000 0.00704 922.91460
552.00000 0.00707 918.64377
553.00000 0.00710 914.37294
554.00000 0.00713 910.10210
555.00000 0.00714 891.87499
556.00000 0.00715 905.83127
557.00000 0.00717 901.56044
558.00000 0.00718 893.01877
559.00000 0.00718 893.01877
560.00000 0.00718 893.02304
561.00000 0.00718 897.28960
