0.00000 0.56147 1001.17791
1.00000 0.56147 1001.18218
2.00000 0.56147 1001.18218
3.00000 0.56196 1000.36551
4.00000 0.56227 996.91134
5.00000 0.56307 992.64051
6.00000 0.56387 988.36968
7.00000 0.56428 996.09467
8.00000 0.56468 984.09884
9.00000 0.56548 979.82801
10.00000 0.56628 975.55718
11.00000 0.56633 991.82384
12.00000 0.56709 971.28634
13.00000 0.56790 967.01551
14.00000 0.56818 987.55301
15.00000 0.56870 962.74468
16.00000 0.56951 958.47384
17.00000 0.56987 983.28217
18.00000 0.57032 954.20301
19.00000 0.57114 949.93218
20.00000 0.57142 979.01134
21.00000 0.57195 945.66134
22.00000 0.57276 941.39051
23.00000 0.57287 974.74051
24.00000 0.57358 937.11968
25.00000 0.57423 970.46967
26.00000 0.57439 932.84884
27.00000 0.57521 928.57801
28.00000 0.57551 966.19884
29.00000 0.57603 924.30718
30.00000 0.57671 961.92801
31.00000 0.57685 920.03634
32.00000 0.57767 915.76551
33.00000 0.57786 957.65717
34.00000 0.57849 911.49468
35.00000 0.57895 953.38634
36.00000 0.57931 907.22384
37.00000 0.57999 949.11551
38.00000 0.58013 902.95301
39.00000 0.58096 898.68218
40.00000 0.58099 944.84467
41.00000 0.58178 894.41134
42.00000 0.58194 940.57384
43.00000 0.58261 890.14051
44.00000 0.58286 936.30301
45.00000 0.58344 885.86968
46.00000 0.58374 932.03217
47.00000 0.58427 881.59884
48.00000 0.58459 927.76134
49.00000 0.58510 877.32801
50.00000 0.58542 923.49051
51.00000 0.58593 873.05718
52.00000 0.58621 919.21967
53.00000 0.58676 868.78634
54.00000 0.58698 914.94884
55.00000 0.58760 864.51551
56.00000 0.58772 910.67801
57.00000 0.58843 860.24468
58.00000 0.58845 906.40717
59.00000 0.58915 902.13634
60.00000 0.58927 855.97385
61.00000 0.58983 897.86551
62.00000 0.59011 851.70301
63.00000 0.59049 893.59467
64.00000 0.59094 847.43218
65.00000 0.59114 889.32384
66.00000 0.59176 885.05301
67.00000 0.59178 843.16135
68.00000 0.59238 880.78217
69.00000 0.59263 838.89051
70.00000 0.59297 876.51134
71.00000 0.59347 834.61968
72.00000 0.59355 872.24051
73.00000 0.59412 867.96967
74.00000 0.59431 830.34885
75.00000 0.59468 863.69884
76.00000 0.59516 826.07801
77.00000 0.59522 859.42801
78.00000 0.59575 855.15717
79.00000 0.59600 821.80718
80.00000 0.59627 850.88634
81.00000 0.59678 846.61551
82.00000 0.59685 817.53635
83.00000 0.59728 842.34467
84.00000 0.59770 813.26551
85.00000 0.59777 838.07384
86.00000 0.59825 833.80301
87.00000 0.59855 808.99468
88.00000 0.59872 829.53217
89.00000 0.59918 825.26134
90.00000 0.59940 804.72385
91.00000 0.59963 820.99051
92.00000 0.60007 816.71967
93.00000 0.60025 800.45301
94.00000 0.60051 812.44884
95.00000 0.60094 808.17801
96.00000 0.60111 796.18218
97.00000 0.60136 803.90717
98.00000 0.60178 799.63634
99.00000 0.60196 791.91135
100.00000 0.60218 795.36551
101.00000 0.60259 791.09467
102.00000 0.60282 787.64051
103.00000 0.60298 786.82384
104.00000 0.60298 786.82811
105.00000 0.60298 786.82384
106.00000 0.70069 396.69213
107.00000 0.70069 396.68785
108.00000 0.70069 396.69213
109.00000 0.70079 398.01097
110.00000 0.70109 402.28180
111.00000 0.70140 406.55264
112.00000 0.70170 410.82347
113.00000 0.70200 415.09430
114.00000 0.70230 419.36514
115.00000 0.70259 423.63597
116.00000 0.70288 427.90680
117.00000 0.70309 392.42129
118.00000 0.70317 432.17764
119.00000 0.70346 436.44847
120.00000 0.70375 440.71930
121.00000 0.70403 444.99014
122.00000 0.70432 449.26097
123.00000 0.70460 453.53180
124.00000 0.70488 457.80264
125.00000 0.70515 462.07347
126.00000 0.70543 466.34430
127.00000 0.70561 388.15046
128.00000 0.70570 470.61514
129.00000 0.70597 474.88597
130.00000 0.70624 479.15680
131.00000 0.70651 483.42764
132.00000 0.70678 487.69847
133.00000 0.70704 491.96930
134.00000 0.70730 496.24014
135.00000 0.70757 500.51097
136.00000 0.70783 504.78180
137.00000 0.70809 509.05264
138.00000 0.70825 383.87963
139.00000 0.70834 513.32347
140.00000 0.70860 517.59430
141.00000 0.70885 521.86514
142.00000 0.70911 526.13597
143.00000 0.70936 530.40680
144.00000 0.70961 534.67764
145.00000 0.70986 538.94847
146.00000 0.71011 543.21930
147.00000 0.71035 547.49014
148.00000 0.71060 551.76097
149.00000 0.71084 556.03180
150.00000 0.71101 379.60879
151.00000 0.71109 560.30264
152.00000 0.71133 564.57347
153.00000 0.71157 568.84430
154.00000 0.71181 573.11514
155.00000 0.71205 577.38597
156.00000 0.71229 581.65680
157.00000 0.71252 585.92764
158.00000 0.71276 590.19847
159.00000 0.71299 594.46930
160.00000 0.71323 598.74014
161.00000 0.71346 603.01097
162.00000 0.71369 607.28180
163.00000 0.71388 375.33796
164.00000 0.71392 611.55264
165.00000 0.71415 615.82347
166.00000 0.71438 620.09430
167.00000 0.71461 624.36514
168.00000 0.71484 628.63597
169.00000 0.71506 632.90680
170.00000 0.71529 637.17764
171.00000 0.71551 641.44847
172.00000 0.71573 645.71930
173.00000 0.71596 649.99014
174.00000 0.71618 654.26097
175.00000 0.71640 658.53180
176.00000 0.71662 662.80264
177.00000 0.71684 667.07347
178.00000 0.71687 371.06713
179.00000 0.71706 671.34430
180.00000 0.71728 675.61514
181.00000 0.71749 679.88597
182.00000 0.71771 684.15680
183.00000 0.71793 688.42764
184.00000 0.71814 692.69847
185.00000 0.71836 696.96930
186.00000 0.71857 701.24014
187.00000 0.71878 705.51097
188.00000 0.71899 709.78180
189.00000 0.71921 714.05264
190.00000 0.71942 718.32347
191.00000 0.71963 722.59430
192.00000 0.71984 726.86514
193.00000 0.71998 366.79629
194.00000 0.72005 731.13597
195.00000 0.72025 735.40680
196.00000 0.72046 739.67764
197.00000 0.72067 743.94847
198.00000 0.72088 748.21930
199.00000 0.72108 752.49014
200.00000 0.72129 756.76097
201.00000 0.72149 761.03180
202.00000 0.72170 765.30264
203.00000 0.72190 769.57347
204.00000 0.72211 773.84430
205.00000 0.72231 778.11514
206.00000 0.72251 782.38597
207.00000 0.72272 786.65680
208.00000 0.72292 790.92764
209.00000 0.72312 795.19847
210.00000 0.72321 362.52546
211.00000 0.72332 799.46930
212.00000 0.72352 803.74014
213.00000 0.72372 808.01097
214.00000 0.72392 812.28180
215.00000 0.72412 816.55263
216.00000 0.72432 820.82347
217.00000 0.72452 825.09430
218.00000 0.72471 829.36513
219.00000 0.72491 833.63597
220.00000 0.72511 837.90680
221.00000 0.72531 842.17763
222.00000 0.72550 846.44847
223.00000 0.72570 850.71930
224.00000 0.72590 854.99013
225.00000 0.72609 859.26097
226.00000 0.72629 863.53180
227.00000 0.72648 867.80263
228.00000 0.72655 358.25463
229.00000 0.72668 872.07347
230.00000 0.72687 876.34430
231.00000 0.72707 880.61513
232.00000 0.72726 884.88597
233.00000 0.72745 889.15680
234.00000 0.72765 893.42763
235.00000 0.72784 897.69847
236.00000 0.72803 901.96930
237.00000 0.72823 906.24013
238.00000 0.72842 910.51097
239.00000 0.72861 914.78180
240.00000 0.72880 919.05263
241.00000 0.72900 923.32347
242.00000 0.72919 927.59430
243.00000 0.72938 931.86513
244.00000 0.72957 936.13597
245.00000 0.72976 940.40680
246.00000 0.72996 944.67763
247.00000 0.73002 353.98379
248.00000 0.73015 948.94847
249.00000 0.73034 953.21930
250.00000 0.73053 957.49013
251.00000 0.73072 961.76097
252.00000 0.73091 966.03180
253.00000 0.73110 970.30263
254.00000 0.73130 974.57347
255.00000 0.73149 978.84430
256.00000 0.73168 983.11513
257.00000 0.73187 987.38597
258.00000 0.73206 991.65680
259.00000 0.73225 995.92763
260.00000 0.73244 1000.19847
261.00000 0.73263 1004.46930
262.00000 0.73282 1008.74013
263.00000 0.73301 1013.01097
264.00000 0.73321 1017.28180
265.00000 0.73340 1021.55263
266.00000 0.73359 1025.82347
267.00000 0.73360 349.71296
268.00000 0.73378 1030.09430
269.00000 0.73397 1034.36513
270.00000 0.73416 1038.63597
271.00000 0.73435 1042.90680
272.00000 0.73455 1047.17763
273.00000 0.73474 1051.44847
274.00000 0.73493 1055.71930
275.00000 0.73512 1059.99013
276.00000 0.73531 1064.26097
277.00000 0.73551 1068.53180
278.00000 0.73570 1072.80263
279.00000 0.73589 1077.07347
280.00000 0.73608 1081.34430
281.00000 0.73628 1085.61513
282.00000 0.73647 1089.88597
283.00000 0.73666 1094.15680
284.00000 0.73686 1098.42763
285.00000 0.73705 1102.69847
286.00000 0.73724 1106.96930
287.00000 0.73730 345.44213
288.00000 0.73744 1111.24013
289.00000 0.73763 1115.51097
290.00000 0.73783 1119.78180
291.00000 0.73802 1124.05263
292.00000 0.73822 1128.32347
293.00000 0.73841 1132.59430
294.00000 0.73861 1136.86513
295.00000 0.73881 1141.13597
296.00000 0.73900 1145.40680
297.00000 0.73920 1149.67763
298.00000 0.73940 1153.94847
299.00000 0.73959 1158.21930
300.00000 0.73979 1162.49013
301.00000 0.73999 1166.76097
302.00000 0.74019 1171.03180
303.00000 0.74039 1175.30263
304.00000 0.74059 1179.57347
305.00000 0.74079 1183.84430
306.00000 0.74099 1188.11513
307.00000 0.74112 341.17129
308.00000 0.74119 1192.38597
309.00000 0.74139 1196.65680
310.00000 0.74159 1200.92763
311.00000 0.74179 1205.19847
312.00000 0.74199 1209.46930
313.00000 0.74219 1213.74013
314.00000 0.74240 1218.01097
315.00000 0.74260 1222.28180
316.00000 0.74280 1226.55263
317.00000 0.74301 1230.82347
318.00000 0.74321 1235.09430
319.00000 0.74342 1239.36513
320.00000 0.74362 1243.63596
321.00000 0.74383 1247.90680
322.00000 0.74404 1252.17763
323.00000 0.74424 1256.44846
324.00000 0.74445 1260.71930
325.00000 0.74466 1264.99013
326.00000 0.74487 1269.26096
327.00000 0.74507 336.90046
328.00000 0.74508 1273.53180
329.00000 0.74529 1277.80263
330.00000 0.74550 1282.07346
331.00000 0.74571 1286.34430
332.00000 0.74592 1290.61513
333.00000 0.74613 1294.88596
334.00000 0.74634 1299.15680
335.00000 0.74655 1303.42763
336.00000 0.74677 1307.69846
337.00000 0.74698 1311.96930
338.00000 0.74720 1316.24013
339.00000 0.74741 1320.51096
340.00000 0.74763 1324.78180
341.00000 0.74784 1329.05263
342.00000 0.74806 1333.32346
343.00000 0.74828 1337.59430
344.00000 0.74850 1341.86513
345.00000 0.74872 1346.13596
346.00000 0.74894 1350.40680
347.00000 0.74914 332.62963
348.00000 0.74916 1354.67763
349.00000 0.74938 1358.94846
350.00000 0.74960 1363.21930
351.00000 0.74982 1367.49013
352.00000 0.75004 1371.76096
353.00000 0.75027 1376.03180
354.00000 0.75049 1380.30263
355.00000 0.75071 1384.57346
356.00000 0.75094 1388.84430
357.00000 0.75117 1393.11513
358.00000 0.75117 1393.11086
359.00000 0.75117 1393.11940
360.00000 0.75117 1393.11513
361.00000 0.75333 328.35879
362.00000 0.75583 1397.38596
363.00000 0.75765 324.08796
364.00000 0.76036 1401.65680
365.00000 0.76209 319.81713
366.00000 0.76476 1405.92763
367.00000 0.76667 315.54629
368.00000 0.76905 1410.19846
369.00000 0.77138 311.27546
370.00000 0.77323 1414.46930
371.00000 0.77621 307.00463
372.00000 0.77730 1418.74013
373.00000 0.78119 302.73379
374.00000 0.78129 1423.01096
375.00000 0.78518 1427.28180
376.00000 0.78630 298.46296
377.00000 0.78899 1431.55263
378.00000 0.79155 294.19213
379.00000 0.79273 1435.82346
380.00000 0.79639 1440.09430
381.00000 0.79693 289.92129
382.00000 0.79998 1444.36513
383.00000 0.80245 285.65046
384.00000 0.80350 1448.63596
385.00000 0.80697 1452.90680
386.00000 0.80810 281.37963
387.00000 0.81038 1457.17763
388.00000 0.81373 1461.44846
389.00000 0.81386 277.10879
390.00000 0.81703 1465.71930
391.00000 0.81972 272.83796
392.00000 0.82029 1469.99013
393.00000 0.82349 1474.26096
394.00000 0.82564 268.56713
395.00000 0.82666 1478.53180
396.00000 0.82978 1482.80263
397.00000 0.83157 264.29629
398.00000 0.83287 1487.07346
399.00000 0.83592 1491.34430
400.00000 0.83747 260.02546
401.00000 0.83893 1495.61513
402.00000 0.84191 1499.88596
403.00000 0.84325 255.75463
404.00000 0.84486 1504.15680
405.00000 0.84778 1508.42763
406.00000 0.84885 251.48379
407.00000 0.85068 1512.69846
408.00000 0.85355 1516.96930
409.00000 0.85423 247.21296
410.00000 0.85639 1521.24013
411.00000 0.85922 1525.51096
412.00000 0.85947 242.94213
413.00000 0.86202 1529.78180
414.00000 0.86481 1534.05263
415.00000 0.86614 238.67129
416.00000 0.86757 1538.32346
417.00000 0.86982 234.40046
418.00000 0.87032 1542.59430
419.00000 0.87257 230.12963
420.00000 0.87306 1546.86513
421.00000 0.87481 225.85879
422.00000 0.87578 1551.13596
423.00000 0.87674 221.58796
424.00000 0.87845 217.31713
425.00000 0.87849 1555.40680
426.00000 0.87998 213.04629
427.00000 0.88119 1559.67763
428.00000 0.88138 208.77546
429.00000 0.88268 204.50463
430.00000 0.88388 200.23379
431.00000 0.88388 1563.94846
432.00000 0.88394 200.00000
433.00000 0.88656 1568.21930
434.00000 0.88924 1572.49013
435.00000 0.89191 1576.76096
436.00000 0.89458 1581.03180
437.00000 0.89724 1585.30263
438.00000 0.89991 1589.57346
439.00000 0.90257 1593.84430
440.00000 0.90524 1598.11513
441.00000 0.90791 1602.38596
442.00000 0.91058 1606.65680
443.00000 0.91326 1610.92763
444.00000 0.91595 1615.19846
445.00000 0.91865 1619.46930
446.00000 0.92136 1623.74013
447.00000 0.92409 1628.01096
448.00000 0.92683 1632.28180
449.00000 0.92959 1636.55263
450.00000 0.93237 1640.82346
451.00000 0.93517 1645.09430
452.00000 0.93800 1649.36513
453.00000 0.94086 1653.63596
454.00000 0.94374 1657.90680
455.00000 0.94667 1662.17763
456.00000 0.94963 1666.44846
457.00000 0.95263 1670.71929
458.00000 0.95568 1674.99013
459.00000 0.95878 1679.26096
460.00000 0.96193 1683.53179
461.00000 0.96515 1687.80263
462.00000 0.96843 1692.07346
463.00000 0.97179 1696.34429
464.00000 0.97522 1700.61513
465.00000 0.97875 1704.88596
466.00000 0.98238 1709.15679
467.00000 0.98611 1713.42763
468.00000 0.98996 1717.69846
469.00000 0.99393 1721.96929
470.00000 0.99803 1726.24013
471.00000 0.99841 1726.62839
472.00000 0.99917 1727.40490
473.00000 0.99931 1727.54609
474.00000 0.99959 1727.82845
475.00000 0.99964 1727.87979
476.00000 0.99974 1727.98247
477.00000 0.99994 1728.18783
478.00000 0.99997 1728.22517
479.00000 0.99998 1728.23196
480.00000 0.99999 1728.24554
481.00000 1.00000 1220.00000
482.00000 1.00000 1217.00000
483.00000 1.00000 1214.00000
484.00000 1.00000 1211.00000
485.00000 1.00000 1208.00000
486.00000 1.00000 1205.00000
487.00000 1.00000 1202.00000
488.00000 1.00000 1199.00000
489.00000 1.00000 1196.00000
490.00000 1.00000 1322.00000
491.00000 1.00000 1193.00000
492.00000 1.00000 1190.00000
493.00000 1.00000 1187.00000
494.00000 1.00000 1184.00000
495.00000 1.00000 1163.00000
496.00000 1.00000 1178.00000
497.00000 1.00000 1175.00000
498.00000 1.00000 1172.00000
499.00000 1.00000 1169.00000
500.00000 1.00000 1166.00000
501.00000 1.00000 1223.00000
502.00000 1.00000 1160.00000
503.00000 1.00000 1157.00000
504.00000 1.00000 1154.00000
505.00000 1.00000 1151.00000
506.00000 1.00000 1148.00000
507.00000 1.00000 1145.00000
508.00000 1.00000 1142.00000
509.00000 1.00000 1181.00000
510.00000 1.00000 1226.00000
511.00000 1.00000 1250.00000
512.00000 1.00000 1232.00000
513.00000 1.00000 1319.00000
514.00000 1.00000 1316.00000
515.00000 1.00000 1313.00000
516.00000 1.00000 1310.00000
517.00000 1.00000 1307.00000
518.00000 1.00000 1304.00000
519.00000 1.00000 1301.00000
520.00000 1.00000 1298.00000
521.00000 1.00000 1295.00000
522.00000 1.00000 1292.00000
523.00000 1.00000 1289.00000
524.00000 1.00000 1286.00000
525.00000 1.00000 1283.00000
526.00000 1.00000 1280.00000
527.00000 1.00000 1277.00000
528.00000 1.00000 1274.00000
529.00000 1.00000 1271.00000
530.00000 1.00000 1268.00000
531.00000 1.00000 1265.00000
532.00000 1.00000 1262.00000
533.00000 1.00000 1259.00000
534.00000 1.00000 1256.00000
535.00000 1.00000 1253.00000
536.00000 1.00000 1139.00000
537.00000 1.00000 1247.00000
538.00000 1.00000 1244.00000
539.00000 1.00000 1241.00000
540.00000 1.00000 1238.00000
541.00000 1.00000 1235.00000
542.00000 1.00000 1229.00000
543.00000 1.00000 1136.00000
544.00000 1.00000 998.00000
545.00000 1.00000 1130.00000
546.00000 1.00000 1028.00000
547.00000 1.00000 1025.00000
548.00000 1.00000 1022.00000
549.00000 1.00000 1019.00000
550.00000 1.00000 1016.00000
551.00000 1.00000 1013.00000
552.00000 1.00000 1010.00000
553.00000 1.00000 1007.00000
554.00000 1.00000 1004.00000
555.00000 1.00000 1001.00000
556.00000 1.00000 1325.00000
557.00000 1.00000 995.00000
558.00000 1.00000 992.00000
559.00000 1.00000 989.00000
560.00000 1.00000 986.00000
561.00000 1.00000 983.00000
562.00000 1.00000 980.00000
563.00000 1.00000 977.00000
564.00000 1.00000 974.00000
565.00000 1.00000 971.00000
566.00000 1.00000 968.00000
567.00000 1.00000 965.00000
568.00000 1.00000 962.00000
569.00000 1.00000 959.00000
570.00000 1.00000 956.00000
571.00000 1.00000 953.00000
572.00000 1.00000 950.00000
573.00000 1.00000 947.00000
574.00000 1.00000 944.00000
575.00000 1.00000 1031.00000
576.00000 1.00000 1133.00000
577.00000 1.00000 1034.00000
578.00000 1.00000 1040.00000
579.00000 1.00000 1127.00000
580.00000 1.00000 1124.00000
581.00000 1.00000 1121.00000
582.00000 1.00000 1118.00000
583.00000 1.00000 1115.00000
584.00000 1.00000 1112.00000
585.00000 1.00000 1109.00000
586.00000 1.00000 1106.00000
587.00000 1.00000 1103.00000
588.00000 1.00000 1100.00000
589.00000 1.00000 1097.00000
590.00000 1.00000 1094.00000
591.00000 1.00000 1091.00000
592.00000 1.00000 1088.00000
593.00000 1.00000 1085.00000
594.00000 1.00000 1082.00000
595.00000 1.00000 1079.00000
596.00000 1.00000 1076.00000
597.00000 1.00000 1073.00000
598.00000 1.00000 1070.00000
599.00000 1.00000 1067.00000
600.00000 1.00000 1064.00000
601.00000 1.00000 1061.00000
602.00000 1.00000 1058.00000
603.00000 1.00000 1055.00000
604.00000 1.00000 1052.00000
605.00000 1.00000 1049.00000
606.00000 1.00000 1046.00000
607.00000 1.00000 1043.00000
608.00000 1.00000 1037.00000
609.00000 1.00000 1328.00000
610.00000 1.00000 1469.00000
611.00000 1.00000 1334.00000
612.00000 1.00000 1622.00000
613.00000 1.00000 1619.00000
614.00000 1.00000 1616.00000
615.00000 1.00000 1613.00000
616.00000 1.00000 1610.00000
617.00000 1.00000 1607.00000
618.00000 1.00000 1604.00000
619.00000 1.00000 1601.00000
620.00000 1.00000 1598.00000
621.00000 1.00000 1595.00000
622.00000 1.00000 1592.00000
623.00000 1.00000 1589.00000
624.00000 1.00000 1586.00000
625.00000 1.00000 1583.00000
626.00000 1.00000 1580.00000
627.00000 1.00000 1577.00000
628.00000 1.00000 1574.00000
629.00000 1.00000 1571.00000
630.00000 1.00000 1568.00000
631.00000 1.00000 1565.00000
632.00000 1.00000 1562.00000
633.00000 1.00000 1559.00000
634.00000 1.00000 1556.00000
635.00000 1.00000 1553.00000
636.00000 1.00000 1550.00000
637.00000 1.00000 1547.00000
638.00000 1.00000 1544.00000
639.00000 1.00000 1541.00000
640.00000 1.00000 1538.00000
641.00000 1.00000 1625.00000
642.00000 1.00000 1535.00000
643.00000 1.00000 1628.00000
644.00000 1.00000 1634.00000
645.00000 1.00000 941.00000
646.00000 1.00000 1718.00000
647.00000 1.00000 1715.00000
648.00000 1.00000 1712.00000
649.00000 1.00000 1709.00000
650.00000 1.00000 1706.00000
651.00000 1.00000 1703.00000
652.00000 1.00000 1700.00000
653.00000 1.00000 1697.00000
654.00000 1.00000 1694.00000
655.00000 1.00000 1691.00000
656.00000 1.00000 1688.00000
657.00000 1.00000 1685.00000
658.00000 1.00000 1682.00000
659.00000 1.00000 1679.00000
660.00000 1.00000 1676.00000
661.00000 1.00000 1673.00000
662.00000 1.00000 1670.00000
663.00000 1.00000 1667.00000
664.00000 1.00000 1664.00000
665.00000 1.00000 1661.00000
666.00000 1.00000 1658.00000
667.00000 1.00000 1655.00000
668.00000 1.00000 1652.00000
669.00000 1.00000 1649.00000
670.00000 1.00000 1646.00000
671.00000 1.00000 1643.00000
672.00000 1.00000 1640.00000
673.00000 1.00000 1637.00000
674.00000 1.00000 1631.00000
675.00000 1.00000 1331.00000
676.00000 1.00000 1532.00000
677.00000 1.00000 1526.00000
678.00000 1.00000 1421.00000
679.00000 1.00000 1418.00000
680.00000 1.00000 1415.00000
681.00000 1.00000 1412.00000
682.00000 1.00000 1409.00000
683.00000 1.00000 1406.00000
684.00000 1.00000 1403.00000
685.00000 1.00000 1400.00000
686.00000 1.00000 1397.00000
687.00000 1.00000 1394.00000
688.00000 1.00000 1391.00000
689.00000 1.00000 1388.00000
690.00000 1.00000 1385.00000
691.00000 1.00000 1382.00000
692.00000 1.00000 1379.00000
693.00000 1.00000 1376.00000
694.00000 1.00000 1373.00000
695.00000 1.00000 1370.00000
696.00000 1.00000 1367.00000
697.00000 1.00000 1364.00000
698.00000 1.00000 1361.00000
699.00000 1.00000 1358.00000
700.00000 1.00000 1355.00000
701.00000 1.00000 1352.00000
702.00000 1.00000 1349.00000
703.00000 1.00000 1346.00000
704.00000 1.00000 1343.00000
705.00000 1.00000 1340.00000
706.00000 1.00000 1337.00000
707.00000 1.00000 1424.00000
708.00000 1.00000 1529.00000
709.00000 1.00000 1427.00000
710.00000 1.00000 1433.00000
711.00000 1.00000 1523.00000
712.00000 1.00000 1520.00000
713.00000 1.00000 1517.00000
714.00000 1.00000 1514.00000
715.00000 1.00000 1511.00000
716.00000 1.00000 1508.00000
717.00000 1.00000 1505.00000
718.00000 1.00000 1502.00000
719.00000 1.00000 1499.00000
720.00000 1.00000 1496.00000
721.00000 1.00000 1493.00000
722.00000 1.00000 1490.00000
723.00000 1.00000 1487.00000
724.00000 1.00000 1484.00000
725.00000 1.00000 1481.00000
726.00000 1.00000 1478.00000
727.00000 1.00000 1475.00000
728.00000 1.00000 1472.00000
729.00000 1.00000 1466.00000
730.00000 1.00000 1463.00000
731.00000 1.00000 1460.00000
732.00000 1.00000 1457.00000
733.00000 1.00000 1454.00000
734.00000 1.00000 1451.00000
735.00000 1.00000 1448.00000
736.00000 1.00000 1445.00000
737.00000 1.00000 1442.00000
738.00000 1.00000 1439.00000
739.00000 1.00000 1436.00000
740.00000 1.00000 1430.00000
741.00000 1.00000 938.00000
742.00000 1.00000 218.00000
743.00000 1.00000 932.00000
744.00000 1.00000 434.00000
745.00000 1.00000 431.00000
746.00000 1.00000 428.00000
747.00000 1.00000 425.00000
748.00000 1.00000 422.00000
749.00000 1.00000 419.00000
750.00000 1.00000 416.00000
751.00000 1.00000 413.00000
752.00000 1.00000 410.00000
753.00000 1.00000 407.00000
754.00000 1.00000 404.00000
755.00000 1.00000 401.00000
756.00000 1.00000 398.00000
757.00000 1.00000 437.00000
758.00000 1.00000 395.00000
759.00000 1.00000 389.00000
760.00000 1.00000 386.00000
761.00000 1.00000 383.00000
762.00000 1.00000 380.00000
763.00000 1.00000 377.00000
764.00000 1.00000 374.00000
765.00000 1.00000 371.00000
766.00000 1.00000 368.00000
767.00000 1.00000 365.00000
768.00000 1.00000 362.00000
769.00000 1.00000 359.00000
770.00000 1.00000 356.00000
771.00000 1.00000 353.00000
772.00000 1.00000 392.00000
773.00000 1.00000 440.00000
774.00000 1.00000 443.00000
775.00000 1.00000 446.00000
776.00000 1.00000 533.00000
777.00000 1.00000 530.00000
778.00000 1.00000 527.00000
779.00000 1.00000 524.00000
780.00000 1.00000 521.00000
781.00000 1.00000 518.00000
782.00000 1.00000 515.00000
783.00000 1.00000 512.00000
784.00000 1.00000 509.00000
785.00000 1.00000 506.00000
786.00000 1.00000 503.00000
787.00000 1.00000 500.00000
788.00000 1.00000 497.00000
789.00000 1.00000 494.00000
790.00000 1.00000 491.00000
791.00000 1.00000 488.00000
792.00000 1.00000 485.00000
793.00000 1.00000 482.00000
794.00000 1.00000 479.00000
795.00000 1.00000 476.00000
796.00000 1.00000 473.00000
797.00000 1.00000 470.00000
798.00000 1.00000 467.00000
799.00000 1.00000 464.00000
800.00000 1.00000 461.00000
801.00000 1.00000 458.00000
802.00000 1.00000 455.00000
803.00000 1.00000 452.00000
804.00000 1.00000 449.00000
805.00000 1.00000 350.00000
806.00000 1.00000 347.00000
807.00000 1.00000 344.00000
808.00000 1.00000 341.00000
809.00000 1.00000 239.00000
810.00000 1.00000 236.00000
811.00000 1.00000 233.00000
812.00000 1.00000 230.00000
813.00000 1.00000 227.00000
814.00000 1.00000 224.00000
815.00000 1.00000 221.00000
816.00000 1.00000 1721.00000
817.00000 1.00000 215.00000
818.00000 1.00000 212.00000
819.00000 1.00000 209.00000
820.00000 1.00000 206.00000
821.00000 1.00000 203.00000
822.00000 1.00000 200.00000
823.00000 1.00000 1728.25289
824.00000 1.00000 1728.25289
825.00000 1.00000 1728.25288
826.00000 1.00000 1728.25282
827.00000 1.00000 1728.25279
828.00000 1.00000 1728.25261
829.00000 1.00000 1728.25253
830.00000 1.00000 1728.25248
831.00000 1.00000 1728.25225
832.00000 1.00000 1728.25213
833.00000 1.00000 1728.25147
834.00000 1.00000 1728.25115
835.00000 1.00000 1728.24935
836.00000 1.00000 1728.24846
837.00000 1.00000 1728.24801
838.00000 1.00000 242.00000
839.00000 1.00000 536.00000
840.00000 1.00000 245.00000
841.00000 1.00000 251.00000
842.00000 1.00000 338.00000
843.00000 1.00000 335.00000
844.00000 1.00000 332.00000
845.00000 1.00000 329.00000
846.00000 1.00000 326.00000
847.00000 1.00000 323.00000
848.00000 1.00000 320.00000
849.00000 1.00000 317.00000
850.00000 1.00000 314.00000
851.00000 1.00000 311.00000
852.00000 1.00000 308.00000
853.00000 1.00000 305.00000
854.00000 1.00000 302.00000
855.00000 1.00000 299.00000
856.00000 1.00000 296.00000
857.00000 1.00000 293.00000
858.00000 1.00000 290.00000
859.00000 1.00000 287.00000
860.00000 1.00000 284.00000
861.00000 1.00000 281.00000
862.00000 1.00000 278.00000
863.00000 1.00000 275.00000
864.00000 1.00000 272.00000
865.00000 1.00000 269.00000
866.00000 1.00000 266.00000
867.00000 1.00000 263.00000
868.00000 1.00000 260.00000
869.00000 1.00000 257.00000
870.00000 1.00000 254.00000
871.00000 1.00000 248.00000
872.00000 1.00000 539.00000
873.00000 1.00000 542.00000
874.00000 1.00000 545.00000
875.00000 1.00000 830.00000
876.00000 1.00000 827.00000
877.00000 1.00000 824.00000
878.00000 1.00000 821.00000
879.00000 1.00000 818.00000
880.00000 1.00000 815.00000
881.00000 1.00000 812.00000
882.00000 1.00000 809.00000
883.00000 1.00000 806.00000
884.00000 1.00000 803.00000
885.00000 1.00000 800.00000
886.00000 1.00000 797.00000
887.00000 1.00000 794.00000
888.00000 1.00000 791.00000
889.00000 1.00000 788.00000
890.00000 1.00000 785.00000
891.00000 1.00000 782.00000
892.00000 1.00000 779.00000
893.00000 1.00000 776.00000
894.00000 1.00000 773.00000
895.00000 1.00000 770.00000
896.00000 1.00000 767.00000
897.00000 1.00000 764.00000
898.00000 1.00000 761.00000
899.00000 1.00000 758.00000
900.00000 1.00000 755.00000
901.00000 1.00000 752.00000
902.00000 1.00000 749.00000
903.00000 1.00000 746.00000
904.00000 1.00000 833.00000
905.00000 1.00000 743.00000
906.00000 1.00000 836.00000
907.00000 1.00000 842.00000
908.00000 1.00000 929.00000
909.00000 1.00000 926.00000
910.00000 1.00000 923.00000
911.00000 1.00000 920.00000
912.00000 1.00000 917.00000
913.00000 1.00000 914.00000
914.00000 1.00000 911.00000
915.00000 1.00000 908.00000
916.00000 1.00000 905.00000
917.00000 1.00000 902.00000
918.00000 1.00000 899.00000
919.00000 1.00000 896.00000
920.00000 1.00000 893.00000
921.00000 1.00000 890.00000
922.00000 1.00000 887.00000
923.00000 1.00000 884.00000
924.00000 1.00000 881.00000
925.00000 1.00000 878.00000
926.00000 1.00000 875.00000
927.00000 1.00000 872.00000
928.00000 1.00000 869.00000
929.00000 1.00000 866.00000
930.00000 1.00000 863.00000
931.00000 1.00000 860.00000
932.00000 1.00000 857.00000
933.00000 1.00000 854.00000
934.00000 1.00000 851.00000
935.00000 1.00000 848.00000
936.00000 1.00000 845.00000
937.00000 1.00000 839.00000
938.00000 1.00000 935.00000
939.00000 1.00000 740.00000
940.00000 1.00000 734.00000
941.00000 1.00000 632.00000
942.00000 1.00000 629.00000
943.00000 1.00000 626.00000
944.00000 1.00000 623.00000
945.00000 1.00000 620.00000
946.00000 1.00000 617.00000
947.00000 1.00000 614.00000
948.00000 1.00000 611.00000
949.00000 1.00000 608.00000
950.00000 1.00000 605.00000
951.00000 1.00000 602.00000
952.00000 1.00000 599.00000
953.00000 1.00000 596.00000
954.00000 1.00000 593.00000
955.00000 1.00000 590.00000
956.00000 1.00000 587.00000
957.00000 1.00000 584.00000
958.00000 1.00000 581.00000
959.00000 1.00000 578.00000
960.00000 1.00000 575.00000
961.00000 1.00000 572.00000
962.00000 1.00000 569.00000
963.00000 1.00000 566.00000
964.00000 1.00000 563.00000
965.00000 1.00000 560.00000
966.00000 1.00000 557.00000
967.00000 1.00000 554.00000
968.00000 1.00000 551.00000
969.00000 1.00000 548.00000
970.00000 1.00000 635.00000
971.00000 1.00000 737.00000
972.00000 1.00000 638.00000
973.00000 1.00000 644.00000
974.00000 1.00000 731.00000
975.00000 1.00000 728.00000
976.00000 1.00000 725.00000
977.00000 1.00000 722.00000
978.00000 1.00000 719.00000
979.00000 1.00000 716.00000
980.00000 1.00000 713.00000
981.00000 1.00000 710.00000
982.00000 1.00000 707.00000
983.00000 1.00000 704.00000
984.00000 1.00000 701.00000
985.00000 1.00000 698.00000
986.00000 1.00000 695.00000
987.00000 1.00000 692.00000
988.00000 1.00000 689.00000
989.00000 1.00000 686.00000
990.00000 1.00000 683.00000
991.00000 1.00000 680.00000
992.00000 1.00000 677.00000
993.00000 1.00000 674.00000
994.00000 1.00000 671.00000
995.00000 1.00000 668.00000
996.00000 1.00000 665.00000
997.00000 1.00000 662.00000
998.00000 1.00000 659.00000
999.00000 1.00000 656.00000
1000.00000 1.00000 653.00000
1001.00000 1.00000 650.00000
1002.00000 1.00000 647.00000
1003.00000 1.00000 641.00000
1004.00000 1.00000 1724.00000
