0.00000 0.36041 1527.83103
1.00000 0.36041 1527.83103
2.00000 0.36042 1527.82676
3.00000 0.36060 1526.69076
4.00000 0.36130 1522.41992
5.00000 0.36200 1518.14909
6.00000 0.36271 1513.87826
7.00000 0.36342 1509.60742
8.00000 0.36413 1505.33659
9.00000 0.36485 1501.06576
10.00000 0.36556 1496.79492
11.00000 0.36618 1523.56020
12.00000 0.36629 1492.52409
13.00000 0.36701 1488.25326
14.00000 0.36774 1483.98242
15.00000 0.36847 1479.71159
16.00000 0.36921 1475.44076
17.00000 0.36995 1471.16992
18.00000 0.37069 1466.89909
19.00000 0.37144 1462.62826
20.00000 0.37210 1519.28936
21.00000 0.37219 1458.35742
22.00000 0.37294 1454.08659
23.00000 0.37370 1449.81576
24.00000 0.37446 1445.54492
25.00000 0.37522 1441.27409
26.00000 0.37599 1437.00326
27.00000 0.37676 1432.73242
28.00000 0.37753 1428.46159
29.00000 0.37818 1515.01853
30.00000 0.37831 1424.19076
31.00000 0.37909 1419.91992
32.00000 0.37988 1415.64909
33.00000 0.38067 1411.37826
34.00000 0.38146 1407.10742
35.00000 0.38226 1402.83659
36.00000 0.38306 1398.56576
37.00000 0.38386 1394.29492
38.00000 0.38444 1510.74770
39.00000 0.38467 1390.02409
40.00000 0.38548 1385.75326
41.00000 0.38629 1381.48242
42.00000 0.38711 1377.21159
43.00000 0.38794 1372.94076
44.00000 0.38876 1368.66992
45.00000 0.38959 1364.39909
46.00000 0.39043 1360.12826
47.00000 0.39089 1506.47686
48.00000 0.39127 1355.85742
49.00000 0.39211 1351.58659
50.00000 0.39296 1347.31576
51.00000 0.39381 1343.04492
52.00000 0.39466 1338.77409
53.00000 0.39552 1334.50326
54.00000 0.39639 1330.23242
55.00000 0.39725 1325.96159
56.00000 0.39754 1502.20603
57.00000 0.39813 1321.69076
58.00000 0.39900 1317.41993
59.00000 0.39988 1313.14909
60.00000 0.40077 1308.87826
61.00000 0.40165 1304.60743
62.00000 0.40255 1300.33659
63.00000 0.40344 1296.06576
64.00000 0.40434 1291.79493
65.00000 0.40441 1497.93520
66.00000 0.40525 1287.52409
67.00000 0.40616 1283.25326
68.00000 0.40707 1278.98243
69.00000 0.40799 1274.71159
70.00000 0.40891 1270.44076
71.00000 0.40984 1266.16993
72.00000 0.41077 1261.89909
73.00000 0.41152 1493.66436
74.00000 0.41171 1257.62826
75.00000 0.41265 1253.35743
76.00000 0.41360 1249.08659
77.00000 0.41454 1244.81576
78.00000 0.41550 1240.54493
79.00000 0.41646 1236.27409
80.00000 0.41742 1232.00326
81.00000 0.41839 1227.73243
82.00000 0.41890 1489.39353
83.00000 0.41936 1223.46159
84.00000 0.42034 1219.19076
85.00000 0.42132 1214.91993
86.00000 0.42231 1210.64909
87.00000 0.42330 1206.37826
88.00000 0.42429 1202.10743
89.00000 0.42529 1197.83659
90.00000 0.42630 1193.56576
91.00000 0.42658 1485.12270
92.00000 0.42731 1189.29493
93.00000 0.42832 1185.02409
94.00000 0.42934 1180.75326
95.00000 0.43037 1176.48243
96.00000 0.43139 1172.21159
97.00000 0.43243 1167.94076
98.00000 0.43347 1163.66993
99.00000 0.43451 1159.39909
100.00000 0.43459 1480.85186
101.00000 0.43556 1155.12826
102.00000 0.43661 1150.85743
103.00000 0.43767 1146.58659
104.00000 0.43873 1142.31576
105.00000 0.43980 1138.04493
106.00000 0.44087 1133.77409
107.00000 0.44195 1129.50326
108.00000 0.44299 1476.58103
109.00000 0.44303 1125.23243
110.00000 0.44412 1120.96159
111.00000 0.44521 1116.69076
112.00000 0.44631 1112.41993
113.00000 0.44741 1108.14909
114.00000 0.44852 1103.87826
115.00000 0.44963 1099.60743
116.00000 0.45074 1095.33659
117.00000 0.45183 1472.31020
118.00000 0.45187 1091.06576
119.00000 0.45299 1086.79493
120.00000 0.45412 1082.52409
121.00000 0.45526 1078.25326
122.00000 0.45640 1073.98243
123.00000 0.45755 1069.71159
124.00000 0.45870 1065.44076
125.00000 0.45985 1061.16993
126.00000 0.46101 1056.89909
127.00000 0.46120 1468.03936
128.00000 0.46218 1052.62826
129.00000 0.46335 1048.35743
130.00000 0.46453 1044.08659
131.00000 0.46571 1039.81576
132.00000 0.46689 1035.54493
133.00000 0.46808 1031.27836
134.00000 0.46808 1031.27409
135.00000 0.46808 1031.27409
136.00000 0.46827 1031.30694
137.00000 0.47122 1463.76853
138.00000 0.48205 1459.49770
139.00000 0.48402 1033.51484
140.00000 0.49184 1034.18403
141.00000 0.49398 1455.22686
142.00000 0.49962 1034.53894
143.00000 0.50350 1034.59205
144.00000 0.50544 1034.58627
145.00000 0.50641 1034.57515
146.00000 0.50689 1034.56750
147.00000 0.50713 1034.56315
148.00000 0.50750 1450.95603
149.00000 0.50779 1034.54958
150.00000 0.51026 1034.47490
151.00000 0.51117 1034.43756
152.00000 0.51488 1034.23220
153.00000 0.51630 1034.12952
154.00000 0.51695 1034.07818
155.00000 0.52003 1033.79581
156.00000 0.52368 1446.68520
157.00000 0.53096 1032.24278
158.00000 0.53484 1031.46627
159.00000 0.53658 1031.07801
160.00000 0.54619 1442.41436
161.00000 0.54902 1442.02611
162.00000 0.55095 1026.80718
163.00000 0.55573 1441.24959
164.00000 0.55718 1441.10841
165.00000 0.56045 1440.82604
166.00000 0.56099 1022.53634
167.00000 0.56895 1018.26551
168.00000 0.57127 1440.26130
169.00000 0.57165 1440.25196
170.00000 0.57179 1440.24886
171.00000 0.57206 1440.24292
172.00000 0.57260 1440.23219
173.00000 0.57367 1440.21522
174.00000 0.57561 1013.99468
175.00000 0.57581 1440.19922
176.00000 0.58004 1440.23810
177.00000 0.58136 1009.72384
178.00000 0.58645 1005.45301
179.00000 0.58831 1440.59006
180.00000 0.59099 1001.18645
181.00000 0.59100 1001.18218
182.00000 0.59100 1001.18218
183.00000 0.59210 1000.36551
184.00000 0.59730 996.09467
185.00000 0.60176 991.82384
186.00000 0.60396 1442.26670
187.00000 0.60568 987.55301
188.00000 0.60917 983.28217
189.00000 0.61232 979.01134
190.00000 0.61519 974.74051
191.00000 0.61677 1444.52532
192.00000 0.61782 970.46967
193.00000 0.62025 966.19884
194.00000 0.62251 961.92801
195.00000 0.62461 957.65717
196.00000 0.62657 953.38634
197.00000 0.62831 1446.85732
198.00000 0.62841 949.11551
199.00000 0.63015 944.84467
200.00000 0.63178 940.57384
201.00000 0.63332 936.30301
202.00000 0.63478 932.03217
203.00000 0.63616 927.76134
204.00000 0.63747 923.49051
205.00000 0.63845 1448.24947
206.00000 0.63872 919.21967
207.00000 0.63991 914.94884
208.00000 0.64104 910.67801
209.00000 0.64212 906.40717
210.00000 0.64298 1448.15057
211.00000 0.64315 902.13634
212.00000 0.64413 897.86551
213.00000 0.64507 893.59467
214.00000 0.64510 1447.80636
215.00000 0.64597 889.32384
216.00000 0.64683 885.05301
217.00000 0.64713 1447.22393
218.00000 0.64766 880.78217
219.00000 0.64845 876.51134
220.00000 0.64921 872.24051
221.00000 0.64993 867.96967
222.00000 0.65063 863.69884
223.00000 0.65092 1445.20834
224.00000 0.65130 859.42801
225.00000 0.65194 855.15717
226.00000 0.65256 850.88634
227.00000 0.65316 846.61551
228.00000 0.65373 842.34467
229.00000 0.65427 838.07384
230.00000 0.65437 1441.81460
231.00000 0.65480 833.80301
232.00000 0.65531 829.53217
233.00000 0.65579 825.26134
234.00000 0.65597 1439.50364
235.00000 0.65626 820.99051
236.00000 0.65659 1438.43593
237.00000 0.65671 816.71967
238.00000 0.65715 812.44884
239.00000 0.65756 808.17801
240.00000 0.65770 1436.30052
241.00000 0.65796 803.90717
242.00000 0.65835 799.63634
243.00000 0.65872 795.36551
244.00000 0.65907 791.09467
245.00000 0.65942 786.82384
246.00000 0.65942 786.82811
247.00000 0.65942 786.82384
248.00000 0.65947 1432.02968
249.00000 0.65970 783.42341
250.00000 0.66005 779.15258
251.00000 0.66039 774.88175
252.00000 0.66071 770.61091
253.00000 0.66089 1427.75885
254.00000 0.66102 766.34008
255.00000 0.66131 762.06925
256.00000 0.66160 757.79841
257.00000 0.66187 753.52758
258.00000 0.66206 1423.48802
259.00000 0.66212 749.25675
260.00000 0.66237 744.98591
261.00000 0.66261 740.71508
262.00000 0.66283 736.44425
263.00000 0.66305 732.17341
264.00000 0.66306 1419.21718
265.00000 0.66325 727.90258
266.00000 0.66345 723.63175
267.00000 0.66363 719.36091
268.00000 0.66381 715.09008
269.00000 0.66394 1414.94635
270.00000 0.66398 710.81925
271.00000 0.66414 706.54841
272.00000 0.66430 702.27758
273.00000 0.66444 698.00675
274.00000 0.66458 693.73591
275.00000 0.66471 689.46508
276.00000 0.66472 1410.67552
277.00000 0.66484 685.19425
278.00000 0.66496 680.92341
279.00000 0.66507 676.65258
280.00000 0.66517 672.38175
281.00000 0.66527 668.11091
282.00000 0.66537 663.84008
283.00000 0.66542 1406.40468
284.00000 0.66546 659.56925
285.00000 0.66554 655.29841
286.00000 0.66562 651.02758
287.00000 0.66570 646.75675
288.00000 0.66577 642.48591
289.00000 0.66584 638.21508
290.00000 0.66590 633.94425
291.00000 0.66596 629.67341
292.00000 0.66601 625.40258
293.00000 0.66606 621.13175
294.00000 0.66607 1402.13385
295.00000 0.66611 616.86091
296.00000 0.66616 612.59008
297.00000 0.66620 608.31925
298.00000 0.66624 604.04841
299.00000 0.66627 599.77758
300.00000 0.66631 595.50675
301.00000 0.66634 591.23591
302.00000 0.66637 586.96508
303.00000 0.66640 582.69425
304.00000 0.66642 578.42341
305.00000 0.66644 574.15258
306.00000 0.66647 569.88175
307.00000 0.66648 565.61091
308.00000 0.66650 561.34008
309.00000 0.66652 557.06925
310.00000 0.66653 552.79841
311.00000 0.66655 548.52758
312.00000 0.66656 544.25675
313.00000 0.66657 539.98591
314.00000 0.66658 535.71508
315.00000 0.66659 531.44425
316.00000 0.66660 527.17341
317.00000 0.66661 522.90258
318.00000 0.66662 514.36091
319.00000 0.66662 518.63175
320.00000 0.66663 505.81925
321.00000 0.66663 510.09008
322.00000 0.66664 493.00675
323.00000 0.66664 501.54841
324.00000 0.66664 497.27758
325.00000 0.66665 488.73591
326.00000 0.66665 484.46508
327.00000 0.66665 480.19425
328.00000 0.66665 475.92341
329.00000 0.66666 709.78180
330.00000 0.66666 761.03180
331.00000 0.66666 756.76097
332.00000 0.66666 752.49014
333.00000 0.66666 748.21930
334.00000 0.66666 743.94847
335.00000 0.66666 739.67764
336.00000 0.66666 726.86514
337.00000 0.66666 731.13597
338.00000 0.66666 705.51097
339.00000 0.66666 722.59430
340.00000 0.66666 718.32347
341.00000 0.66666 714.05264
342.00000 0.66666 735.40680
343.00000 0.66666 701.24014
344.00000 0.66666 441.75675
345.00000 0.66666 692.69847
346.00000 0.66666 1397.86302
347.00000 0.66666 437.48592
348.00000 0.66666 433.21508
349.00000 0.66666 446.02758
350.00000 0.66666 696.96930
351.00000 0.66666 450.29842
352.00000 0.66666 454.56925
353.00000 0.66666 458.84008
354.00000 0.66666 463.11092
355.00000 0.66666 467.38175
356.00000 0.66666 471.65258
357.00000 0.66667 375.54183
358.00000 0.66667 377.54129
359.00000 0.66667 378.17326
360.00000 0.66667 379.43720
361.00000 0.66667 390.50675
362.00000 0.66667 386.23592
363.00000 0.66667 375.02057
364.00000 0.66667 394.77758
365.00000 0.66667 399.04842
366.00000 0.66667 403.31925
367.00000 0.66667 407.59008
368.00000 0.66667 411.86092
369.00000 0.66667 416.13175
370.00000 0.66667 420.40258
371.00000 0.66667 424.67342
372.00000 0.66667 428.94425
373.00000 0.66667 381.96508
374.00000 0.66667 374.87962
375.00000 0.66667 374.81719
376.00000 0.66667 374.81866
377.00000 0.66667 396.69213
378.00000 0.66667 396.68785
379.00000 0.66667 388.15046
380.00000 0.66667 383.87963
381.00000 0.66667 379.60879
382.00000 0.66667 375.33796
383.00000 0.66667 374.94970
384.00000 0.66667 374.87911
385.00000 0.66667 374.83913
386.00000 0.66667 374.86627
387.00000 0.66667 374.83594
388.00000 0.66667 374.82660
389.00000 0.66667 374.82491
390.00000 0.66667 374.82151
391.00000 0.66667 374.82089
392.00000 0.66667 374.81966
393.00000 0.66667 374.81646
394.00000 0.66667 374.81594
395.00000 0.66667 374.84060
396.00000 0.66667 392.42129
397.00000 0.66667 816.55263
398.00000 0.66667 825.09430
399.00000 0.66667 470.61514
400.00000 0.66667 466.34430
401.00000 0.66667 462.07347
402.00000 0.66667 457.80264
403.00000 0.66667 453.53180
404.00000 0.66667 449.26097
405.00000 0.66667 444.99014
406.00000 0.66667 440.71930
407.00000 0.66667 436.44847
408.00000 0.66667 432.17764
409.00000 0.66667 427.90680
410.00000 0.66667 423.63597
411.00000 0.66667 419.36514
412.00000 0.66667 415.09430
413.00000 0.66667 410.82347
414.00000 0.66667 406.55264
415.00000 0.66667 402.28180
416.00000 0.66667 872.07347
417.00000 0.66667 867.80263
418.00000 0.66667 863.53180
419.00000 0.66667 859.26097
420.00000 0.66667 854.99013
421.00000 0.66667 850.71930
422.00000 0.66667 474.88597
423.00000 0.66667 846.44847
424.00000 0.66667 837.90680
425.00000 0.66667 833.63597
426.00000 0.66667 829.36513
427.00000 0.66667 820.82347
428.00000 0.66667 396.69213
429.00000 0.66667 398.01097
430.00000 0.66667 842.17763
431.00000 0.66667 479.15680
432.00000 0.66667 483.42764
433.00000 0.66667 487.69847
434.00000 0.66667 568.84430
435.00000 0.66667 573.11514
436.00000 0.66667 577.38597
437.00000 0.66667 581.65680
438.00000 0.66667 585.92764
439.00000 0.66667 590.19847
440.00000 0.66667 564.57347
441.00000 0.66667 594.46930
442.00000 0.66667 603.01097
443.00000 0.66667 607.28180
444.00000 0.66667 611.55264
445.00000 0.66667 615.82347
446.00000 0.66667 620.09430
447.00000 0.66667 624.36514
448.00000 0.66667 598.74014
449.00000 0.66667 876.34430
450.00000 0.66667 560.30264
451.00000 0.66667 551.76097
452.00000 0.66667 491.96930
453.00000 0.66667 496.24014
454.00000 0.66667 500.51097
455.00000 0.66667 504.78180
456.00000 0.66667 509.05264
457.00000 0.66667 513.32347
458.00000 0.66667 556.03180
459.00000 0.66667 517.59430
460.00000 0.66667 526.13597
461.00000 0.66667 530.40680
462.00000 0.66667 534.67764
463.00000 0.66667 538.94847
464.00000 0.66667 543.21930
465.00000 0.66667 547.49014
466.00000 0.66667 521.86514
467.00000 0.66667 628.63597
468.00000 0.66667 880.61513
469.00000 0.66667 889.15680
470.00000 0.66667 641.44847
471.00000 0.66667 645.71930
472.00000 0.66667 649.99014
473.00000 0.66667 654.26097
474.00000 0.66667 658.53180
475.00000 0.66667 662.80264
476.00000 0.66667 667.07347
477.00000 0.66667 671.34430
478.00000 0.66667 675.61514
479.00000 0.66667 679.88597
480.00000 0.66667 684.15680
481.00000 0.66667 637.17764
482.00000 0.66667 688.42764
483.00000 0.66667 769.57347
484.00000 0.66667 773.84430
485.00000 0.66667 778.11514
486.00000 0.66667 782.38597
487.00000 0.66667 786.65680
488.00000 0.66667 790.92764
489.00000 0.66667 795.19847
490.00000 0.66667 799.46930
491.00000 0.66667 803.74014
492.00000 0.66667 808.01097
493.00000 0.66667 812.28180
494.00000 0.66667 765.30264
495.00000 0.66667 884.88597
496.00000 0.66667 632.90680
497.00000 0.66667 893.42763
498.00000 0.66667 897.69847
499.00000 0.66667 901.96930
500.00000 0.66667 906.24013
501.00000 0.66668 940.40680
502.00000 0.66668 953.21930
503.00000 0.66668 948.94847
504.00000 0.66668 944.67763
505.00000 0.66668 936.13597
506.00000 0.66668 931.86513
507.00000 0.66668 957.49013
508.00000 0.66668 923.32347
509.00000 0.66668 919.05263
510.00000 0.66668 914.78180
511.00000 0.66668 910.51097
512.00000 0.66668 927.59430
513.00000 0.66669 961.76097
514.00000 0.66669 995.92763
515.00000 0.66669 991.65680
516.00000 0.66669 987.38597
517.00000 0.66669 983.11513
518.00000 0.66669 978.84430
519.00000 0.66669 970.30263
520.00000 0.66669 966.03180
521.00000 0.66669 974.57347
522.00000 0.66670 1008.74013
523.00000 0.66670 1000.19847
524.00000 0.66670 1021.55263
525.00000 0.66670 1017.28180
526.00000 0.66670 1013.01097
527.00000 0.66670 1004.46930
528.00000 0.66671 1047.17763
529.00000 0.66671 1042.90680
530.00000 0.66671 1038.63597
531.00000 0.66671 1030.09430
532.00000 0.66671 1025.82347
533.00000 0.66671 1034.36513
534.00000 0.66672 1068.53180
535.00000 0.66672 1064.26097
536.00000 0.66672 1059.99013
537.00000 0.66672 1055.71930
538.00000 0.66672 1051.44847
539.00000 0.66673 1081.34430
540.00000 0.66673 1077.07347
541.00000 0.66673 1085.61513
542.00000 0.66673 1072.80263
543.00000 0.66674 1089.88597
544.00000 0.66674 1094.15680
545.00000 0.66674 1098.42763
546.00000 0.66674 1102.69847
547.00000 0.66675 1106.96930
548.00000 0.66675 1111.24013
549.00000 0.66675 1115.51097
550.00000 0.66676 1119.78180
551.00000 0.66676 1124.05263
552.00000 0.66676 1128.32347
553.00000 0.66677 1141.13597
554.00000 0.66677 1132.59430
555.00000 0.66677 1136.86513
556.00000 0.66678 1145.40680
557.00000 0.66678 1149.67763
558.00000 0.66678 1153.94847
559.00000 0.66679 1158.21930
560.00000 0.66679 1162.49013
561.00000 0.66680 1166.76097
562.00000 0.66680 1171.03180
563.00000 0.66680 1175.30263
564.00000 0.66681 1179.57347
565.00000 0.66681 1183.84430
566.00000 0.66682 1192.38597
567.00000 0.66682 1188.11513
568.00000 0.66683 1196.65680
569.00000 0.66683 1200.92763
570.00000 0.66684 1209.46930
571.00000 0.66684 1205.19847
572.00000 0.66685 1218.01097
573.00000 0.66685 1213.74013
574.00000 0.66686 1222.28180
575.00000 0.66687 1230.82347
576.00000 0.66687 1226.55263
577.00000 0.66688 1235.09430
578.00000 0.66688 1239.36513
579.00000 0.66689 1243.63596
580.00000 0.66690 1252.17763
581.00000 0.66690 1247.90680
582.00000 0.66691 1256.44846
583.00000 0.66692 1260.71930
584.00000 0.66693 1264.99013
585.00000 0.66693 1269.26096
586.00000 0.66694 1273.53180
587.00000 0.66695 1277.80263
588.00000 0.66696 1282.07346
589.00000 0.66697 1286.34430
590.00000 0.66697 1290.61513
591.00000 0.66698 1294.88596
592.00000 0.66699 1299.15680
593.00000 0.66700 1303.42763
594.00000 0.66701 1307.69846
595.00000 0.66702 1311.96930
596.00000 0.66703 1316.24013
597.00000 0.66704 1320.51096
598.00000 0.66705 1324.78180
599.00000 0.66706 1329.05263
600.00000 0.66708 1333.32346
601.00000 0.66709 1337.59430
602.00000 0.66710 1341.86513
603.00000 0.66711 1346.13596
604.00000 0.66712 1350.40680
605.00000 0.66714 1354.67763
606.00000 0.66715 1358.94846
607.00000 0.66716 1363.21930
608.00000 0.66718 1367.49013
609.00000 0.66719 1371.76096
610.00000 0.66720 1376.03180
611.00000 0.66721 1393.59218
612.00000 0.66722 1380.30263
613.00000 0.66723 1384.57346
614.00000 0.66725 1388.84430
615.00000 0.66726 1393.11086
616.00000 0.66726 1393.11513
617.00000 0.66726 1393.11513
