0.00000 0.43520 200.00000
1.00000 0.43520 200.00427
2.00000 0.43541 204.27083
3.00000 0.43561 208.54167
4.00000 0.43581 212.81250
5.00000 0.43600 217.08333
6.00000 0.43619 221.35417
7.00000 0.43636 225.62500
8.00000 0.43653 229.89583
9.00000 0.43669 234.16667
10.00000 0.43684 238.43750
11.00000 0.43698 242.70833
12.00000 0.43711 246.97917
13.00000 0.43722 251.25000
14.00000 0.43732 255.52083
15.00000 0.43741 259.79167
16.00000 0.43748 264.06250
17.00000 0.43752 268.33333
18.00000 0.43755 272.60417
19.00000 0.43755 276.87500
20.00000 0.43772 281.14583
21.00000 0.43791 285.41667
22.00000 0.43811 289.68750
23.00000 0.43832 293.95833
24.00000 0.43854 298.22917
25.00000 0.43876 302.50000
26.00000 0.43899 306.77083
27.00000 0.43923 311.04167
28.00000 0.43947 315.31250
29.00000 0.43971 319.58333
30.00000 0.43996 323.85417
31.00000 0.44021 328.12500
32.00000 0.44047 332.39583
33.00000 0.44072 336.66667
34.00000 0.44098 340.93750
35.00000 0.44124 345.20833
36.00000 0.44150 349.47917
37.00000 0.44177 353.75000
38.00000 0.44203 358.02083
39.00000 0.44230 362.29167
40.00000 0.44257 366.56250
41.00000 0.44284 370.83333
42.00000 0.44311 375.10417
43.00000 0.44338 379.37500
44.00000 0.44366 383.64583
45.00000 0.44393 387.91667
46.00000 0.44421 392.18750
47.00000 0.44449 396.45833
48.00000 0.44477 400.72917
49.00000 0.44505 405.00000
50.00000 0.44533 409.27083
51.00000 0.44561 413.54166
52.00000 0.44589 417.81250
53.00000 0.44617 422.08333
54.00000 0.44646 426.35416
55.00000 0.44674 430.62500
56.00000 0.44703 434.89583
57.00000 0.44731 439.16666
58.00000 0.44760 443.43750
59.00000 0.44789 447.70833
60.00000 0.44818 451.97916
61.00000 0.44847 456.25000
62.00000 0.44876 460.52083
63.00000 0.44905 464.79166
64.00000 0.44934 469.06250
65.00000 0.44963 473.33333
66.00000 0.44992 477.60416
67.00000 0.45021 481.87500
68.00000 0.45051 486.14583
69.00000 0.45080 490.41666
70.00000 0.45110 494.68750
71.00000 0.45139 498.95833
72.00000 0.45169 503.22916
73.00000 0.45198 507.50000
74.00000 0.45228 511.77083
75.00000 0.45258 516.04166
76.00000 0.45288 520.31250
77.00000 0.45318 524.58333
78.00000 0.45348 528.85416
79.00000 0.45378 533.12500
80.00000 0.45408 537.39583
81.00000 0.45438 541.66666
82.00000 0.45468 545.93750
83.00000 0.45498 550.20833
84.00000 0.45528 554.47916
85.00000 0.45559 558.75000
86.00000 0.45589 563.02083
87.00000 0.45620 567.29166
88.00000 0.45650 571.56250
89.00000 0.45681 575.83333
90.00000 0.45711 580.10416
91.00000 0.45742 584.37500
92.00000 0.45773 588.64583
93.00000 0.45804 592.91666
94.00000 0.45835 597.18750
95.00000 0.45865 601.45833
96.00000 0.45896 605.72916
97.00000 0.45927 610.00000
98.00000 0.45959 614.27083
99.00000 0.45990 618.54166
100.00000 0.46021 622.81250
101.00000 0.46052 627.08333
102.00000 0.46084 631.35416
103.00000 0.46115 635.62500
104.00000 0.46147 639.89583
105.00000 0.46178 644.16666
106.00000 0.46210 648.43750
107.00000 0.46241 652.70833
108.00000 0.46273 656.97916
109.00000 0.46305 661.25000
110.00000 0.46337 665.52083
111.00000 0.46369 669.79166
112.00000 0.46401 674.06250
113.00000 0.46433 678.33333
114.00000 0.46465 682.60416
115.00000 0.46497 686.87500
116.00000 0.46529 691.14583
117.00000 0.46562 695.41666
118.00000 0.46594 699.68750
119.00000 0.46626 703.95833
120.00000 0.46659 708.22916
121.00000 0.46692 712.50000
122.00000 0.46724 716.77083
123.00000 0.46757 721.04166
124.00000 0.46790 725.31250
125.00000 0.46822 729.58333
126.00000 0.46855 733.85416
127.00000 0.46888 738.12500
128.00000 0.46921 742.39583
129.00000 0.46955 746.66666
130.00000 0.46988 750.93750
131.00000 0.47021 755.20833
132.00000 0.47054 759.47916
133.00000 0.47088 763.75000
134.00000 0.47121 768.02083
135.00000 0.47155 772.29166
136.00000 0.47188 776.56250
137.00000 0.47222 780.83333
138.00000 0.47256 785.10416
139.00000 0.47289 789.37500
140.00000 0.47323 793.64583
141.00000 0.47357 797.91666
142.00000 0.47391 802.18750
143.00000 0.47425 806.45833
144.00000 0.47459 810.72916
145.00000 0.47494 815.00000
146.00000 0.47528 819.27083
147.00000 0.47562 823.54166
148.00000 0.47597 827.81250
149.00000 0.47631 832.08333
150.00000 0.47666 836.35416
151.00000 0.47700 840.62500
152.00000 0.47735 844.89583
153.00000 0.47770 849.16666
154.00000 0.47805 853.43749
155.00000 0.47840 857.70833
156.00000 0.47875 861.97916
157.00000 0.47910 866.24999
158.00000 0.47945 870.52083
159.00000 0.47980 874.79166
160.00000 0.48015 879.06249
161.00000 0.48051 883.33333
162.00000 0.48086 887.60416
163.00000 0.48122 891.87499
164.00000 0.48157 896.14583
165.00000 0.48193 900.41666
166.00000 0.48229 904.68749
167.00000 0.48265 908.95833
168.00000 0.48300 913.22916
169.00000 0.48336 917.49999
170.00000 0.48372 921.77083
171.00000 0.48408 926.04166
172.00000 0.48445 930.31249
173.00000 0.48481 934.58333
174.00000 0.48517 938.85416
175.00000 0.48554 943.12499
176.00000 0.48590 947.39583
177.00000 0.48627 951.66666
178.00000 0.48663 955.93749
179.00000 0.48700 960.20833
180.00000 0.48737 964.47916
181.00000 0.48774 968.74999
182.00000 0.48811 973.02083
183.00000 0.48848 977.29166
184.00000 0.48885 981.56249
185.00000 0.48922 985.83333
186.00000 0.48959 990.10416
187.00000 0.48996 994.37499
188.00000 0.49034 998.64583
189.00000 0.49071 1002.91666
190.00000 0.49109 1007.18749
191.00000 0.49146 1011.45833
192.00000 0.49184 1015.72916
193.00000 0.49222 1019.99999
194.00000 0.49259 1024.27083
195.00000 0.49297 1028.54166
196.00000 0.49322 1031.27409
197.00000 0.49327 1031.30694
198.00000 0.49787 1033.51484
199.00000 0.50022 1034.18403
200.00000 0.50261 1034.53894
201.00000 0.50382 1034.59205
202.00000 0.50442 1034.58627
203.00000 0.50473 1034.57515
204.00000 0.50488 1034.56750
205.00000 0.50496 1034.56315
206.00000 0.50517 1034.54958
207.00000 0.50595 1034.47490
208.00000 0.50625 1034.43756
209.00000 0.50744 1034.23220
210.00000 0.50790 1034.12952
211.00000 0.50811 1034.07818
212.00000 0.50912 1033.79581
213.00000 0.51277 1032.24278
214.00000 0.51410 1031.46627
215.00000 0.51470 1031.07801
216.00000 0.51981 1026.80718
217.00000 0.52356 1022.53634
218.00000 0.52663 1018.26551
219.00000 0.52929 1013.99468
220.00000 0.53166 1009.72384
221.00000 0.53381 1005.45301
222.00000 0.53579 1001.18645
223.00000 0.53579 1001.17791
224.00000 0.53579 1001.18218
225.00000 0.53579 1001.18218
226.00000 0.53668 996.91134
227.00000 0.53757 992.64051
228.00000 0.53846 988.36968
229.00000 0.53935 984.09884
230.00000 0.54025 979.82801
231.00000 0.54114 975.55718
232.00000 0.54204 971.28634
233.00000 0.54293 967.01551
234.00000 0.54383 962.74468
235.00000 0.54472 958.47384
236.00000 0.54562 954.20301
237.00000 0.54652 949.93218
238.00000 0.54741 945.66134
239.00000 0.54831 941.39051
240.00000 0.54921 937.11968
241.00000 0.55011 932.84884
242.00000 0.55101 928.57801
243.00000 0.55192 924.30718
244.00000 0.55282 920.03634
245.00000 0.55372 915.76551
246.00000 0.55463 911.49468
247.00000 0.55553 907.22384
248.00000 0.55644 902.95301
249.00000 0.55734 898.68218
250.00000 0.55825 894.41134
251.00000 0.55916 890.14051
252.00000 0.56006 885.86968
253.00000 0.56097 881.59884
254.00000 0.56188 877.32801
255.00000 0.56279 873.05718
256.00000 0.56371 868.78634
257.00000 0.56462 864.51551
258.00000 0.56553 860.24468
259.00000 0.56644 855.97385
260.00000 0.56736 851.70301
261.00000 0.56828 847.43218
262.00000 0.56919 843.16135
263.00000 0.57011 838.89051
264.00000 0.57103 834.61968
265.00000 0.57195 830.34885
266.00000 0.57287 826.07801
267.00000 0.57379 821.80718
268.00000 0.57471 817.53635
269.00000 0.57563 813.26551
270.00000 0.57656 808.99468
271.00000 0.57748 804.72385
272.00000 0.57841 800.45301
273.00000 0.57934 796.18218
274.00000 0.58026 791.91135
275.00000 0.58119 787.64051
276.00000 0.58137 786.82384
277.00000 0.58137 786.82384
278.00000 0.58183 783.42341
279.00000 0.58240 779.15258
280.00000 0.58297 774.88175
281.00000 0.58354 770.61091
282.00000 0.58410 766.34008
283.00000 0.58466 762.06925
284.00000 0.58521 757.79841
285.00000 0.58576 753.52758
286.00000 0.58631 749.25675
287.00000 0.58686 744.98591
288.00000 0.58740 740.71508
289.00000 0.58795 736.44425
290.00000 0.58849 732.17341
291.00000 0.58903 727.90258
292.00000 0.58956 723.63175
293.00000 0.59010 719.36091
294.00000 0.59063 715.09008
295.00000 0.59117 710.81925
296.00000 0.59170 706.54841
297.00000 0.59223 702.27758
298.00000 0.59276 698.00675
299.00000 0.59330 693.73591
300.00000 0.59383 689.46508
301.00000 0.59436 685.19425
302.00000 0.59489 680.92341
303.00000 0.59542 676.65258
304.00000 0.59595 672.38175
305.00000 0.59648 668.11091
306.00000 0.59701 663.84008
307.00000 0.59755 659.56925
308.00000 0.59808 655.29841
309.00000 0.59862 651.02758
310.00000 0.59916 646.75675
311.00000 0.59969 642.48591
312.00000 0.60023 638.21508
313.00000 0.60078 633.94425
314.00000 0.60132 629.67341
315.00000 0.60187 625.40258
316.00000 0.60241 621.13175
317.00000 0.60296 616.86091
318.00000 0.60352 612.59008
319.00000 0.60407 608.31925
320.00000 0.60463 604.04841
321.00000 0.60519 599.77758
322.00000 0.60576 595.50675
323.00000 0.60633 591.23591
324.00000 0.60690 586.96508
325.00000 0.60748 582.69425
326.00000 0.60806 578.42341
327.00000 0.60865 574.15258
328.00000 0.60924 569.88175
329.00000 0.60983 565.61091
330.00000 0.61043 561.34008
331.00000 0.61104 557.06925
332.00000 0.61165 552.79841
333.00000 0.61227 548.52758
334.00000 0.61289 544.25675
335.00000 0.61352 539.98591
336.00000 0.61416 535.71508
337.00000 0.61480 531.44425
338.00000 0.61546 527.17341
339.00000 0.61612 522.90258
340.00000 0.61679 518.63175
341.00000 0.61747 514.36091
342.00000 0.61815 510.09008
343.00000 0.61885 505.81925
344.00000 0.61956 501.54841
345.00000 0.62028 497.27758
346.00000 0.62102 493.00675
347.00000 0.62176 488.73591
348.00000 0.62252 484.46508
349.00000 0.62330 480.19425
350.00000 0.62409 475.92341
351.00000 0.62490 471.65258
352.00000 0.62572 467.38175
353.00000 0.62657 463.11092
354.00000 0.62744 458.84008
355.00000 0.62833 454.56925
356.00000 0.62925 450.29842
357.00000 0.63019 446.02758
358.00000 0.63117 441.75675
359.00000 0.63218 437.48592
360.00000 0.63322 433.21508
361.00000 0.63432 428.94425
362.00000 0.63545 424.67342
363.00000 0.63665 420.40258
364.00000 0.63791 416.13175
365.00000 0.63924 411.86092
366.00000 0.64066 407.59008
367.00000 0.64229 403.31925
368.00000 0.64412 399.04842
369.00000 0.64614 394.77758
370.00000 0.64842 390.50675
371.00000 0.65107 386.23592
372.00000 0.65430 381.96508
373.00000 0.65672 379.43720
374.00000 0.65819 378.17326
375.00000 0.65903 377.54129
376.00000 0.66273 375.54183
377.00000 0.66458 375.02057
378.00000 0.66550 374.87962
379.00000 0.66596 374.83913
380.00000 0.66643 374.81866
381.00000 0.66666 374.81594
382.00000 0.66677 374.81646
383.00000 0.66683 374.81719
384.00000 0.66695 374.81966
385.00000 0.66699 374.82089
386.00000 0.66701 374.82151
387.00000 0.66710 374.82491
388.00000 0.66714 374.82660
389.00000 0.66732 374.83594
390.00000 0.66739 374.84060
391.00000 0.66770 374.86627
392.00000 0.66783 374.87911
393.00000 0.66835 374.94970
394.00000 0.66999 375.33796
395.00000 0.67667 379.60879
396.00000 0.68034 383.87963
397.00000 0.68315 388.15046
398.00000 0.68550 392.42129
399.00000 0.68754 396.68785
400.00000 0.68755 396.68785
401.00000 0.68755 396.69213
402.00000 0.68755 396.69213
403.00000 0.69020 392.42129
404.00000 0.69296 388.15046
405.00000 0.69583 383.87963
406.00000 0.69882 379.60879
407.00000 0.70193 375.33796
408.00000 0.70514 371.06713
409.00000 0.70847 366.79629
410.00000 0.71192 362.52546
411.00000 0.71548 358.25463
412.00000 0.71915 353.98379
413.00000 0.72295 349.71296
414.00000 0.72686 345.44213
415.00000 0.73089 341.17129
416.00000 0.73503 336.90046
417.00000 0.73930 332.62963
418.00000 0.74370 328.35879
419.00000 0.74821 324.08796
420.00000 0.75285 319.81713
421.00000 0.75762 315.54629
422.00000 0.76251 311.27546
423.00000 0.76754 307.00463
424.00000 0.77270 302.73379
425.00000 0.77798 298.46296
426.00000 0.78340 294.19213
427.00000 0.78895 289.92129
428.00000 0.79461 285.65046
429.00000 0.80038 281.37963
430.00000 0.80623 277.10879
431.00000 0.81214 272.83796
432.00000 0.81805 268.56713
433.00000 0.82389 264.29629
434.00000 0.82959 260.02546
435.00000 0.83503 255.75463
436.00000 0.84010 251.48379
437.00000 0.84469 247.21296
438.00000 0.84865 242.94213
439.00000 0.85133 238.67129
440.00000 0.85323 234.40046
441.00000 0.85482 230.12963
442.00000 0.85622 225.85879
443.00000 0.85748 221.58796
444.00000 0.85864 217.31713
445.00000 0.85971 213.04629
446.00000 0.86073 208.77546
447.00000 0.86169 204.50463
448.00000 0.86260 200.23379
449.00000 0.86265 200.00000
