0.00000 0.00000 491.00000
1.00000 0.00000 1091.00000
2.00000 0.00000 1088.00000
3.00000 0.00000 1085.00000
4.00000 0.00000 1082.00000
5.00000 0.00000 1079.00000
6.00000 0.00000 1076.00000
7.00000 0.00000 1094.00000
8.00000 0.00000 1073.00000
9.00000 0.00000 1067.00000
10.00000 0.00000 1064.00000
11.00000 0.00000 1061.00000
12.00000 0.00000 1058.00000
13.00000 0.00000 1055.00000
14.00000 0.00000 1052.00000
15.00000 0.00000 1070.00000
16.00000 0.00000 1049.00000
17.00000 0.00000 1097.00000
18.00000 0.00000 1103.00000
19.00000 0.00000 1145.00000
20.00000 0.00000 1142.00000
21.00000 0.00000 1139.00000
22.00000 0.00000 1136.00000
23.00000 0.00000 1133.00000
24.00000 0.00000 1130.00000
25.00000 0.00000 1100.00000
26.00000 0.00000 1127.00000
27.00000 0.00000 1121.00000
28.00000 0.00000 1118.00000
29.00000 0.00000 1115.00000
30.00000 0.00000 1112.00000
31.00000 0.00000 1109.00000
32.00000 0.00000 1106.00000
33.00000 0.00000 1124.00000
34.00000 0.00000 1046.00000
35.00000 0.00000 1043.00000
36.00000 0.00000 1040.00000
37.00000 0.00000 980.00000
38.00000 0.00000 977.00000
39.00000 0.00000 974.00000
40.00000 0.00000 971.00000
41.00000 0.00000 968.00000
42.00000 0.00000 965.00000
43.00000 0.00000 983.00000
44.00000 0.00000 962.00000
45.00000 0.00000 956.00000
46.00000 0.00000 953.00000
47.00000 0.00000 950.00000
48.00000 0.00000 947.00000
49.00000 0.00000 944.00000
50.00000 0.00000 941.00000
51.00000 0.00000 959.00000
52.00000 0.00000 986.00000
53.00000 0.00000 989.00000
54.00000 0.00000 992.00000
55.00000 0.00000 1037.00000
56.00000 0.00000 1034.00000
57.00000 0.00000 1031.00000
58.00000 0.00000 1028.00000
59.00000 0.00000 1025.00000
60.00000 0.00000 1022.00000
61.00000 0.00000 1019.00000
62.00000 0.00000 1016.00000
63.00000 0.00000 1013.00000
64.00000 0.00000 1010.00000
65.00000 0.00000 1007.00000
66.00000 0.00000 1004.00000
67.00000 0.00000 1001.00000
68.00000 0.00000 998.00000
69.00000 0.00000 995.00000
70.00000 0.00000 1148.00000
71.00000 0.00000 938.00000
72.00000 0.00000 1151.00000
73.00000 0.00000 1157.00000
74.00000 0.00000 1310.00000
75.00000 0.00000 1307.00000
76.00000 0.00000 1304.00000
77.00000 0.00000 1301.00000
78.00000 0.00000 1298.00000
79.00000 0.00000 1295.00000
80.00000 0.00000 1313.00000
81.00000 0.00000 1292.00000
82.00000 0.00000 1286.00000
83.00000 0.00000 1283.00000
84.00000 0.00000 1280.00000
85.00000 0.00000 1277.00000
86.00000 0.00000 1274.00000
87.00000 0.00000 1271.00000
88.00000 0.00000 1289.00000
89.00000 0.00000 1268.00000
90.00000 0.00000 1316.00000
91.00000 0.00000 1322.00000
92.00000 0.00000 1364.00000
93.00000 0.00000 1361.00000
94.00000 0.00000 1358.00000
95.00000 0.00000 1355.00000
96.00000 0.00000 1352.00000
97.00000 0.00000 1349.00000
98.00000 0.00000 1319.00000
99.00000 0.00000 1346.00000
100.00000 0.00000 1340.00000
101.00000 0.00000 1337.00000
102.00000 0.00000 1334.00000
103.00000 0.00000 1331.00000
104.00000 0.00000 1328.00000
105.00000 0.00000 1325.00000
106.00000 0.00000 1343.00000
107.00000 0.00000 1265.00000
108.00000 0.00000 1262.00000
109.00000 0.00000 1259.00000
110.00000 0.00000 1199.00000
111.00000 0.00000 1196.00000
112.00000 0.00000 1193.00000
113.00000 0.00000 1190.00000
114.00000 0.00000 1187.00000
115.00000 0.00000 1184.00000
116.00000 0.00000 1202.00000
117.00000 0.00000 1181.00000
118.00000 0.00000 1175.00000
119.00000 0.00000 1172.00000
120.00000 0.00000 1169.00000
121.00000 0.00000 1166.00000
122.00000 0.00000 1163.00000
123.00000 0.00000 1160.00000
124.00000 0.00000 1178.00000
125.00000 0.00000 1205.00000
126.00000 0.00000 1208.00000
127.00000 0.00000 1211.00000
128.00000 0.00000 1256.00000
129.00000 0.00000 1253.00000
130.00000 0.00000 1250.00000
131.00000 0.00000 1247.00000
132.00000 0.00000 1244.00000
133.00000 0.00000 1241.00000
134.00000 0.00000 1238.00000
135.00000 0.00000 1235.00000
136.00000 0.00000 1232.00000
137.00000 0.00000 1229.00000
138.00000 0.00000 1226.00000
139.00000 0.00000 1223.00000
140.00000 0.00000 1220.00000
141.00000 0.00000 1217.00000
142.00000 0.00000 1214.00000
143.00000 0.00000 1154.00000
144.00000 0.00000 935.00000
145.00000 0.00000 932.00000
146.00000 0.00000 929.00000
147.00000 0.00000 650.00000
148.00000 0.00000 647.00000
149.00000 0.00000 644.00000
150.00000 0.00000 641.00000
151.00000 0.00000 638.00000
152.00000 0.00000 635.00000
153.00000 0.00000 653.00000
154.00000 0.00000 632.00000
155.00000 0.00000 626.00000
156.00000 0.00000 623.00000
157.00000 0.00000 620.00000
158.00000 0.00000 617.00000
159.00000 0.00000 614.00000
160.00000 0.00000 611.00000
161.00000 0.00000 629.00000
162.00000 0.00000 608.00000
163.00000 0.00000 656.00000
164.00000 0.00000 662.00000
165.00000 0.00000 704.00000
166.00000 0.00000 701.00000
167.00000 0.00000 698.00000
168.00000 0.00000 695.00000
169.00000 0.00000 692.00000
170.00000 0.00000 689.00000
171.00000 0.00000 659.00000
172.00000 0.00000 686.00000
173.00000 0.00000 680.00000
174.00000 0.00000 677.00000
175.00000 0.00000 674.00000
176.00000 0.00000 671.00000
177.00000 0.00000 668.00000
178.00000 0.00000 665.00000
179.00000 0.00000 683.00000
180.00000 0.00000 605.00000
181.00000 0.00000 602.00000
182.00000 0.00000 599.00000
183.00000 0.00000 539.00000
184.00000 0.00000 536.00000
185.00000 0.00000 533.00000
186.00000 0.00000 530.00000
187.00000 0.00000 527.00000
188.00000 0.00000 524.00000
189.00000 0.00000 542.00000
190.00000 0.00000 521.00000
191.00000 0.00000 515.00000
192.00000 0.00000 512.00000
193.00000 0.00000 509.00000
194.00000 0.00000 506.00000
195.00000 0.00000 503.00000
196.00000 0.00000 500.00000
197.00000 0.00000 518.00000
198.00000 0.00000 545.00000
199.00000 0.00000 548.00000
200.00000 0.00000 551.00000
201.00000 0.00000 596.00000
202.00000 0.00000 593.00000
203.00000 0.00000 590.00000
204.00000 0.00000 587.00000
205.00000 0.00000 584.00000
206.00000 0.00000 581.00000
207.00000 0.00000 578.00000
208.00000 0.00000 575.00000
209.00000 0.00000 572.00000
210.00000 0.00000 569.00000
211.00000 0.00000 566.00000
212.00000 0.00000 563.00000
213.00000 0.00000 560.00000
214.00000 0.00000 557.00000
215.00000 0.00000 554.00000
216.00000 0.00000 707.00000
217.00000 0.00000 710.00000
218.00000 0.00000 713.00000
219.00000 0.00000 716.00000
220.00000 0.00000 869.00000
221.00000 0.00000 866.00000
222.00000 0.00000 863.00000
223.00000 0.00000 860.00000
224.00000 0.00000 857.00000
225.00000 0.00000 854.00000
226.00000 0.00000 872.00000
227.00000 0.00000 851.00000
228.00000 0.00000 845.00000
229.00000 0.00000 842.00000
230.00000 0.00000 839.00000
231.00000 0.00000 836.00000
232.00000 0.00000 833.00000
233.00000 0.00000 830.00000
234.00000 0.00000 848.00000
235.00000 0.00000 875.00000
236.00000 0.00000 878.00000
237.00000 0.00000 881.00000
238.00000 0.00000 926.00000
239.00000 0.00000 923.00000
240.00000 0.00000 920.00000
241.00000 0.00000 917.00000
242.00000 0.00000 914.00000
243.00000 0.00000 911.00000
244.00000 0.00000 908.00000
245.00000 0.00000 905.00000
246.00000 0.00000 902.00000
247.00000 0.00000 899.00000
248.00000 0.00000 896.00000
249.00000 0.00000 893.00000
250.00000 0.00000 890.00000
251.00000 0.00000 887.00000
252.00000 0.00000 884.00000
253.00000 0.00000 827.00000
254.00000 0.00000 1367.00000
255.00000 0.00000 824.00000
256.00000 0.00000 818.00000
257.00000 0.00000 758.00000
258.00000 0.00000 755.00000
259.00000 0.00000 752.00000
260.00000 0.00000 749.00000
261.00000 0.00000 746.00000
262.00000 0.00000 743.00000
263.00000 0.00000 761.00000
264.00000 0.00000 740.00000
265.00000 0.00000 734.00000
266.00000 0.00000 731.00000
267.00000 0.00000 728.00000
268.00000 0.00000 725.00000
269.00000 0.00000 722.00000
270.00000 0.00000 719.00000
271.00000 0.00000 737.00000
272.00000 0.00000 764.00000
273.00000 0.00000 767.00000
274.00000 0.00000 770.00000
275.00000 0.00000 815.00000
276.00000 0.00000 812.00000
277.00000 0.00000 809.00000
278.00000 0.00000 806.00000
279.00000 0.00000 803.00000
280.00000 0.00000 800.00000
281.00000 0.00000 797.00000
282.00000 0.00000 794.00000
283.00000 0.00000 791.00000
284.00000 0.00000 788.00000
285.00000 0.00000 785.00000
286.00000 0.00000 782.00000
287.00000 0.00000 779.00000
288.00000 0.00000 776.00000
289.00000 0.00000 773.00000
290.00000 0.00000 821.00000
291.00000 0.00000 497.00000
292.00000 0.00000 1370.00000
293.00000 0.00000 1376.00000
294.00000 0.00000 1970.00000
295.00000 0.00000 1967.00000
296.00000 0.00000 1964.00000
297.00000 0.00000 1961.00000
298.00000 0.00000 1958.00000
299.00000 0.00000 1955.00000
300.00000 0.00000 1973.00000
301.00000 0.00000 1952.00000
302.00000 0.00000 1946.00000
303.00000 0.00000 1943.00000
304.00000 0.00000 1940.00000
305.00000 0.00000 1937.00000
306.00000 0.00000 1934.00000
307.00000 0.00000 1931.00000
308.00000 0.00000 1949.00000
309.00000 0.00000 1928.00000
310.00000 0.00000 1976.00000
311.00000 0.00000 1982.00000
312.00000 0.00000 2024.00000
313.00000 0.00000 2021.00000
314.00000 0.00000 2018.00000
315.00000 0.00000 2015.00000
316.00000 0.00000 2012.00000
317.00000 0.00000 2009.00000
318.00000 0.00000 1979.00000
319.00000 0.00000 2006.00000
320.00000 0.00000 2000.00000
321.00000 0.00000 1997.00000
322.00000 0.00000 1994.00000
323.00000 0.00000 1991.00000
324.00000 0.00000 1988.00000
325.00000 0.00000 1985.00000
326.00000 0.00000 2003.00000
327.00000 0.00000 1925.00000
328.00000 0.00000 1922.00000
329.00000 0.00000 1919.00000
330.00000 0.00000 1859.00000
331.00000 0.00000 1856.00000
332.00000 0.00000 1853.00000
333.00000 0.00000 1850.00000
334.00000 0.00000 1847.00000
335.00000 0.00000 1844.00000
336.00000 0.00000 1862.00000
337.00000 0.00000 1841.00000
338.00000 0.00000 1835.00000
339.00000 0.00000 1832.00000
340.00000 0.00000 1829.00000
341.00000 0.00000 1826.00000
342.00000 0.00000 1823.00000
343.00000 0.00000 1820.00000
344.00000 0.00000 1838.00000
345.00000 0.00000 1865.00000
346.00000 0.00000 1868.00000
347.00000 0.00000 1871.00000
348.00000 0.00000 1916.00000
349.00000 0.00000 1913.00000
350.00000 0.00000 1910.00000
351.00000 0.00000 1907.00000
352.00000 0.00000 1904.00000
353.00000 0.00000 1901.00000
354.00000 0.00000 1898.00000
355.00000 0.00000 1895.00000
356.00000 0.00000 1892.00000
357.00000 0.00000 1889.00000
358.00000 0.00000 1886.00000
359.00000 0.00000 1883.00000
360.00000 0.00000 1880.00000
361.00000 0.00000 1877.00000
362.00000 0.00000 1874.00000
363.00000 0.00000 2027.00000
364.00000 0.00000 1817.00000
365.00000 0.00000 2030.00000
366.00000 0.00000 2036.00000
367.00000 0.00000 2189.00000
368.00000 0.00000 2186.00000
369.00000 0.00000 2183.00000
370.00000 0.00000 2180.00000
371.00000 0.00000 2177.00000
372.00000 0.00000 2174.00000
373.00000 0.00000 2192.00000
374.00000 0.00000 2171.00000
375.00000 0.00000 2165.00000
376.00000 0.00000 2162.00000
377.00000 0.00000 2159.00000
378.00000 0.00000 2156.00000
379.00000 0.00000 2153.00000
380.00000 0.00000 2150.00000
381.00000 0.00000 2168.00000
382.00000 0.00000 2147.00000
383.00000 0.00000 2195.00000
384.00000 0.00000 2201.00000
385.00000 0.00000 2243.00000
386.00000 0.00000 2240.00000
387.00000 0.00000 2237.00000
388.00000 0.00000 2234.00000
389.00000 0.00000 2231.00000
390.00000 0.00000 2228.00000
391.00000 0.00000 2198.00000
392.00000 0.00000 2225.00000
393.00000 0.00000 2219.00000
394.00000 0.00000 2216.00000
395.00000 0.00000 2213.00000
396.00000 0.00000 2210.00000
397.00000 0.00000 2207.00000
398.00000 0.00000 2204.00000
399.00000 0.00000 2222.00000
400.00000 0.00000 2144.00000
401.00000 0.00000 2141.00000
402.00000 0.00000 2138.00000
403.00000 0.00000 2078.00000
404.00000 0.00000 2075.00000
405.00000 0.00000 2072.00000
406.00000 0.00000 2069.00000
407.00000 0.00000 2066.00000
408.00000 0.00000 2063.00000
409.00000 0.00000 2081.00000
410.00000 0.00000 2060.00000
411.00000 0.00000 2054.00000
412.00000 0.00000 2051.00000
413.00000 0.00000 2048.00000
414.00000 0.00000 2045.00000
415.00000 0.00000 2042.00000
416.00000 0.00000 2039.00000
417.00000 0.00000 2057.00000
418.00000 0.00000 2084.00000
419.00000 0.00000 2087.00000
420.00000 0.00000 2090.00000
421.00000 0.00000 2135.00000
422.00000 0.00000 2132.00000
423.00000 0.00000 2129.00000
424.00000 0.00000 2126.00000
425.00000 0.00000 2123.00000
426.00000 0.00000 2120.00000
427.00000 0.00000 2117.00000
428.00000 0.00000 2114.00000
429.00000 0.00000 2111.00000
430.00000 0.00000 2108.00000
431.00000 0.00000 2105.00000
432.00000 0.00000 2102.00000
433.00000 0.00000 2099.00000
434.00000 0.00000 2096.00000
435.00000 0.00000 2093.00000
436.00000 0.00000 2033.00000
437.00000 0.00000 1814.00000
438.00000 0.00000 1811.00000
439.00000 0.00000 1808.00000
440.00000 0.00000 1529.00000
441.00000 0.00000 1526.00000
442.00000 0.00000 1523.00000
443.00000 0.00000 1520.00000
444.00000 0.00000 1517.00000
445.00000 0.00000 1514.00000
446.00000 0.00000 1532.00000
447.00000 0.00000 1511.00000
448.00000 0.00000 1505.00000
449.00000 0.00000 1502.00000
450.00000 0.00000 1499.00000
451.00000 0.00000 1496.00000
452.00000 0.00000 1493.00000
453.00000 0.00000 1490.00000
454.00000 0.00000 1508.00000
455.00000 0.00000 1487.00000
456.00000 0.00000 1535.00000
457.00000 0.00000 1541.00000
458.00000 0.00000 1583.00000
459.00000 0.00000 1580.00000
460.00000 0.00000 1577.00000
461.00000 0.00000 1574.00000
462.00000 0.00000 1571.00000
463.00000 0.00000 1568.00000
464.00000 0.00000 1538.00000
465.00000 0.00000 1565.00000
466.00000 0.00000 1559.00000
467.00000 0.00000 1556.00000
468.00000 0.00000 1553.00000
469.00000 0.00000 1550.00000
470.00000 0.00000 1547.00000
471.00000 0.00000 1544.00000
472.00000 0.00000 1562.00000
473.00000 0.00000 1484.00000
474.00000 0.00000 1481.00000
475.00000 0.00000 1478.00000
476.00000 0.00000 1418.00000
477.00000 0.00000 1415.00000
478.00000 0.00000 1412.00000
479.00000 0.00000 1409.00000
480.00000 0.00000 1406.00000
481.00000 0.00000 1403.00000
482.00000 0.00000 1421.00000
483.00000 0.00000 1400.00000
484.00000 0.00000 1394.00000
485.00000 0.00000 1391.00000
486.00000 0.00000 1388.00000
487.00000 0.00000 1385.00000
488.00000 0.00000 1382.00000
489.00000 0.00000 1379.00000
490.00000 0.00000 1397.00000
491.00000 0.00000 1424.00000
492.00000 0.00000 1427.00000
493.00000 0.00000 1430.00000
494.00000 0.00000 1475.00000
495.00000 0.00000 1472.00000
496.00000 0.00000 1469.00000
497.00000 0.00000 1466.00000
498.00000 0.00000 1463.00000
499.00000 0.00000 1460.00000
500.00000 0.00000 1457.00000
501.00000 0.00000 1454.00000
502.00000 0.00000 1451.00000
503.00000 0.00000 1448.00000
504.00000 0.00000 1445.00000
505.00000 0.00000 1442.00000
506.00000 0.00000 1439.00000
507.00000 0.00000 1436.00000
508.00000 0.00000 1433.00000
509.00000 0.00000 1586.00000
510.00000 0.00000 1589.00000
511.00000 0.00000 1592.00000
512.00000 0.00000 1595.00000
513.00000 0.00000 1748.00000
514.00000 0.00000 1745.00000
515.00000 0.00000 1742.00000
516.00000 0.00000 1739.00000
517.00000 0.00000 1736.00000
518.00000 0.00000 1733.00000
519.00000 0.00000 1751.00000
520.00000 0.00000 1730.00000
521.00000 0.00000 1724.00000
522.00000 0.00000 1721.00000
523.00000 0.00000 1718.00000
524.00000 0.00000 1715.00000
525.00000 0.00000 1712.00000
526.00000 0.00000 1709.00000
527.00000 0.00000 1727.00000
528.00000 0.00000 1754.00000
529.00000 0.00000 1757.00000
530.00000 0.00000 1760.00000
531.00000 0.00000 1805.00000
532.00000 0.00000 1802.00000
533.00000 0.00000 1799.00000
534.00000 0.00000 1796.00000
535.00000 0.00000 1793.00000
536.00000 0.00000 1790.00000
537.00000 0.00000 1787.00000
538.00000 0.00000 1784.00000
539.00000 0.00000 1781.00000
540.00000 0.00000 1778.00000
541.00000 0.00000 1775.00000
542.00000 0.00000 1772.00000
543.00000 0.00000 1769.00000
544.00000 0.00000 1766.00000
545.00000 0.00000 1763.00000
546.00000 0.00000 1706.00000
547.00000 0.00000 1373.00000
548.00000 0.00000 1703.00000
549.00000 0.00000 1697.00000
550.00000 0.00000 1637.00000
551.00000 0.00000 1634.00000
552.00000 0.00000 1631.00000
553.00000 0.00000 1628.00000
554.00000 0.00000 1625.00000
555.00000 0.00000 1622.00000
556.00000 0.00000 1640.00000
557.00000 0.00000 1619.00000
558.00000 0.00000 1613.00000
559.00000 0.00000 1610.00000
560.00000 0.00000 1607.00000
561.00000 0.00000 1604.00000
562.00000 0.00000 1601.00000
563.00000 0.00000 1598.00000
564.00000 0.00000 1616.00000
565.00000 0.00000 1643.00000
566.00000 0.00000 1646.00000
567.00000 0.00000 1649.00000
568.00000 0.00000 1694.00000
569.00000 0.00000 1691.00000
570.00000 0.00000 1688.00000
571.00000 0.00000 1685.00000
572.00000 0.00000 1682.00000
573.00000 0.00000 1679.00000
574.00000 0.00000 1676.00000
575.00000 0.00000 1673.00000
576.00000 0.00000 1670.00000
577.00000 0.00000 1667.00000
578.00000 0.00000 1664.00000
579.00000 0.00000 1661.00000
580.00000 0.00000 1658.00000
581.00000 0.00000 1655.00000
582.00000 0.00000 1652.00000
583.00000 0.00000 1700.00000
584.00000 0.00000 494.00000
585.00000 0.00000 2249.00000
586.00000 0.00000 488.00000
587.00000 0.00000 236.00000
588.00000 0.00000 239.00000
589.00000 0.00000 242.00000
590.00000 0.00000 245.00000
591.00000 0.00000 248.00000
592.00000 0.00000 251.00000
593.00000 0.00000 254.00000
594.00000 0.00000 257.00000
595.00000 0.00000 260.00000
596.00000 0.00000 263.00000
597.00000 0.00000 266.00000
598.00000 0.00000 269.00000
599.00000 0.00000 272.00000
600.00000 0.00000 275.00000
601.00000 0.00000 278.00000
602.00000 0.00000 281.00000
603.00000 0.00000 284.00000
604.00000 0.00000 287.00000
605.00000 0.00000 290.00000
606.00000 0.00000 293.00000
607.00000 0.00000 296.00000
608.00000 0.00000 299.00000
609.00000 0.00000 302.00000
610.00000 0.00000 305.00000
611.00000 0.00000 308.00000
612.00000 0.00000 233.00000
613.00000 0.00000 311.00000
614.00000 0.00000 230.00000
615.00000 0.00000 224.00000
616.00000 0.00000 200.00000
617.00000 0.00000 2246.00000
618.00000 0.00000 204.27083
619.00000 0.00000 208.54167
620.00000 0.00000 212.81250
621.00000 0.00000 217.08333
622.00000 0.00000 221.35417
623.00000 0.00000 225.62500
624.00000 0.00000 229.89583
625.00000 0.00000 234.16667
626.00000 0.00000 238.43750
627.00000 0.00000 242.70833
628.00000 0.00000 246.97917
629.00000 0.00000 251.25000
630.00000 0.00000 255.52083
631.00000 0.00000 259.79167
632.00000 0.00000 264.06250
633.00000 0.00000 200.00000
634.00000 0.00000 203.00000
635.00000 0.00000 206.00000
636.00000 0.00000 209.00000
637.00000 0.00000 212.00000
638.00000 0.00000 215.00000
639.00000 0.00000 218.00000
640.00000 0.00000 221.00000
641.00000 0.00000 227.00000
642.00000 0.00000 314.00000
643.00000 0.00000 200.00427
644.00000 0.00000 320.00000
645.00000 0.00000 413.00000
646.00000 0.00000 416.00000
647.00000 0.00000 419.00000
648.00000 0.00000 425.00000
649.00000 0.00000 428.00000
650.00000 0.00000 431.00000
651.00000 0.00000 434.00000
652.00000 0.00000 317.00000
653.00000 0.00000 485.00000
654.00000 0.00000 482.00000
655.00000 0.00000 479.00000
656.00000 0.00000 476.00000
657.00000 0.00000 473.00000
658.00000 0.00000 470.00000
659.00000 0.00000 467.00000
660.00000 0.00000 464.00000
661.00000 0.00000 461.00000
662.00000 0.00000 458.00000
663.00000 0.00000 455.00000
664.00000 0.00000 452.00000
665.00000 0.00000 449.00000
666.00000 0.00000 446.00000
667.00000 0.00000 443.00000
668.00000 0.00000 440.00000
669.00000 0.00000 437.00000
670.00000 0.00000 410.00000
671.00000 0.00000 407.00000
672.00000 0.00000 422.00000
673.00000 0.00000 401.00000
674.00000 0.00000 323.00000
675.00000 0.00000 326.00000
676.00000 0.00000 329.00000
677.00000 0.00000 332.00000
678.00000 0.00000 335.00000
679.00000 0.00000 338.00000
680.00000 0.00000 341.00000
681.00000 0.00000 404.00000
682.00000 0.00000 347.00000
683.00000 0.00000 350.00000
684.00000 0.00000 353.00000
685.00000 0.00000 356.00000
686.00000 0.00000 359.00000
687.00000 0.00000 344.00000
688.00000 0.00000 365.00000
689.00000 0.00000 362.00000
690.00000 0.00000 395.00000
691.00000 0.00000 392.00000
692.00000 0.00000 389.00000
693.00000 0.00000 386.00000
694.00000 0.00000 398.00000
695.00000 0.00000 380.00000
696.00000 0.00000 377.00000
697.00000 0.00000 374.00000
698.00000 0.00000 371.00000
699.00000 0.00000 368.00000
700.00000 0.00000 383.00000
701.00000 0.00001 289.68750
702.00000 0.00001 285.41667
703.00000 0.00001 281.14583
704.00000 0.00001 272.60417
705.00000 0.00001 268.33333
706.00000 0.00001 276.87500
707.00000 0.00002 293.95833
708.00000 0.00002 298.22917
709.00000 0.00002 302.50000
710.00000 0.00003 315.31250
711.00000 0.00003 306.77083
712.00000 0.00003 311.04167
713.00000 0.00004 323.85417
714.00000 0.00004 319.58333
715.00000 0.00005 328.12500
716.00000 0.00006 332.39583
717.00000 0.00006 336.66667
718.00000 0.00007 340.93750
719.00000 0.00008 345.20833
720.00000 0.00009 349.47917
721.00000 0.00010 353.75000
722.00000 0.00011 358.02083
723.00000 0.00012 362.29167
724.00000 0.00014 366.56250
725.00000 0.00015 370.83333
726.00000 0.00017 375.10417
727.00000 0.00018 379.37500
728.00000 0.00020 383.64583
729.00000 0.00022 387.91667
730.00000 0.00024 392.18750
731.00000 0.00026 396.45833
732.00000 0.00028 400.72917
733.00000 0.00031 405.00000
734.00000 0.00033 409.27083
735.00000 0.00036 413.54166
736.00000 0.00039 417.81250
737.00000 0.00042 422.08333
738.00000 0.00045 426.35416
739.00000 0.00048 430.62500
740.00000 0.00052 434.89583
741.00000 0.00056 439.16666
742.00000 0.00060 443.43750
743.00000 0.00064 447.70833
744.00000 0.00068 451.97916
745.00000 0.00073 456.25000
746.00000 0.00077 460.52083
747.00000 0.00082 464.79166
748.00000 0.00087 469.06250
749.00000 0.00093 473.33333
750.00000 0.00098 477.60416
751.00000 0.00104 481.87500
752.00000 0.00110 486.14583
753.00000 0.00116 490.41666
754.00000 0.00123 494.68750
755.00000 0.00130 498.95833
756.00000 0.00137 503.22916
757.00000 0.00144 507.50000
758.00000 0.00152 511.77083
759.00000 0.00159 516.04166
760.00000 0.00167 520.31250
761.00000 0.00176 524.58333
762.00000 0.00184 528.85416
763.00000 0.00193 533.12500
764.00000 0.00202 537.39583
765.00000 0.00211 541.66666
766.00000 0.00221 545.93750
767.00000 0.00231 550.20833
768.00000 0.00241 554.47916
769.00000 0.00252 558.75000
770.00000 0.00262 563.02083
771.00000 0.00273 567.29166
772.00000 0.00285 571.56250
773.00000 0.00296 575.83333
774.00000 0.00308 580.10416
775.00000 0.00320 584.37500
776.00000 0.00333 588.64583
777.00000 0.00346 592.91666
778.00000 0.00359 597.18750
779.00000 0.00372 601.45833
780.00000 0.00386 605.72916
781.00000 0.00399 610.00000
782.00000 0.00414 614.27083
783.00000 0.00428 618.54166
784.00000 0.00443 622.81250
785.00000 0.00458 627.08333
786.00000 0.00473 631.35416
787.00000 0.00489 635.62500
788.00000 0.00505 639.89583
789.00000 0.00521 644.16666
790.00000 0.00538 648.43750
791.00000 0.00555 652.70833
792.00000 0.00572 656.97916
793.00000 0.00589 661.25000
794.00000 0.00607 665.52083
795.00000 0.00625 669.79166
796.00000 0.00644 674.06250
797.00000 0.00662 678.33333
798.00000 0.00681 682.60416
799.00000 0.00700 686.87500
800.00000 0.00720 691.14583
801.00000 0.00740 695.41666
802.00000 0.00760 699.68750
803.00000 0.00780 703.95833
804.00000 0.00801 708.22916
805.00000 0.00822 712.50000
806.00000 0.00843 716.77083
807.00000 0.00865 721.04166
808.00000 0.00887 725.31250
809.00000 0.00909 729.58333
810.00000 0.00931 733.85416
811.00000 0.00954 738.12500
812.00000 0.00977 742.39583
813.00000 0.01000 746.66666
814.00000 0.01024 750.93750
815.00000 0.01047 755.20833
816.00000 0.01071 759.47916
817.00000 0.01096 763.75000
818.00000 0.01120 768.02083
819.00000 0.01145 772.29166
820.00000 0.01171 776.56250
821.00000 0.01188 2250.00000
822.00000 0.01189 2249.60186
823.00000 0.01196 780.83333
824.00000 0.01207 2245.33102
825.00000 0.01222 785.10416
826.00000 0.01224 2241.06019
827.00000 0.01241 2236.78936
828.00000 0.01248 789.37500
829.00000 0.01259 2232.51852
830.00000 0.01274 793.64583
831.00000 0.01277 2228.24769
832.00000 0.01294 2223.97686
833.00000 0.01301 797.91666
834.00000 0.01312 2219.70602
835.00000 0.01327 802.18750
836.00000 0.01330 2215.43519
837.00000 0.01348 2211.16436
838.00000 0.01355 806.45833
839.00000 0.01366 2206.89352
840.00000 0.01382 810.72916
841.00000 0.01385 2202.62269
842.00000 0.01403 2198.35186
843.00000 0.01410 815.00000
844.00000 0.01422 2194.08102
845.00000 0.01437 819.27083
846.00000 0.01440 2189.81019
847.00000 0.01459 2185.53936
848.00000 0.01466 823.54166
849.00000 0.01478 2181.26852
850.00000 0.01494 827.81250
851.00000 0.01496 2176.99769
852.00000 0.01515 2172.72686
853.00000 0.01523 832.08333
854.00000 0.01534 2168.45602
855.00000 0.01552 836.35416
856.00000 0.01554 2164.18519
857.00000 0.01573 2159.91436
858.00000 0.01581 840.62500
859.00000 0.01592 2155.64352
860.00000 0.01610 844.89583
861.00000 0.01612 2151.37269
862.00000 0.01631 2147.10186
863.00000 0.01640 849.16666
864.00000 0.01651 2142.83102
865.00000 0.01670 2138.56019
866.00000 0.01670 853.43749
867.00000 0.01690 2134.28936
868.00000 0.01700 857.70833
869.00000 0.01710 2130.01852
870.00000 0.01730 861.97916
871.00000 0.01730 2125.74769
872.00000 0.01750 2121.47686
873.00000 0.01761 866.24999
874.00000 0.01770 2117.20602
875.00000 0.01790 2112.93519
876.00000 0.01792 870.52083
877.00000 0.01810 2108.66436
878.00000 0.01823 874.79166
879.00000 0.01831 2104.39352
880.00000 0.01851 2100.12269
881.00000 0.01855 879.06249
882.00000 0.01872 2095.85186
883.00000 0.01886 883.33333
884.00000 0.01892 2091.58102
885.00000 0.01913 2087.31019
886.00000 0.01918 887.60416
887.00000 0.01933 2083.03936
888.00000 0.01950 891.87499
889.00000 0.01954 2078.76852
890.00000 0.01975 2074.49769
891.00000 0.01983 896.14583
892.00000 0.01996 2070.22686
893.00000 0.02016 900.41666
894.00000 0.02017 2065.95602
895.00000 0.02038 2061.68519
896.00000 0.02048 904.68749
897.00000 0.02059 2057.41436
898.00000 0.02080 2053.14352
899.00000 0.02082 908.95833
900.00000 0.02101 2048.87269
901.00000 0.02115 913.22916
902.00000 0.02122 2044.60186
903.00000 0.02143 2040.33102
904.00000 0.02149 917.49999
905.00000 0.02165 2036.06019
906.00000 0.02182 921.77083
907.00000 0.02186 2031.78936
908.00000 0.02207 2027.51852
909.00000 0.02216 926.04166
910.00000 0.02229 2023.24769
911.00000 0.02250 2018.97686
912.00000 0.02251 930.31249
913.00000 0.02272 2014.70602
914.00000 0.02285 934.58333
915.00000 0.02293 2010.43519
916.00000 0.02315 2006.16436
917.00000 0.02320 938.85416
918.00000 0.02337 2001.89353
919.00000 0.02355 943.12499
920.00000 0.02358 1997.62269
921.00000 0.02380 1993.35186
922.00000 0.02390 947.39583
923.00000 0.02402 1989.08103
924.00000 0.02424 1984.81019
925.00000 0.02426 951.66666
926.00000 0.02446 1980.53936
927.00000 0.02462 955.93749
928.00000 0.02468 1976.26853
929.00000 0.02489 1971.99769
930.00000 0.02497 960.20833
931.00000 0.02511 1967.72686
932.00000 0.02533 1963.45603
933.00000 0.02534 964.47916
934.00000 0.02555 1959.18519
935.00000 0.02570 968.74999
936.00000 0.02577 1954.91436
937.00000 0.02599 1950.64353
938.00000 0.02607 973.02083
939.00000 0.02622 1946.37269
940.00000 0.02643 977.29166
941.00000 0.02644 1942.10186
942.00000 0.02666 1937.83103
943.00000 0.02680 981.56249
944.00000 0.02688 1933.56019
945.00000 0.02710 1929.28936
946.00000 0.02718 985.83333
947.00000 0.02732 1925.01853
948.00000 0.02754 1920.74769
949.00000 0.02755 990.10416
950.00000 0.02777 1916.47686
951.00000 0.02793 994.37499
952.00000 0.02799 1912.20603
953.00000 0.02821 1907.93519
954.00000 0.02831 998.64583
955.00000 0.02843 1903.66436
956.00000 0.02866 1899.39353
957.00000 0.02869 1002.91666
958.00000 0.02888 1895.12269
959.00000 0.02907 1007.18749
960.00000 0.02910 1890.85186
961.00000 0.02932 1886.58103
962.00000 0.02946 1011.45833
963.00000 0.02955 1882.31019
964.00000 0.02977 1878.03936
965.00000 0.02985 1015.72916
966.00000 0.02999 1873.76853
967.00000 0.03022 1869.49769
968.00000 0.03024 1019.99999
969.00000 0.03044 1865.22686
970.00000 0.03063 1024.27083
971.00000 0.03066 1860.95603
972.00000 0.03089 1856.68519
973.00000 0.03102 1028.54166
974.00000 0.03111 1852.41436
975.00000 0.03128 1031.27836
976.00000 0.03128 1031.27409
977.00000 0.03128 1031.27409
978.00000 0.03133 1848.14353
979.00000 0.03145 1035.54493
980.00000 0.03155 1843.87269
981.00000 0.03163 1039.81576
982.00000 0.03178 1839.60186
983.00000 0.03181 1044.08659
984.00000 0.03199 1048.35743
985.00000 0.03200 1835.33103
986.00000 0.03216 1052.62826
987.00000 0.03222 1831.06019
988.00000 0.03234 1056.89909
989.00000 0.03245 1826.78936
990.00000 0.03251 1061.16993
991.00000 0.03267 1822.51853
992.00000 0.03269 1065.44076
993.00000 0.03286 1069.71159
994.00000 0.03289 1818.24769
995.00000 0.03303 1073.98243
996.00000 0.03311 1813.97686
997.00000 0.03321 1078.25326
998.00000 0.03334 1809.70603
999.00000 0.03338 1082.52409
1000.00000 0.03355 1086.79493
1001.00000 0.03356 1805.43519
1002.00000 0.03372 1091.06576
1003.00000 0.03378 1801.16436
1004.00000 0.03389 1095.33659
1005.00000 0.03400 1796.89353
1006.00000 0.03405 1099.60743
1007.00000 0.03422 1103.87826
1008.00000 0.03423 1792.62269
1009.00000 0.03439 1108.14909
1010.00000 0.03445 1788.35186
1011.00000 0.03455 1112.41993
1012.00000 0.03467 1784.08103
1013.00000 0.03472 1116.69076
1014.00000 0.03489 1120.96159
1015.00000 0.03489 1779.81019
1016.00000 0.03505 1125.23243
1017.00000 0.03511 1775.53936
1018.00000 0.03521 1129.50326
1019.00000 0.03533 1771.26853
1020.00000 0.03538 1133.77409
1021.00000 0.03554 1138.04493
1022.00000 0.03555 1766.99769
1023.00000 0.03570 1142.31576
1024.00000 0.03577 1762.72686
1025.00000 0.03586 1146.58659
1026.00000 0.03600 1758.45603
1027.00000 0.03602 1150.85743
1028.00000 0.03618 1155.12826
1029.00000 0.03622 1754.18519
1030.00000 0.03634 1159.39909
1031.00000 0.03644 1749.91436
1032.00000 0.03649 1163.66993
1033.00000 0.03665 1167.94076
1034.00000 0.03666 1745.64353
1035.00000 0.03681 1172.21159
1036.00000 0.03688 1741.37269
1037.00000 0.03696 1176.48243
1038.00000 0.03710 1737.10186
1039.00000 0.03712 1180.75326
1040.00000 0.03727 1185.02409
1041.00000 0.03731 1732.83103
1042.00000 0.03743 1189.29493
1043.00000 0.03753 1728.56019
1044.00000 0.03758 1193.56576
1045.00000 0.03773 1197.83659
1046.00000 0.03775 1724.28936
1047.00000 0.03788 1202.10743
1048.00000 0.03797 1720.01853
1049.00000 0.03803 1206.37826
1050.00000 0.03818 1210.64909
1051.00000 0.03819 1715.74769
1052.00000 0.03833 1214.91993
1053.00000 0.03841 1711.47686
1054.00000 0.03848 1219.19076
1055.00000 0.03862 1707.20603
1056.00000 0.03863 1223.46159
1057.00000 0.03878 1227.73243
1058.00000 0.03884 1702.93519
1059.00000 0.03892 1232.00326
1060.00000 0.03906 1698.66436
1061.00000 0.03907 1236.27409
1062.00000 0.03921 1240.54493
1063.00000 0.03927 1694.39353
1064.00000 0.03936 1244.81576
1065.00000 0.03949 1690.12269
1066.00000 0.03950 1249.08659
1067.00000 0.03965 1253.35743
1068.00000 0.03971 1685.85186
1069.00000 0.03979 1257.62826
1070.00000 0.03992 1681.58103
1071.00000 0.03993 1261.89909
1072.00000 0.04007 1266.16993
1073.00000 0.04014 1677.31019
1074.00000 0.04021 1270.44076
1075.00000 0.04035 1274.71159
1076.00000 0.04035 1673.03936
1077.00000 0.04049 1278.98243
1078.00000 0.04057 1668.76853
1079.00000 0.04063 1283.25326
1080.00000 0.04077 1287.52409
1081.00000 0.04078 1664.49769
1082.00000 0.04090 1291.79493
1083.00000 0.04100 1660.22686
1084.00000 0.04104 1296.06576
1085.00000 0.04118 1300.33659
1086.00000 0.04121 1655.95603
1087.00000 0.04131 1304.60743
1088.00000 0.04143 1651.68519
1089.00000 0.04144 1308.87826
1090.00000 0.04158 1313.14909
1091.00000 0.04164 1647.41436
1092.00000 0.04171 1317.41993
1093.00000 0.04184 1321.69076
1094.00000 0.04185 1643.14353
1095.00000 0.04198 1325.96159
1096.00000 0.04206 1638.87269
1097.00000 0.04211 1330.23242
1098.00000 0.04224 1334.50326
1099.00000 0.04228 1634.60186
1100.00000 0.04237 1338.77409
1101.00000 0.04249 1630.33103
1102.00000 0.04250 1343.04492
1103.00000 0.04262 1347.31576
1104.00000 0.04270 1626.06019
1105.00000 0.04275 1351.58659
1106.00000 0.04288 1355.85742
1107.00000 0.04291 1621.78936
1108.00000 0.04301 1360.12826
1109.00000 0.04312 1617.51853
1110.00000 0.04313 1364.39909
1111.00000 0.04326 1368.66992
1112.00000 0.04334 1613.24769
1113.00000 0.04338 1372.94076
1114.00000 0.04351 1377.21159
1115.00000 0.04355 1608.97686
1116.00000 0.04363 1381.48242
1117.00000 0.04375 1385.75326
1118.00000 0.04376 1604.70603
1119.00000 0.04387 1390.02409
1120.00000 0.04397 1600.43519
1121.00000 0.04400 1394.29492
1122.00000 0.04412 1398.56576
1123.00000 0.04418 1596.16436
1124.00000 0.04424 1402.83659
1125.00000 0.04436 1407.10742
1126.00000 0.04438 1591.89353
1127.00000 0.04448 1411.37826
1128.00000 0.04459 1587.62269
1129.00000 0.04459 1415.64909
1130.00000 0.04471 1419.91992
1131.00000 0.04480 1583.35186
1132.00000 0.04483 1424.19076
1133.00000 0.04495 1428.46159
1134.00000 0.04501 1579.08103
1135.00000 0.04506 1432.73242
1136.00000 0.04518 1437.00326
1137.00000 0.04522 1574.81020
1138.00000 0.04529 1441.27409
1139.00000 0.04541 1445.54492
1140.00000 0.04543 1570.53936
1141.00000 0.04552 1449.81576
1142.00000 0.04563 1454.08659
1143.00000 0.04563 1566.26853
1144.00000 0.04574 1458.35742
1145.00000 0.04584 1561.99770
1146.00000 0.04586 1462.62826
1147.00000 0.04597 1466.89909
1148.00000 0.04605 1557.72686
1149.00000 0.04608 1471.16992
1150.00000 0.04619 1475.44076
1151.00000 0.04626 1553.45603
1152.00000 0.04630 1479.71159
1153.00000 0.04641 1483.98242
1154.00000 0.04646 1549.18520
1155.00000 0.04651 1488.25326
1156.00000 0.04662 1492.52409
1157.00000 0.04667 1544.91436
1158.00000 0.04673 1496.79492
1159.00000 0.04684 1501.06576
1160.00000 0.04687 1540.64353
1161.00000 0.04694 1505.33659
1162.00000 0.04705 1509.60742
1163.00000 0.04708 1536.37270
1164.00000 0.04715 1513.87826
1165.00000 0.04726 1518.14909
1166.00000 0.04728 1532.10186
1167.00000 0.04736 1522.41992
1168.00000 0.04746 1526.69076
1169.00000 0.04749 1527.83530
1170.00000 0.04749 1527.83103
1171.00000 0.04749 1527.83103
