0.00000 0.00000 2123.00000
1.00000 0.00000 2108.00000
2.00000 0.00000 2105.00000
3.00000 0.00000 2102.00000
4.00000 0.00000 2099.00000
5.00000 0.00000 2096.00000
6.00000 0.00000 2093.00000
7.00000 0.00000 2090.00000
8.00000 0.00000 2087.00000
9.00000 0.00000 2084.00000
10.00000 0.00000 2081.00000
11.00000 0.00000 2078.00000
12.00000 0.00000 2075.00000
13.00000 0.00000 2072.00000
14.00000 0.00000 2069.00000
15.00000 0.00000 2003.00000
16.00000 0.00000 2000.00000
17.00000 0.00000 1997.00000
18.00000 0.00000 2111.00000
19.00000 0.00000 2114.00000
20.00000 0.00000 2117.00000
21.00000 0.00000 2066.00000
22.00000 0.00000 2045.00000
23.00000 0.00000 2042.00000
24.00000 0.00000 2039.00000
25.00000 0.00000 2036.00000
26.00000 0.00000 1622.00000
27.00000 0.00000 2030.00000
28.00000 0.00000 1877.00000
29.00000 0.00000 2027.00000
30.00000 0.00000 1934.00000
31.00000 0.00000 2024.00000
32.00000 0.00000 2018.00000
33.00000 0.00000 2015.00000
34.00000 0.00000 2012.00000
35.00000 0.00000 2009.00000
36.00000 0.00000 2006.00000
37.00000 0.00000 2057.00000
38.00000 0.00000 2060.00000
39.00000 0.00000 2063.00000
40.00000 0.00000 2021.00000
41.00000 0.00000 1928.00000
42.00000 0.00000 1925.00000
43.00000 0.00000 1922.00000
44.00000 0.00000 1979.00000
45.00000 0.00000 1976.00000
46.00000 0.00000 1973.00000
47.00000 0.00000 1970.00000
48.00000 0.00000 1967.00000
49.00000 0.00000 1964.00000
50.00000 0.00000 1961.00000
51.00000 0.00000 1958.00000
52.00000 0.00000 1982.00000
53.00000 0.00000 1955.00000
54.00000 0.00000 1949.00000
55.00000 0.00000 1946.00000
56.00000 0.00000 1943.00000
57.00000 0.00000 1625.00000
58.00000 0.00000 1307.00000
59.00000 0.00000 1619.00000
60.00000 0.00000 1175.00000
61.00000 0.00000 1138.99135
62.00000 0.00000 1952.00000
63.00000 0.00000 2048.00000
64.00000 0.00000 1985.00000
65.00000 0.00000 1991.00000
66.00000 0.00000 1919.00000
67.00000 0.00000 1916.00000
68.00000 0.00000 1913.00000
69.00000 0.00000 1910.00000
70.00000 0.00000 1907.00000
71.00000 0.00000 1904.00000
72.00000 0.00000 1901.00000
73.00000 0.00000 1898.00000
74.00000 0.00000 1988.00000
75.00000 0.00000 1895.00000
76.00000 0.00000 1889.00000
77.00000 0.00000 1886.00000
78.00000 0.00000 1883.00000
79.00000 0.00000 1880.00000
80.00000 0.00000 1931.00000
81.00000 0.00000 1937.00000
82.00000 0.00000 1994.00000
83.00000 0.00000 1940.00000
84.00000 0.00000 1892.00000
85.00000 0.00000 1138.99475
86.00000 0.00000 2051.00000
87.00000 0.00000 2033.00000
88.00000 0.00000 1871.00000
89.00000 0.00000 1868.00000
90.00000 0.00000 1865.00000
91.00000 0.00000 1862.00000
92.00000 0.00000 1859.00000
93.00000 0.00000 1856.00000
94.00000 0.00000 1853.00000
95.00000 0.00000 1850.00000
96.00000 0.00000 1847.00000
97.00000 0.00000 1844.00000
98.00000 0.00000 1778.00000
99.00000 0.00000 1838.00000
100.00000 0.00000 1835.00000
101.00000 0.00000 1781.00000
102.00000 0.00000 1772.00000
103.00000 0.00000 1775.00000
104.00000 0.00000 1649.00000
105.00000 0.00000 1634.00000
106.00000 0.00000 1631.00000
107.00000 0.00000 1628.00000
108.00000 0.00000 1712.00000
109.00000 0.00000 1826.00000
110.00000 0.00000 1790.00000
111.00000 0.00000 1793.00000
112.00000 0.00000 1796.00000
113.00000 0.00000 1799.00000
114.00000 0.00000 1787.00000
115.00000 0.00000 1805.00000
116.00000 0.00000 1808.00000
117.00000 0.00000 1655.00000
118.00000 0.00000 1811.00000
119.00000 0.00000 1817.00000
120.00000 0.00000 1820.00000
121.00000 0.00000 1823.00000
122.00000 0.00000 1784.00000
123.00000 0.00000 1802.00000
124.00000 0.00000 1841.00000
125.00000 0.00000 1829.00000
126.00000 0.00000 1832.00000
127.00000 0.00000 1814.00000
128.00000 0.00000 1658.00000
129.00000 0.00000 1664.00000
130.00000 0.00000 1667.00000
131.00000 0.00000 1751.00000
132.00000 0.00000 1748.00000
133.00000 0.00000 1745.00000
134.00000 0.00000 1742.00000
135.00000 0.00000 1739.00000
136.00000 0.00000 1736.00000
137.00000 0.00000 1733.00000
138.00000 0.00000 1730.00000
139.00000 0.00000 1754.00000
140.00000 0.00000 1727.00000
141.00000 0.00000 1721.00000
142.00000 0.00000 1718.00000
143.00000 0.00000 1715.00000
144.00000 0.00000 1637.00000
145.00000 0.00000 1640.00000
146.00000 0.00000 1760.00000
147.00000 0.00000 2120.00000
148.00000 0.00000 1874.00000
149.00000 0.00000 1724.00000
150.00000 0.00000 2054.00000
151.00000 0.00000 1757.00000
152.00000 0.00000 1766.00000
153.00000 0.00000 1670.00000
154.00000 0.00000 1673.00000
155.00000 0.00000 1676.00000
156.00000 0.00000 1679.00000
157.00000 0.00000 1682.00000
158.00000 0.00000 1685.00000
159.00000 0.00000 1688.00000
160.00000 0.00000 1691.00000
161.00000 0.00000 1763.00000
162.00000 0.00000 1694.00000
163.00000 0.00000 1700.00000
164.00000 0.00000 1703.00000
165.00000 0.00000 1706.00000
166.00000 0.00000 1709.00000
167.00000 0.00000 1652.00000
168.00000 0.00000 1646.00000
169.00000 0.00000 1769.00000
170.00000 0.00000 1643.00000
171.00000 0.00000 1697.00000
172.00000 0.00000 1138.99537
173.00000 0.00000 1661.00000
174.00000 0.00000 1138.99683
175.00000 0.00000 1604.00000
176.00000 0.00000 1601.00000
177.00000 0.00000 1598.00000
178.00000 0.00000 1595.00000
179.00000 0.00000 1592.00000
180.00000 0.00000 1586.00000
181.00000 0.00000 1559.00000
182.00000 0.00000 1583.00000
183.00000 0.00000 1580.00000
184.00000 0.00000 1577.00000
185.00000 0.00000 1574.00000
186.00000 0.00000 1571.00000
187.00000 0.00000 1568.00000
188.00000 0.00000 1565.00000
189.00000 0.00000 1562.00000
190.00000 0.00000 1490.00000
191.00000 0.00000 1484.00000
192.00000 0.00000 1607.00000
193.00000 0.00000 1610.00000
194.00000 0.00000 1613.00000
195.00000 0.00000 1556.00000
196.00000 0.00000 1538.00000
197.00000 0.00000 1535.00000
198.00000 0.00000 1532.00000
199.00000 0.00000 1529.00000
200.00000 0.00000 1526.00000
201.00000 0.00000 1523.00000
202.00000 0.00000 1520.00000
203.00000 0.00000 1517.00000
204.00000 0.00000 1355.00000
205.00000 0.00000 1514.00000
206.00000 0.00000 1508.00000
207.00000 0.00000 1505.00000
208.00000 0.00000 1502.00000
209.00000 0.00000 1499.00000
210.00000 0.00000 1496.00000
211.00000 0.00000 1493.00000
212.00000 0.00000 1550.00000
213.00000 0.00000 1553.00000
214.00000 0.00000 1511.00000
215.00000 0.00000 1481.00000
216.00000 0.00000 1138.99660
217.00000 0.00000 1412.00000
218.00000 0.00000 1478.00000
219.00000 0.00000 1475.00000
220.00000 0.00000 1472.00000
221.00000 0.00000 1469.00000
222.00000 0.00000 1466.00000
223.00000 0.00000 1463.00000
224.00000 0.00000 1460.00000
225.00000 0.00000 1457.00000
226.00000 0.00000 1454.00000
227.00000 0.00000 1451.00000
228.00000 0.00000 1448.00000
229.00000 0.00000 1445.00000
230.00000 0.00000 1442.00000
231.00000 0.00000 1439.00000
232.00000 0.00000 1436.00000
233.00000 0.00000 1433.00000
234.00000 0.00000 1430.00000
235.00000 0.00000 1427.00000
236.00000 0.00000 1424.00000
237.00000 0.00000 1541.00000
238.00000 0.00000 1421.00000
239.00000 0.00000 1415.00000
240.00000 0.00000 1409.00000
241.00000 0.00000 1406.00000
242.00000 0.00000 1403.00000
243.00000 0.00000 1400.00000
244.00000 0.00000 1397.00000
245.00000 0.00000 1394.00000
246.00000 0.00000 1391.00000
247.00000 0.00000 1388.00000
248.00000 0.00000 1418.00000
249.00000 0.00000 1385.00000
250.00000 0.00000 1379.00000
251.00000 0.00000 1376.00000
252.00000 0.00000 1373.00000
253.00000 0.00000 1370.00000
254.00000 0.00000 1367.00000
255.00000 0.00000 1364.00000
256.00000 0.00000 1361.00000
257.00000 0.00000 1358.00000
258.00000 0.00000 1382.00000
259.00000 0.00000 1544.00000
260.00000 0.00000 1589.00000
261.00000 0.00000 1487.00000
262.00000 0.00000 1331.00000
263.00000 0.00000 1328.00000
264.00000 0.00000 1325.00000
265.00000 0.00000 1322.00000
266.00000 0.00000 1316.00000
267.00000 0.00000 1289.00000
268.00000 0.00000 1313.00000
269.00000 0.00000 1310.00000
270.00000 0.00000 1334.00000
271.00000 0.00000 1280.00000
272.00000 0.00000 1301.00000
273.00000 0.00000 1298.00000
274.00000 0.00000 1295.00000
275.00000 0.00000 1292.00000
276.00000 0.00000 1172.00000
277.00000 0.00000 1178.00000
278.00000 0.00000 1349.00000
279.00000 0.00000 1181.00000
280.00000 0.00000 1304.00000
281.00000 0.00000 1223.00000
282.00000 0.00000 1547.00000
283.00000 0.00000 1343.00000
284.00000 0.00000 1138.99687
285.00000 0.00000 1138.99687
286.00000 0.00000 1138.99687
287.00000 0.00000 1139.00000
288.00000 0.00000 1142.00000
289.00000 0.00000 1145.00000
290.00000 0.00000 1148.00000
291.00000 0.00000 1151.00000
292.00000 0.00000 1340.00000
293.00000 0.00000 1154.00000
294.00000 0.00000 1160.00000
295.00000 0.00000 1163.00000
296.00000 0.00000 1166.00000
297.00000 0.00000 1169.00000
298.00000 0.00000 1138.98966
299.00000 0.00000 1283.00000
300.00000 0.00000 1286.00000
301.00000 0.00000 1319.00000
302.00000 0.00000 1157.00000
303.00000 0.00000 1226.00000
304.00000 0.00000 1337.00000
305.00000 0.00000 1232.00000
306.00000 0.00000 1190.00000
307.00000 0.00000 1193.00000
308.00000 0.00000 1196.00000
309.00000 0.00000 1199.00000
310.00000 0.00000 1202.00000
311.00000 0.00000 1205.00000
312.00000 0.00000 1211.00000
313.00000 0.00000 2127.86663
314.00000 0.00000 1187.00000
315.00000 0.00000 1214.00000
316.00000 0.00000 1220.00000
317.00000 0.00000 2127.80789
318.00000 0.00000 2127.85923
319.00000 0.00000 2127.86565
320.00000 0.00000 2127.86645
321.00000 0.00000 2127.86660
322.00000 0.00000 1346.00000
323.00000 0.00000 1352.00000
324.00000 0.00000 1217.00000
325.00000 0.00000 1616.00000
326.00000 0.00000 1229.00000
327.00000 0.00000 1208.00000
328.00000 0.00000 1235.00000
329.00000 0.00000 1238.00000
330.00000 0.00000 1241.00000
331.00000 0.00000 1244.00000
332.00000 0.00000 1247.00000
333.00000 0.00000 1250.00000
334.00000 0.00000 1253.00000
335.00000 0.00000 1256.00000
336.00000 0.00000 1184.00000
337.00000 0.00000 1259.00000
338.00000 0.00000 1265.00000
339.00000 0.00000 1268.00000
340.00000 0.00000 1271.00000
341.00000 0.00000 1274.00000
342.00000 0.00000 1277.00000
343.00000 0.00000 2127.86679
344.00000 0.00000 2127.86679
345.00000 0.00000 2127.86668
346.00000 0.00000 1262.00000
347.00000 0.00001 2127.38434
348.00000 0.00001 2127.52552
349.00000 0.00001 2127.31375
350.00000 0.00002 2126.92549
351.00000 0.00005 1138.88698
352.00000 0.00007 1138.83564
353.00000 0.00008 1138.80997
354.00000 0.00012 2122.65466
355.00000 0.00022 2118.38382
356.00000 0.00032 2114.11299
357.00000 0.00042 2109.84216
358.00000 0.00053 2105.57132
359.00000 0.00063 2101.30049
360.00000 0.00071 1137.25694
361.00000 0.00073 2097.02966
362.00000 0.00083 2092.75882
363.00000 0.00094 2088.48799
364.00000 0.00103 1136.48042
365.00000 0.00104 2084.21716
366.00000 0.00115 2079.94632
367.00000 0.00119 1136.09216
368.00000 0.00125 2075.67549
369.00000 0.00136 2071.40466
370.00000 0.00146 2067.13382
371.00000 0.00157 2062.86299
372.00000 0.00167 2058.59216
373.00000 0.00178 2054.32132
374.00000 0.00189 2050.05049
375.00000 0.00200 2045.77966
376.00000 0.00210 2041.50882
377.00000 0.00221 2037.23799
378.00000 0.00232 2032.96716
379.00000 0.00243 2028.69632
380.00000 0.00254 2024.42549
381.00000 0.00264 2020.15466
382.00000 0.00275 2015.88382
383.00000 0.00286 2011.61299
384.00000 0.00294 1131.82133
385.00000 0.00297 2007.34216
386.00000 0.00308 2003.07132
387.00000 0.00319 1998.80049
388.00000 0.00330 1994.52966
389.00000 0.00341 1990.25882
390.00000 0.00352 1985.98799
391.00000 0.00363 1981.71716
392.00000 0.00374 1977.44632
393.00000 0.00386 1973.17549
394.00000 0.00397 1968.90466
395.00000 0.00408 1964.63383
396.00000 0.00419 1960.36299
397.00000 0.00430 1956.09216
398.00000 0.00441 1951.82133
399.00000 0.00452 1947.55049
400.00000 0.00463 1943.27966
401.00000 0.00468 1127.55050
402.00000 0.00475 1939.00883
403.00000 0.00486 1934.73799
404.00000 0.00497 1930.46716
405.00000 0.00508 1926.19633
406.00000 0.00519 1921.92549
407.00000 0.00530 1917.65466
408.00000 0.00542 1913.38383
409.00000 0.00553 1909.11299
410.00000 0.00564 1904.84216
411.00000 0.00575 1900.57133
412.00000 0.00586 1896.30049
413.00000 0.00597 1892.02966
414.00000 0.00609 1887.75883
415.00000 0.00620 1883.48799
416.00000 0.00631 1879.21716
417.00000 0.00641 1123.27966
418.00000 0.00642 1874.94633
419.00000 0.00653 1870.67549
420.00000 0.00664 1866.40466
421.00000 0.00675 1862.13383
422.00000 0.00687 1857.86299
423.00000 0.00698 1853.59216
424.00000 0.00709 1849.32133
425.00000 0.00720 1845.05049
426.00000 0.00731 1840.77966
427.00000 0.00742 1836.50883
428.00000 0.00753 1832.23799
429.00000 0.00764 1827.96716
430.00000 0.00775 1823.69633
431.00000 0.00786 1819.42549
432.00000 0.00797 1815.15466
433.00000 0.00808 1810.88383
434.00000 0.00814 1119.00883
435.00000 0.00819 1806.61299
436.00000 0.00830 1802.34216
437.00000 0.00841 1798.07133
438.00000 0.00852 1793.80049
439.00000 0.00862 1789.52966
440.00000 0.00873 1785.25883
441.00000 0.00884 1780.98799
442.00000 0.00895 1776.71716
443.00000 0.00905 1772.44633
444.00000 0.00916 1768.17549
445.00000 0.00927 1763.90466
446.00000 0.00938 1759.63383
447.00000 0.00948 1755.36299
448.00000 0.00959 1751.09216
449.00000 0.00969 1746.82133
450.00000 0.00980 1742.55049
451.00000 0.00986 1114.73800
452.00000 0.00990 1738.27966
453.00000 0.01001 1734.00883
454.00000 0.01011 1729.73799
455.00000 0.01022 1725.46716
456.00000 0.01032 1721.19633
457.00000 0.01042 1716.92549
458.00000 0.01053 1712.65466
459.00000 0.01063 1708.38383
460.00000 0.01073 1704.11299
461.00000 0.01083 1699.84216
462.00000 0.01093 1695.57133
463.00000 0.01104 1691.30049
464.00000 0.01114 1687.02966
465.00000 0.01124 1682.75883
466.00000 0.01134 1678.48799
467.00000 0.01143 1674.21716
468.00000 0.01153 1669.94633
469.00000 0.01158 1110.46717
470.00000 0.01163 1665.67549
471.00000 0.01173 1661.40466
472.00000 0.01183 1657.13383
473.00000 0.01192 1652.86299
474.00000 0.01202 1648.59216
475.00000 0.01212 1644.32133
476.00000 0.01221 1640.05049
477.00000 0.01231 1635.77966
478.00000 0.01240 1631.50883
479.00000 0.01249 1627.23799
480.00000 0.01259 1622.96716
481.00000 0.01268 1618.69633
482.00000 0.01277 1614.42549
483.00000 0.01287 1610.15466
484.00000 0.01296 1605.88383
485.00000 0.01305 1601.61299
486.00000 0.01314 1597.34216
487.00000 0.01323 1593.07133
488.00000 0.01329 1106.19633
489.00000 0.01332 1588.80049
490.00000 0.01340 1584.52966
491.00000 0.01349 1580.25883
492.00000 0.01358 1575.98799
493.00000 0.01367 1571.71716
494.00000 0.01375 1567.44633
495.00000 0.01384 1563.17549
496.00000 0.01392 1558.90466
497.00000 0.01401 1554.63383
498.00000 0.01409 1550.36299
499.00000 0.01417 1546.09216
500.00000 0.01426 1541.82133
501.00000 0.01434 1537.55050
502.00000 0.01442 1533.27966
503.00000 0.01450 1529.00883
504.00000 0.01458 1524.73800
505.00000 0.01466 1520.46716
506.00000 0.01474 1516.19633
507.00000 0.01482 1511.92550
508.00000 0.01489 1507.65466
509.00000 0.01497 1503.38383
510.00000 0.01499 1101.92550
511.00000 0.01504 1499.11300
512.00000 0.01512 1494.84216
513.00000 0.01519 1490.57133
514.00000 0.01527 1486.30050
515.00000 0.01534 1482.02966
516.00000 0.01541 1477.75883
517.00000 0.01548 1473.48800
518.00000 0.01556 1469.21716
519.00000 0.01563 1464.94633
520.00000 0.01569 1460.67550
521.00000 0.01576 1456.40466
522.00000 0.01583 1452.13383
523.00000 0.01590 1447.86300
524.00000 0.01596 1443.59216
525.00000 0.01603 1439.32133
526.00000 0.01609 1435.05050
527.00000 0.01616 1430.77966
528.00000 0.01622 1426.50883
529.00000 0.01628 1422.23800
530.00000 0.01635 1417.96716
531.00000 0.01641 1413.69633
532.00000 0.01647 1409.42550
533.00000 0.01653 1405.15466
534.00000 0.01658 1400.88383
535.00000 0.01664 1396.61300
536.00000 0.01669 1097.65467
537.00000 0.01670 1392.34216
538.00000 0.01676 1388.07133
539.00000 0.01681 1383.80050
540.00000 0.01686 1379.52966
541.00000 0.01692 1375.25883
542.00000 0.01697 1370.98800
543.00000 0.01702 1366.71716
544.00000 0.01707 1362.44633
545.00000 0.01712 1358.17550
546.00000 0.01717 1353.90466
547.00000 0.01722 1349.63383
548.00000 0.01727 1345.36300
549.00000 0.01732 1341.09216
550.00000 0.01736 1336.82133
551.00000 0.01741 1332.55050
552.00000 0.01745 1328.27966
553.00000 0.01749 1324.00883
554.00000 0.01754 1319.73800
555.00000 0.01758 1315.46716
556.00000 0.01762 1311.19633
557.00000 0.01766 1306.92550
558.00000 0.01770 1302.65466
559.00000 0.01773 1298.38383
560.00000 0.01777 1294.11300
561.00000 0.01781 1289.84216
562.00000 0.01784 1285.57133
563.00000 0.01787 1281.30050
564.00000 0.01791 1277.02966
565.00000 0.01794 1272.75883
566.00000 0.01797 1268.48800
567.00000 0.01800 1264.21716
568.00000 0.01803 1259.94633
569.00000 0.01806 1255.67550
570.00000 0.01809 1251.40466
571.00000 0.01811 1247.13383
572.00000 0.01814 1242.86300
573.00000 0.01816 1238.59216
574.00000 0.01818 1234.32133
575.00000 0.01821 1230.05050
576.00000 0.01823 1225.77966
577.00000 0.01825 1221.50883
578.00000 0.01827 1217.23800
579.00000 0.01829 1212.96716
580.00000 0.01830 1208.69633
581.00000 0.01832 1204.42550
582.00000 0.01834 1200.15466
583.00000 0.01835 1195.88383
584.00000 0.01836 1191.61300
585.00000 0.01838 1187.34216
586.00000 0.01839 1183.07133
587.00000 0.01839 1093.38810
588.00000 0.01839 1093.38383
589.00000 0.01839 1093.38810
590.00000 0.01839 1093.38383
591.00000 0.01840 1178.80050
592.00000 0.01840 1097.65467
593.00000 0.01841 1101.92550
594.00000 0.01841 1174.52966
595.00000 0.01842 1110.46717
596.00000 0.01842 1106.19633
597.00000 0.01842 1165.98800
598.00000 0.01842 1170.25883
599.00000 0.01843 1161.71716
600.00000 0.01843 1114.73800
601.00000 0.01843 1119.00883
602.00000 0.01844 1127.55050
603.00000 0.01844 1131.82133
604.00000 0.01844 1144.63383
605.00000 0.01844 1157.44633
606.00000 0.01844 1123.27966
607.00000 0.01844 1153.17550
608.00000 0.01844 1148.90466
609.00000 0.01845 1140.36300
610.00000 0.01845 1136.09216
