0.00000 0.47053 597.28716
1.00000 0.47053 597.28716
2.00000 0.47053 597.29143
3.00000 0.47055 597.18750
4.00000 0.47080 601.55799
5.00000 0.47107 605.82882
6.00000 0.47134 610.09966
7.00000 0.47150 592.91666
8.00000 0.47161 614.37049
9.00000 0.47187 618.64132
10.00000 0.47214 622.91216
11.00000 0.47240 627.18299
12.00000 0.47244 588.64583
13.00000 0.47266 631.45382
14.00000 0.47292 635.72466
15.00000 0.47318 639.99549
16.00000 0.47335 584.37500
17.00000 0.47344 644.26632
18.00000 0.47370 648.53716
19.00000 0.47395 652.80799
20.00000 0.47421 657.07882
21.00000 0.47425 580.10416
22.00000 0.47446 661.34966
23.00000 0.47471 665.62049
24.00000 0.47496 669.89132
25.00000 0.47514 575.83333
26.00000 0.47520 674.16216
27.00000 0.47545 678.43299
28.00000 0.47569 682.70382
29.00000 0.47594 686.97466
30.00000 0.47600 571.56250
31.00000 0.47618 691.24549
32.00000 0.47642 695.51632
33.00000 0.47666 699.78716
34.00000 0.47685 567.29166
35.00000 0.47690 704.05799
36.00000 0.47713 708.32882
37.00000 0.47737 712.59966
38.00000 0.47760 716.87049
39.00000 0.47768 563.02083
40.00000 0.47783 721.14132
41.00000 0.47806 725.41216
42.00000 0.47829 729.68299
43.00000 0.47850 558.75000
44.00000 0.47852 733.95382
45.00000 0.47875 738.22466
46.00000 0.47897 742.49549
47.00000 0.47920 746.76632
48.00000 0.47929 554.47916
49.00000 0.47942 751.03716
50.00000 0.47964 755.30799
51.00000 0.47986 759.57882
52.00000 0.48007 550.20833
53.00000 0.48008 763.84966
54.00000 0.48030 768.12049
55.00000 0.48051 772.39132
56.00000 0.48073 776.66216
57.00000 0.48083 545.93750
58.00000 0.48094 780.93299
59.00000 0.48115 785.20382
60.00000 0.48137 789.47466
61.00000 0.48158 793.74549
62.00000 0.48158 541.66666
63.00000 0.48178 798.01632
64.00000 0.48199 802.28716
65.00000 0.48220 806.55799
66.00000 0.48231 537.39583
67.00000 0.48240 810.82882
68.00000 0.48261 815.09966
69.00000 0.48281 819.37049
70.00000 0.48301 823.64132
71.00000 0.48302 533.12500
72.00000 0.48321 827.91216
73.00000 0.48341 832.18299
74.00000 0.48360 836.45382
75.00000 0.48371 528.85416
76.00000 0.48380 840.72466
77.00000 0.48400 844.99549
78.00000 0.48419 849.26632
79.00000 0.48438 853.53716
80.00000 0.48439 524.58333
81.00000 0.48457 857.80799
82.00000 0.48476 862.07882
83.00000 0.48495 866.34966
84.00000 0.48505 520.31250
85.00000 0.48514 870.62049
86.00000 0.48533 874.89132
87.00000 0.48551 879.16216
88.00000 0.48569 516.04166
89.00000 0.48570 883.43299
90.00000 0.48588 887.70382
91.00000 0.48606 891.97466
92.00000 0.48624 896.24549
93.00000 0.48632 511.77083
94.00000 0.48642 900.51632
95.00000 0.48660 904.78716
96.00000 0.48677 909.05799
97.00000 0.48693 507.50000
98.00000 0.48695 913.32882
99.00000 0.48712 917.59965
100.00000 0.48730 921.87049
101.00000 0.48747 926.14132
102.00000 0.48752 503.22916
103.00000 0.48764 930.41215
104.00000 0.48781 934.68299
105.00000 0.48798 938.95382
106.00000 0.48810 498.95833
107.00000 0.48815 943.22465
108.00000 0.48831 947.49549
109.00000 0.48848 951.76632
110.00000 0.48864 956.03715
111.00000 0.48865 494.68750
112.00000 0.48881 960.30799
113.00000 0.48897 964.57882
114.00000 0.48913 968.84965
115.00000 0.48920 490.41666
116.00000 0.48929 973.12049
117.00000 0.48945 977.39132
118.00000 0.48961 981.66215
119.00000 0.48972 486.14583
120.00000 0.48976 985.93299
121.00000 0.48992 990.20382
122.00000 0.49007 994.47465
123.00000 0.49022 998.74549
124.00000 0.49023 481.87500
125.00000 0.49038 1003.01632
126.00000 0.49053 1007.28715
127.00000 0.49068 1011.55799
128.00000 0.49073 477.60416
129.00000 0.49082 1015.82882
130.00000 0.49097 1020.09965
131.00000 0.49112 1024.37049
132.00000 0.49120 473.33333
133.00000 0.49126 1028.64132
134.00000 0.49141 1032.91215
135.00000 0.49155 1037.18299
136.00000 0.49167 469.06250
137.00000 0.49169 1041.45382
138.00000 0.49183 1045.72465
139.00000 0.49197 1049.99549
140.00000 0.49211 464.79166
141.00000 0.49211 1054.26632
142.00000 0.49225 1058.53715
143.00000 0.49239 1062.80799
144.00000 0.49252 1067.07882
145.00000 0.49254 460.52083
146.00000 0.49266 1071.34965
147.00000 0.49279 1075.62049
148.00000 0.49292 1079.89132
149.00000 0.49296 456.25000
150.00000 0.49306 1084.16215
151.00000 0.49319 1088.43299
152.00000 0.49332 1092.70382
153.00000 0.49336 451.97916
154.00000 0.49344 1096.97465
155.00000 0.49357 1101.24549
156.00000 0.49370 1105.51632
157.00000 0.49374 447.70833
158.00000 0.49382 1109.78715
159.00000 0.49395 1114.05799
160.00000 0.49407 1118.32882
161.00000 0.49411 443.43750
162.00000 0.49419 1122.59965
163.00000 0.49432 1126.87049
164.00000 0.49444 1131.14132
165.00000 0.49447 439.16666
166.00000 0.49456 1135.41215
167.00000 0.49467 1139.68299
168.00000 0.49479 1143.95382
169.00000 0.49481 434.89583
170.00000 0.49491 1148.22465
171.00000 0.49502 1152.49549
172.00000 0.49513 430.62500
173.00000 0.49514 1156.76632
174.00000 0.49525 1161.03715
175.00000 0.49536 1165.30799
176.00000 0.49545 426.35416
177.00000 0.49547 1169.57882
178.00000 0.49559 1173.84965
179.00000 0.49569 1178.12049
180.00000 0.49574 422.08333
181.00000 0.49580 1182.39132
182.00000 0.49591 1186.66215
183.00000 0.49602 1190.93299
184.00000 0.49603 417.81250
185.00000 0.49612 1195.20382
186.00000 0.49623 1199.47465
187.00000 0.49630 413.54166
188.00000 0.49633 1203.74549
189.00000 0.49644 1208.01632
190.00000 0.49654 1212.28715
191.00000 0.49656 409.27083
192.00000 0.49664 1216.55799
193.00000 0.49674 1220.82882
194.00000 0.49681 405.00000
195.00000 0.49684 1225.09965
196.00000 0.49694 1229.37049
197.00000 0.49704 400.72917
198.00000 0.49704 1233.64132
199.00000 0.49713 1237.91215
200.00000 0.49723 1242.18299
201.00000 0.49726 396.45833
202.00000 0.49732 1246.45382
203.00000 0.49742 1250.72465
204.00000 0.49747 392.18750
205.00000 0.49751 1254.99549
206.00000 0.49761 1259.26632
207.00000 0.49767 387.91667
208.00000 0.49770 1263.53715
209.00000 0.49779 1267.80799
210.00000 0.49785 383.64583
211.00000 0.49788 1272.07882
212.00000 0.49797 1276.34965
213.00000 0.49803 379.37500
214.00000 0.49806 1280.62049
215.00000 0.49815 1284.89132
216.00000 0.49820 375.10417
217.00000 0.49824 1289.16215
218.00000 0.49833 1293.43299
219.00000 0.49835 370.83333
220.00000 0.49841 1297.70382
221.00000 0.49850 366.56250
222.00000 0.49850 1301.97465
223.00000 0.49859 1306.24549
224.00000 0.49863 362.29167
225.00000 0.49867 1310.51632
226.00000 0.49876 358.02083
227.00000 0.49876 1314.78715
228.00000 0.49885 1319.05799
229.00000 0.49888 353.75000
230.00000 0.49894 1323.32882
231.00000 0.49899 349.47917
232.00000 0.49903 1327.59965
233.00000 0.49909 345.20833
234.00000 0.49912 1331.87049
235.00000 0.49918 340.93750
236.00000 0.49922 1336.14132
237.00000 0.49927 336.66667
238.00000 0.49932 1340.41215
239.00000 0.49935 332.39583
240.00000 0.49942 328.12500
241.00000 0.49943 1344.68298
242.00000 0.49949 323.85417
243.00000 0.49955 319.58333
244.00000 0.49959 1348.95382
245.00000 0.49960 315.31250
246.00000 0.49962 1349.34208
247.00000 0.49963 1349.41267
248.00000 0.49964 1349.57952
249.00000 0.49964 1349.55385
250.00000 0.49965 311.04167
251.00000 0.49965 1349.63086
252.00000 0.49965 1349.64020
253.00000 0.49966 1349.65887
254.00000 0.49967 1349.70299
255.00000 0.49967 1349.69620
256.00000 0.49968 1349.71795
257.00000 0.49968 1349.71807
258.00000 0.49968 1349.71711
259.00000 0.49968 1349.71690
260.00000 0.49968 1349.71679
261.00000 0.49968 1349.71657
262.00000 0.49968 1349.71485
263.00000 0.49968 1349.71746
264.00000 0.49969 1349.69456
265.00000 0.49970 1349.65578
266.00000 0.49970 306.77083
267.00000 0.49972 1349.52257
268.00000 0.49974 302.50000
269.00000 0.49975 1349.03244
270.00000 0.49978 298.22917
271.00000 0.49980 1347.14818
272.00000 0.49981 293.95833
273.00000 0.49982 1346.27351
274.00000 0.49984 289.68750
275.00000 0.49985 1344.52418
276.00000 0.49986 285.41667
277.00000 0.49989 281.14583
278.00000 0.49989 1341.02551
279.00000 0.49991 276.87500
280.00000 0.49992 1336.75468
281.00000 0.49992 272.60417
282.00000 0.49994 1332.48384
283.00000 0.49994 268.33333
284.00000 0.49995 264.06250
285.00000 0.49996 259.79167
286.00000 0.49996 255.52083
287.00000 0.49996 1328.21301
288.00000 0.49997 251.25000
289.00000 0.49998 1323.94218
290.00000 0.49998 246.97917
291.00000 0.49998 242.70833
292.00000 0.49999 225.62500
293.00000 0.49999 238.43750
294.00000 0.49999 234.16667
295.00000 0.49999 229.89583
296.00000 0.49999 221.35417
297.00000 0.50000 228.17650
298.00000 0.50000 211.09316
299.00000 0.50000 215.36400
300.00000 0.50000 219.63483
301.00000 0.50000 223.90566
302.00000 0.50000 232.44733
303.00000 0.50000 334.94733
304.00000 0.50000 240.98900
305.00000 0.50000 245.25983
306.00000 0.50000 249.53066
307.00000 0.50000 497.23899
308.00000 0.50000 206.82233
309.00000 0.50000 339.21816
310.00000 0.50000 236.71816
311.00000 0.50000 202.55150
312.00000 0.50000 305.05150
313.00000 0.50000 1319.67134
314.00000 0.50000 253.80150
315.00000 0.50000 258.07233
316.00000 0.50000 262.34316
317.00000 0.50000 200.00000
318.00000 0.50000 330.67650
319.00000 0.50000 326.40566
320.00000 0.50000 322.13483
321.00000 0.50000 317.86400
322.00000 0.50000 313.59316
323.00000 0.50000 309.32233
324.00000 0.50000 300.78066
325.00000 0.50000 266.61400
326.00000 0.50000 292.23900
327.00000 0.50000 200.00000
328.00000 0.50000 347.75983
329.00000 0.50000 343.48900
330.00000 0.50000 428.90566
331.00000 0.50000 407.55150
332.00000 0.50000 403.28066
333.00000 0.50000 352.03066
334.00000 0.50000 411.82233
335.00000 0.50000 356.30150
336.00000 0.50000 364.84316
337.00000 0.50000 369.11400
338.00000 0.50000 373.38483
339.00000 0.50000 377.65566
340.00000 0.50000 381.92650
341.00000 0.50000 386.19733
342.00000 0.50000 420.36399
343.00000 0.50000 390.46816
344.00000 0.50000 394.73900
345.00000 0.50000 399.00983
346.00000 0.50000 416.09316
347.00000 0.50000 463.07233
348.00000 0.50000 484.42649
349.00000 0.50000 480.15566
350.00000 0.50000 475.88483
351.00000 0.50000 287.96816
352.00000 0.50000 458.80149
353.00000 0.50000 471.61399
354.00000 0.50000 488.69733
355.00000 0.50000 433.17649
356.00000 0.50000 441.71816
357.00000 0.50000 445.98899
358.00000 0.50000 450.25983
359.00000 0.50000 454.53066
360.00000 0.50000 467.34316
361.00000 0.50000 424.63483
362.00000 0.50000 437.44733
363.00000 0.50000 283.69733
364.00000 0.50000 360.57233
365.00000 0.50000 275.15566
366.00000 0.50000 629.63483
367.00000 0.50000 569.84316
368.00000 0.50000 510.05149
369.00000 0.50000 514.32233
370.00000 0.50000 518.59316
371.00000 0.50000 522.86399
372.00000 0.50000 527.13483
373.00000 0.50000 531.40566
374.00000 0.50000 535.67649
375.00000 0.50000 539.94733
376.00000 0.50000 544.21816
377.00000 0.50000 548.48899
378.00000 0.50000 552.75983
379.00000 0.50000 279.42650
380.00000 0.50000 642.44733
381.00000 0.50000 561.30149
382.00000 0.50000 604.00983
383.00000 0.50000 599.73899
384.00000 0.50000 625.36399
385.00000 0.50000 621.09316
386.00000 0.50000 616.82233
387.00000 0.50000 612.55149
388.00000 0.50000 608.28066
389.00000 0.50000 200.00427
390.00000 0.50000 595.46816
391.00000 0.50000 591.19733
392.00000 0.50000 586.92649
393.00000 0.50000 582.65566
394.00000 0.50000 578.38483
395.00000 0.50000 574.11399
396.00000 0.50000 565.57233
397.00000 0.50000 638.17649
398.00000 0.50000 557.03066
399.00000 0.50000 208.54167
400.00000 0.50000 204.27083
401.00000 0.50000 492.96816
402.00000 0.50000 296.50983
403.00000 0.50000 501.50983
404.00000 0.50000 702.23899
405.00000 0.50000 646.71816
406.00000 0.50000 650.98899
407.00000 0.50000 655.25983
408.00000 0.50000 659.53066
409.00000 0.50000 663.80149
410.00000 0.50000 668.07233
411.00000 0.50000 672.34316
412.00000 0.50000 676.61399
413.00000 0.50000 680.88483
414.00000 0.50000 685.15566
415.00000 0.50000 270.88483
416.00000 0.50000 693.69733
417.00000 0.50000 212.81250
418.00000 0.50000 217.08333
419.00000 0.50000 505.78066
420.00000 0.50000 740.67649
421.00000 0.50000 732.13483
422.00000 0.50000 727.86399
423.00000 0.50000 736.40566
424.00000 0.50000 719.32233
425.00000 0.50000 715.05149
426.00000 0.50000 710.78066
427.00000 0.50000 633.90566
428.00000 0.50000 706.50983
429.00000 0.50000 697.96816
430.00000 0.50000 723.59316
431.00000 0.50000 689.42649
432.00000 0.50001 779.11399
433.00000 0.50001 762.03066
434.00000 0.50001 757.75983
435.00000 0.50001 1315.40051
436.00000 0.50001 744.94733
437.00000 0.50001 749.21816
438.00000 0.50001 753.48899
439.00000 0.50001 804.73899
440.00000 0.50001 774.84316
441.00000 0.50001 770.57233
442.00000 0.50001 800.46816
443.00000 0.50001 796.19733
444.00000 0.50001 791.92649
445.00000 0.50001 787.65566
446.00000 0.50001 783.38483
447.00000 0.50001 766.30149
448.00000 0.50002 809.00983
449.00000 0.50002 817.55149
450.00000 0.50002 821.82233
451.00000 0.50002 826.09316
452.00000 0.50002 834.63483
453.00000 0.50002 813.28066
454.00000 0.50002 1311.12968
455.00000 0.50002 830.36399
456.00000 0.50003 855.98899
457.00000 0.50003 851.71816
458.00000 0.50003 847.44732
459.00000 0.50003 843.17649
460.00000 0.50003 1306.85884
461.00000 0.50003 838.90566
462.00000 0.50004 860.25982
463.00000 0.50004 873.07232
464.00000 0.50004 868.80149
465.00000 0.50004 864.53066
466.00000 0.50004 877.34316
467.00000 0.50004 1302.58801
468.00000 0.50005 885.88482
469.00000 0.50005 890.15566
470.00000 0.50005 1298.31718
471.00000 0.50005 881.61399
472.00000 0.50006 894.42649
473.00000 0.50006 898.69732
474.00000 0.50006 902.96816
475.00000 0.50006 1294.04634
476.00000 0.50007 907.23899
477.00000 0.50007 911.50982
478.00000 0.50007 1289.77551
479.00000 0.50007 1285.50468
480.00000 0.50007 915.78066
481.00000 0.50008 1281.23384
482.00000 0.50008 920.05149
483.00000 0.50008 924.32232
484.00000 0.50009 1272.69218
485.00000 0.50009 928.59316
486.00000 0.50009 932.86399
487.00000 0.50009 1276.96301
488.00000 0.50010 941.40566
489.00000 0.50010 1268.42134
490.00000 0.50010 937.13482
491.00000 0.50010 1264.15051
492.00000 0.50011 1259.87968
493.00000 0.50011 949.94732
494.00000 0.50011 945.67649
495.00000 0.50012 1255.60884
496.00000 0.50012 1251.33801
497.00000 0.50012 954.21816
498.00000 0.50012 958.48899
499.00000 0.50013 1238.52551
500.00000 0.50013 1242.79634
501.00000 0.50013 1247.06718
502.00000 0.50013 962.75982
503.00000 0.50014 1234.25468
504.00000 0.50014 967.03066
505.00000 0.50014 971.30149
506.00000 0.50014 1229.98384
507.00000 0.50015 1221.44218
508.00000 0.50015 1225.71301
509.00000 0.50015 975.57232
510.00000 0.50016 1217.17134
511.00000 0.50016 979.84316
512.00000 0.50016 1212.90051
513.00000 0.50016 1208.62968
514.00000 0.50017 984.11399
515.00000 0.50017 1204.35884
516.00000 0.50017 988.38482
517.00000 0.50017 1195.81718
518.00000 0.50017 1200.08801
519.00000 0.50018 1191.54634
520.00000 0.50018 1187.27551
521.00000 0.50018 992.65566
522.00000 0.50019 1174.46301
523.00000 0.50019 1183.00468
524.00000 0.50019 1178.73384
525.00000 0.50019 1170.19218
526.00000 0.50019 996.92649
527.00000 0.50020 1157.37968
528.00000 0.50020 1165.92134
529.00000 0.50020 1001.19732
530.00000 0.50020 1161.65051
531.00000 0.50021 1148.83801
532.00000 0.50021 1005.46816
533.00000 0.50021 1144.56718
534.00000 0.50021 1153.10884
535.00000 0.50022 1127.48384
536.00000 0.50022 1140.29634
537.00000 0.50022 1136.02551
538.00000 0.50022 1009.73899
539.00000 0.50022 1131.75468
540.00000 0.50023 1110.40051
541.00000 0.50023 1014.00982
542.00000 0.50023 1114.67134
543.00000 0.50023 1123.21301
544.00000 0.50023 1118.94218
545.00000 0.50024 1018.28066
546.00000 0.50024 1097.58801
547.00000 0.50024 1089.04634
548.00000 0.50024 1093.31718
549.00000 0.50024 1101.85884
550.00000 0.50024 1106.12968
551.00000 0.50025 1080.50468
552.00000 0.50025 1022.55149
553.00000 0.50025 1076.23384
554.00000 0.50025 1067.69218
555.00000 0.50025 1071.96301
556.00000 0.50025 1084.77551
557.00000 0.50026 1026.82232
558.00000 0.50026 1063.42134
559.00000 0.50026 1059.15051
560.00000 0.50026 1054.87968
561.00000 0.50026 1050.60884
562.00000 0.50026 1046.33801
563.00000 0.50027 1031.09316
564.00000 0.50027 1042.06718
565.00000 0.50027 1037.79634
566.00000 0.50027 1033.52551
567.00000 0.50027 1031.09316
568.00000 0.50027 1031.08889
