0.00000 0.92461 715.83925
1.00000 0.92461 715.83925
2.00000 0.92462 715.84352
3.00000 0.92462 715.83498
4.00000 0.92490 711.56841
5.00000 0.92509 720.11008
6.00000 0.92518 707.29758
7.00000 0.92547 703.02675
8.00000 0.92556 724.38091
9.00000 0.92575 698.75591
10.00000 0.92603 728.65175
11.00000 0.92604 694.48508
12.00000 0.92633 690.21425
13.00000 0.92650 732.92258
14.00000 0.92661 685.94341
15.00000 0.92690 681.67258
16.00000 0.92697 737.19341
17.00000 0.92719 677.40175
18.00000 0.92744 741.46425
19.00000 0.92747 673.13091
20.00000 0.92776 668.86008
21.00000 0.92791 745.73508
22.00000 0.92805 664.58925
23.00000 0.92834 660.31841
24.00000 0.92838 750.00591
25.00000 0.92863 656.04758
26.00000 0.92885 754.27675
27.00000 0.92892 651.77675
28.00000 0.92921 647.50591
29.00000 0.92932 758.54758
30.00000 0.92950 643.23508
31.00000 0.92979 762.81841
32.00000 0.92980 638.96425
33.00000 0.93009 634.69341
34.00000 0.93026 767.08925
35.00000 0.93038 630.42258
36.00000 0.93068 626.15175
37.00000 0.93073 771.36008
38.00000 0.93098 621.88091
39.00000 0.93119 775.63091
40.00000 0.93127 617.61008
41.00000 0.93157 613.33925
42.00000 0.93166 779.90175
43.00000 0.93187 609.06842
44.00000 0.93213 784.17258
45.00000 0.93217 604.79758
46.00000 0.93248 600.52675
47.00000 0.93259 788.44341
48.00000 0.93278 596.25592
49.00000 0.93306 792.71425
50.00000 0.93309 591.98508
51.00000 0.93344 587.71425
52.00000 0.93352 796.98508
53.00000 0.93381 583.44342
54.00000 0.93399 801.25591
55.00000 0.93417 579.17258
56.00000 0.93445 805.52675
57.00000 0.93453 574.90175
58.00000 0.93488 570.63092
59.00000 0.93492 809.79758
60.00000 0.93522 566.36008
61.00000 0.93538 814.06841
62.00000 0.93556 562.08925
63.00000 0.93584 818.33925
64.00000 0.93589 557.81842
65.00000 0.93622 553.54758
66.00000 0.93630 822.61008
67.00000 0.93655 549.27675
68.00000 0.93677 826.88091
69.00000 0.93687 545.00592
70.00000 0.93719 540.73508
71.00000 0.93723 831.15175
72.00000 0.93750 536.46425
73.00000 0.93769 835.42258
74.00000 0.93781 532.19342
75.00000 0.93811 527.92258
76.00000 0.93815 839.69341
77.00000 0.93842 523.65175
78.00000 0.93861 843.96425
79.00000 0.93872 519.38092
80.00000 0.93901 515.11008
81.00000 0.93907 848.23508
82.00000 0.93931 510.83925
83.00000 0.93952 852.50591
84.00000 0.93960 506.56842
85.00000 0.93989 502.29758
86.00000 0.93998 856.77675
87.00000 0.94017 498.02675
88.00000 0.94044 861.04758
89.00000 0.94046 493.75592
90.00000 0.94074 489.48508
91.00000 0.94090 865.31841
92.00000 0.94102 485.21425
93.00000 0.94130 480.94342
94.00000 0.94135 869.58925
95.00000 0.94157 476.67258
96.00000 0.94181 873.86008
97.00000 0.94184 472.40175
98.00000 0.94212 468.13092
99.00000 0.94226 878.13091
100.00000 0.94238 463.86008
101.00000 0.94265 459.58925
102.00000 0.94272 882.40175
103.00000 0.94292 455.31842
104.00000 0.94317 886.67258
105.00000 0.94318 451.04758
106.00000 0.94345 446.77675
107.00000 0.94362 890.94341
108.00000 0.94371 442.50592
109.00000 0.94397 438.23508
110.00000 0.94408 895.21425
111.00000 0.94422 433.96425
112.00000 0.94448 429.69342
113.00000 0.94453 899.48508
114.00000 0.94474 425.42258
115.00000 0.94498 903.75591
116.00000 0.94499 421.15175
117.00000 0.94524 416.88092
118.00000 0.94543 908.02675
119.00000 0.94550 412.61008
120.00000 0.94575 408.33925
121.00000 0.94588 912.29758
122.00000 0.94600 404.06842
123.00000 0.94625 399.79758
124.00000 0.94633 916.56841
125.00000 0.94649 395.52675
126.00000 0.94674 391.25592
127.00000 0.94678 920.83925
128.00000 0.94699 386.98508
129.00000 0.94723 925.11008
130.00000 0.94723 382.71425
131.00000 0.94747 378.44342
132.00000 0.94768 929.38091
133.00000 0.94772 374.17258
134.00000 0.94796 369.90175
135.00000 0.94812 933.65175
136.00000 0.94820 365.63092
137.00000 0.94844 361.36008
138.00000 0.94857 937.92258
139.00000 0.94868 357.08925
140.00000 0.94892 352.81842
141.00000 0.94901 942.19341
142.00000 0.94916 348.54758
143.00000 0.94940 344.27675
144.00000 0.94946 946.46425
145.00000 0.94964 340.00592
146.00000 0.94988 335.73508
147.00000 0.94990 950.73508
148.00000 0.95011 331.46425
149.00000 0.95035 327.19342
150.00000 0.95035 955.00591
151.00000 0.95059 322.92258
152.00000 0.95079 959.27675
153.00000 0.95082 318.65175
154.00000 0.95106 314.38092
155.00000 0.95123 963.54758
156.00000 0.95129 310.11008
157.00000 0.95153 305.83925
158.00000 0.95167 967.81841
159.00000 0.95176 301.56842
160.00000 0.95199 297.29758
161.00000 0.95211 972.08925
162.00000 0.95223 293.02675
163.00000 0.95246 288.75592
164.00000 0.95255 976.36008
165.00000 0.95269 284.48508
166.00000 0.95293 280.21425
167.00000 0.95299 980.63091
168.00000 0.95316 275.94342
169.00000 0.95339 271.67258
170.00000 0.95343 984.90175
171.00000 0.95363 267.40175
172.00000 0.95386 263.13092
173.00000 0.95386 989.17258
174.00000 0.95409 258.86008
175.00000 0.95430 993.44341
176.00000 0.95433 254.58925
177.00000 0.95456 250.31842
178.00000 0.95473 997.71425
179.00000 0.95479 246.04758
180.00000 0.95502 241.77675
181.00000 0.95517 1001.98508
182.00000 0.95526 237.50592
183.00000 0.95549 233.23508
184.00000 0.95560 1006.25591
185.00000 0.95572 228.96425
186.00000 0.95596 224.69342
187.00000 0.95603 1010.52675
188.00000 0.95619 220.42258
189.00000 0.95642 216.15175
190.00000 0.95647 1014.79758
191.00000 0.95666 211.88092
192.00000 0.95689 207.61008
193.00000 0.95690 1019.06841
194.00000 0.95712 203.33925
195.00000 0.95731 200.00000
196.00000 0.95733 1023.33925
197.00000 0.95775 1027.61008
198.00000 0.95818 1031.88091
199.00000 0.95861 1036.15175
200.00000 0.95903 1040.42258
201.00000 0.95946 1044.69341
202.00000 0.95988 1048.96424
203.00000 0.96031 1053.23508
204.00000 0.96073 1057.50591
205.00000 0.96115 1061.77674
206.00000 0.96157 1066.04758
207.00000 0.96199 1070.31841
208.00000 0.96240 1074.58924
209.00000 0.96282 1078.86008
210.00000 0.96323 1083.13091
211.00000 0.96365 1087.40174
212.00000 0.96406 1091.67258
213.00000 0.96447 1095.94341
214.00000 0.96488 1100.21424
215.00000 0.96529 1104.48508
216.00000 0.96570 1108.75591
217.00000 0.96610 1113.02674
218.00000 0.96651 1117.29758
219.00000 0.96691 1121.56841
220.00000 0.96732 1125.83924
221.00000 0.96772 1130.11008
222.00000 0.96812 1134.38091
223.00000 0.96851 1138.65174
224.00000 0.96891 1142.92258
225.00000 0.96931 1147.19341
226.00000 0.96970 1151.46424
227.00000 0.97009 1155.73508
228.00000 0.97048 1160.00591
229.00000 0.97087 1164.27674
230.00000 0.97126 1168.54758
231.00000 0.97165 1172.81841
232.00000 0.97203 1177.08924
233.00000 0.97241 1181.36008
234.00000 0.97279 1185.63091
235.00000 0.97317 1189.90174
236.00000 0.97355 1194.17258
237.00000 0.97393 1198.44341
238.00000 0.97430 1202.71424
239.00000 0.97467 1206.98508
240.00000 0.97504 1211.25591
241.00000 0.97541 1215.52674
242.00000 0.97578 1219.79758
243.00000 0.97614 1224.06841
244.00000 0.97651 1228.33924
245.00000 0.97687 1232.61008
246.00000 0.97723 1236.88091
247.00000 0.97758 1241.15174
248.00000 0.97794 1245.42258
249.00000 0.97829 1249.69341
250.00000 0.97864 1253.96424
251.00000 0.97899 1258.23508
252.00000 0.97934 1262.50591
253.00000 0.97968 1266.77674
254.00000 0.98003 1271.04758
255.00000 0.98037 1275.31841
256.00000 0.98071 1279.58924
257.00000 0.98104 1283.86008
258.00000 0.98137 1288.13091
259.00000 0.98171 1292.40174
260.00000 0.98203 1296.67258
261.00000 0.98236 1300.94341
262.00000 0.98268 1305.21424
263.00000 0.98301 1309.48508
264.00000 0.98332 1313.75591
265.00000 0.98364 1318.02674
266.00000 0.98395 1322.29758
267.00000 0.98427 1326.56841
268.00000 0.98457 1330.83924
269.00000 0.98488 1335.11008
270.00000 0.98518 1339.38091
271.00000 0.98549 1343.65174
272.00000 0.98578 1347.92258
273.00000 0.98608 1352.19341
274.00000 0.98637 1356.46424
275.00000 0.98666 1360.73508
276.00000 0.98695 1365.00591
277.00000 0.98723 1369.27674
278.00000 0.98751 1373.54758
279.00000 0.98779 1377.81841
280.00000 0.98807 1382.08924
281.00000 0.98834 1386.36008
282.00000 0.98861 1390.63091
283.00000 0.98888 1394.90174
284.00000 0.98914 1399.17258
285.00000 0.98940 1403.44341
286.00000 0.98966 1407.71424
287.00000 0.98991 1411.98508
288.00000 0.99017 1416.25591
289.00000 0.99041 1420.52674
290.00000 0.99066 1424.79758
291.00000 0.99090 1429.06841
292.00000 0.99114 1433.33924
293.00000 0.99138 1437.61008
294.00000 0.99161 1441.88091
295.00000 0.99184 1446.15174
296.00000 0.99206 1450.42258
297.00000 0.99229 1454.69341
298.00000 0.99251 1458.96424
299.00000 0.99272 1463.23508
300.00000 0.99294 1467.50591
301.00000 0.99315 1471.77674
302.00000 0.99335 1476.04757
303.00000 0.99356 1480.31841
304.00000 0.99376 1484.58924
305.00000 0.99395 1488.86007
306.00000 0.99415 1493.13091
307.00000 0.99434 1497.40174
308.00000 0.99452 1501.67257
309.00000 0.99471 1505.94341
310.00000 0.99489 1510.21424
311.00000 0.99507 1514.48507
312.00000 0.99524 1518.75591
313.00000 0.99541 1523.02674
314.00000 0.99558 1527.29757
315.00000 0.99574 1531.56841
316.00000 0.99590 1535.83924
317.00000 0.99606 1540.11007
318.00000 0.99621 1544.38091
319.00000 0.99636 1548.65174
320.00000 0.99651 1552.92257
321.00000 0.99665 1557.19341
322.00000 0.99680 1561.46424
323.00000 0.99693 1565.73507
324.00000 0.99707 1570.00591
325.00000 0.99720 1574.27674
326.00000 0.99733 1578.54757
327.00000 0.99745 1582.81841
328.00000 0.99758 1587.08924
329.00000 0.99769 1591.36007
330.00000 0.99781 1595.63091
331.00000 0.99792 1599.90174
332.00000 0.99803 1604.17257
333.00000 0.99814 1608.44341
334.00000 0.99824 1612.71424
335.00000 0.99834 1616.98507
336.00000 0.99844 1621.25591
337.00000 0.99854 1625.52674
338.00000 0.99863 1629.79757
339.00000 0.99872 1634.06841
340.00000 0.99880 1638.33924
341.00000 0.99889 1642.61007
342.00000 0.99897 1646.88091
343.00000 0.99905 1651.15174
344.00000 0.99912 1655.42257
345.00000 0.99919 1659.69341
346.00000 0.99926 1663.96424
347.00000 0.99933 1668.23507
348.00000 0.99940 1672.50591
349.00000 0.99946 1676.77674
350.00000 0.99952 1681.04757
351.00000 0.99957 1685.31841
352.00000 0.99963 1689.58924
353.00000 0.99968 1693.86007
354.00000 0.99973 1698.13091
355.00000 0.99977 1702.40174
356.00000 0.99982 1706.67257
357.00000 0.99986 1710.94341
358.00000 0.99990 1715.21424
359.00000 0.99993 1719.48507
360.00000 0.99997 1723.75591
361.00000 1.00000 1217.00000
362.00000 1.00000 1220.00000
363.00000 1.00000 1187.00000
364.00000 1.00000 1190.00000
365.00000 1.00000 1193.00000
366.00000 1.00000 1196.00000
367.00000 1.00000 1223.00000
368.00000 1.00000 1199.00000
369.00000 1.00000 1202.00000
370.00000 1.00000 1205.00000
371.00000 1.00000 1208.00000
372.00000 1.00000 1211.00000
373.00000 1.00000 1214.00000
374.00000 1.00000 989.00000
375.00000 1.00000 1184.00000
376.00000 1.00000 1142.00000
377.00000 1.00000 1145.00000
378.00000 1.00000 1148.00000
379.00000 1.00000 1151.00000
380.00000 1.00000 1154.00000
381.00000 1.00000 1157.00000
382.00000 1.00000 1226.00000
383.00000 1.00000 1160.00000
384.00000 1.00000 1166.00000
385.00000 1.00000 1169.00000
386.00000 1.00000 1172.00000
387.00000 1.00000 1175.00000
388.00000 1.00000 1178.00000
389.00000 1.00000 1181.00000
390.00000 1.00000 1163.00000
391.00000 1.00000 1229.00000
392.00000 1.00000 1256.00000
393.00000 1.00000 1235.00000
394.00000 1.00000 1322.00000
395.00000 1.00000 1319.00000
396.00000 1.00000 1316.00000
397.00000 1.00000 1313.00000
398.00000 1.00000 1310.00000
399.00000 1.00000 1307.00000
400.00000 1.00000 1304.00000
401.00000 1.00000 1301.00000
402.00000 1.00000 1298.00000
403.00000 1.00000 1295.00000
404.00000 1.00000 1292.00000
405.00000 1.00000 1289.00000
406.00000 1.00000 1286.00000
407.00000 1.00000 1283.00000
408.00000 1.00000 1280.00000
409.00000 1.00000 1277.00000
410.00000 1.00000 1274.00000
411.00000 1.00000 1271.00000
412.00000 1.00000 1268.00000
413.00000 1.00000 1265.00000
414.00000 1.00000 1262.00000
415.00000 1.00000 1259.00000
416.00000 1.00000 1139.00000
417.00000 1.00000 1253.00000
418.00000 1.00000 1250.00000
419.00000 1.00000 1247.00000
420.00000 1.00000 1244.00000
421.00000 1.00000 1241.00000
422.00000 1.00000 1238.00000
423.00000 1.00000 1232.00000
424.00000 1.00000 1136.00000
425.00000 1.00000 1109.00000
426.00000 1.00000 1130.00000
427.00000 1.00000 1028.00000
428.00000 1.00000 1025.00000
429.00000 1.00000 1022.00000
430.00000 1.00000 1019.00000
431.00000 1.00000 1016.00000
432.00000 1.00000 1013.00000
433.00000 1.00000 1010.00000
434.00000 1.00000 1007.00000
435.00000 1.00000 1004.00000
436.00000 1.00000 1001.00000
437.00000 1.00000 998.00000
438.00000 1.00000 995.00000
439.00000 1.00000 944.00000
440.00000 1.00000 1031.00000
441.00000 1.00000 947.00000
442.00000 1.00000 953.00000
443.00000 1.00000 956.00000
444.00000 1.00000 1325.00000
445.00000 1.00000 959.00000
446.00000 1.00000 962.00000
447.00000 1.00000 965.00000
448.00000 1.00000 968.00000
449.00000 1.00000 971.00000
450.00000 1.00000 974.00000
451.00000 1.00000 977.00000
452.00000 1.00000 980.00000
453.00000 1.00000 983.00000
454.00000 1.00000 986.00000
455.00000 1.00000 950.00000
456.00000 1.00000 1034.00000
457.00000 1.00000 1037.00000
458.00000 1.00000 1040.00000
459.00000 1.00000 1127.00000
460.00000 1.00000 1124.00000
461.00000 1.00000 1121.00000
462.00000 1.00000 1118.00000
463.00000 1.00000 1115.00000
464.00000 1.00000 1112.00000
465.00000 1.00000 992.00000
466.00000 1.00000 1106.00000
467.00000 1.00000 1103.00000
468.00000 1.00000 1100.00000
469.00000 1.00000 1097.00000
470.00000 1.00000 1094.00000
471.00000 1.00000 1091.00000
472.00000 1.00000 1088.00000
473.00000 1.00000 1085.00000
474.00000 1.00000 1082.00000
475.00000 1.00000 1079.00000
476.00000 1.00000 1076.00000
477.00000 1.00000 1073.00000
478.00000 1.00000 1070.00000
479.00000 1.00000 1067.00000
480.00000 1.00000 1064.00000
481.00000 1.00000 1061.00000
482.00000 1.00000 1058.00000
483.00000 1.00000 1055.00000
484.00000 1.00000 1052.00000
485.00000 1.00000 1049.00000
486.00000 1.00000 1046.00000
487.00000 1.00000 1043.00000
488.00000 1.00000 1133.00000
489.00000 1.00000 1328.00000
490.00000 1.00000 1544.00000
491.00000 1.00000 1334.00000
492.00000 1.00000 1622.00000
493.00000 1.00000 1619.00000
494.00000 1.00000 1616.00000
495.00000 1.00000 1613.00000
496.00000 1.00000 1610.00000
497.00000 1.00000 1607.00000
498.00000 1.00000 1604.00000
499.00000 1.00000 1601.00000
500.00000 1.00000 1598.00000
501.00000 1.00000 1595.00000
502.00000 1.00000 1592.00000
503.00000 1.00000 1589.00000
504.00000 1.00000 1586.00000
505.00000 1.00000 1583.00000
506.00000 1.00000 1580.00000
507.00000 1.00000 1577.00000
508.00000 1.00000 1574.00000
509.00000 1.00000 1571.00000
510.00000 1.00000 1568.00000
511.00000 1.00000 1565.00000
512.00000 1.00000 1562.00000
513.00000 1.00000 1559.00000
514.00000 1.00000 1556.00000
515.00000 1.00000 1553.00000
516.00000 1.00000 1550.00000
517.00000 1.00000 1547.00000
518.00000 1.00000 1541.00000
519.00000 1.00000 1538.00000
520.00000 1.00000 1535.00000
521.00000 1.00000 1625.00000
522.00000 1.00000 1532.00000
523.00000 1.00000 1628.00000
524.00000 1.00000 1634.00000
525.00000 1.00000 1718.00000
526.00000 1.00000 1715.00000
527.00000 1.00000 1712.00000
528.00000 1.00000 1709.00000
529.00000 1.00000 1706.00000
530.00000 1.00000 1703.00000
531.00000 1.00000 1700.00000
532.00000 1.00000 1697.00000
533.00000 1.00000 1694.00000
534.00000 1.00000 1691.00000
535.00000 1.00000 1688.00000
536.00000 1.00000 1685.00000
537.00000 1.00000 1682.00000
538.00000 1.00000 1679.00000
539.00000 1.00000 1676.00000
540.00000 1.00000 1673.00000
541.00000 1.00000 941.00000
542.00000 1.00000 1670.00000
543.00000 1.00000 1667.00000
544.00000 1.00000 1664.00000
545.00000 1.00000 1661.00000
546.00000 1.00000 1658.00000
547.00000 1.00000 1655.00000
548.00000 1.00000 1652.00000
549.00000 1.00000 1649.00000
550.00000 1.00000 1646.00000
551.00000 1.00000 1643.00000
552.00000 1.00000 1640.00000
553.00000 1.00000 1637.00000
554.00000 1.00000 1631.00000
555.00000 1.00000 1331.00000
556.00000 1.00000 1529.00000
557.00000 1.00000 1523.00000
558.00000 1.00000 1421.00000
559.00000 1.00000 1418.00000
560.00000 1.00000 1415.00000
561.00000 1.00000 1412.00000
562.00000 1.00000 1409.00000
563.00000 1.00000 1406.00000
564.00000 1.00000 1403.00000
565.00000 1.00000 1400.00000
566.00000 1.00000 1397.00000
567.00000 1.00000 1394.00000
568.00000 1.00000 1391.00000
569.00000 1.00000 1388.00000
570.00000 1.00000 1385.00000
571.00000 1.00000 1382.00000
572.00000 1.00000 1379.00000
573.00000 1.00000 1376.00000
574.00000 1.00000 1373.00000
575.00000 1.00000 1370.00000
576.00000 1.00000 1367.00000
577.00000 1.00000 1364.00000
578.00000 1.00000 1361.00000
579.00000 1.00000 1358.00000
580.00000 1.00000 1355.00000
581.00000 1.00000 1352.00000
582.00000 1.00000 1349.00000
583.00000 1.00000 1346.00000
584.00000 1.00000 1343.00000
585.00000 1.00000 1340.00000
586.00000 1.00000 1337.00000
587.00000 1.00000 1424.00000
588.00000 1.00000 1526.00000
589.00000 1.00000 1427.00000
590.00000 1.00000 1433.00000
591.00000 1.00000 1520.00000
592.00000 1.00000 1517.00000
593.00000 1.00000 1514.00000
594.00000 1.00000 1511.00000
595.00000 1.00000 1508.00000
596.00000 1.00000 1505.00000
597.00000 1.00000 1502.00000
598.00000 1.00000 1499.00000
599.00000 1.00000 1496.00000
600.00000 1.00000 1493.00000
601.00000 1.00000 1490.00000
602.00000 1.00000 1487.00000
603.00000 1.00000 1484.00000
604.00000 1.00000 1481.00000
605.00000 1.00000 1478.00000
606.00000 1.00000 1475.00000
607.00000 1.00000 1472.00000
608.00000 1.00000 1469.00000
609.00000 1.00000 1466.00000
610.00000 1.00000 1463.00000
611.00000 1.00000 1460.00000
612.00000 1.00000 1457.00000
613.00000 1.00000 1454.00000
614.00000 1.00000 1451.00000
615.00000 1.00000 1448.00000
616.00000 1.00000 1445.00000
617.00000 1.00000 1442.00000
618.00000 1.00000 1439.00000
619.00000 1.00000 1436.00000
620.00000 1.00000 1430.00000
621.00000 1.00000 938.00000
622.00000 1.00000 395.00000
623.00000 1.00000 932.00000
624.00000 1.00000 434.00000
625.00000 1.00000 431.00000
626.00000 1.00000 428.00000
627.00000 1.00000 425.00000
628.00000 1.00000 422.00000
629.00000 1.00000 419.00000
630.00000 1.00000 416.00000
631.00000 1.00000 413.00000
632.00000 1.00000 410.00000
633.00000 1.00000 407.00000
634.00000 1.00000 404.00000
635.00000 1.00000 401.00000
636.00000 1.00000 398.00000
637.00000 1.00000 1721.00000
638.00000 1.00000 392.00000
639.00000 1.00000 389.00000
640.00000 1.00000 386.00000
641.00000 1.00000 383.00000
642.00000 1.00000 380.00000
643.00000 1.00000 377.00000
644.00000 1.00000 374.00000
645.00000 1.00000 371.00000
646.00000 1.00000 368.00000
647.00000 1.00000 365.00000
648.00000 1.00000 362.00000
649.00000 1.00000 359.00000
650.00000 1.00000 356.00000
651.00000 1.00000 353.00000
652.00000 1.00000 350.00000
653.00000 1.00000 437.00000
654.00000 1.00000 347.00000
655.00000 1.00000 440.00000
656.00000 1.00000 446.00000
657.00000 1.00000 533.00000
658.00000 1.00000 530.00000
659.00000 1.00000 527.00000
660.00000 1.00000 524.00000
661.00000 1.00000 521.00000
662.00000 1.00000 518.00000
663.00000 1.00000 515.00000
664.00000 1.00000 512.00000
665.00000 1.00000 509.00000
666.00000 1.00000 506.00000
667.00000 1.00000 503.00000
668.00000 1.00000 500.00000
669.00000 1.00000 497.00000
670.00000 1.00000 494.00000
671.00000 1.00000 491.00000
672.00000 1.00000 488.00000
673.00000 1.00000 485.00000
674.00000 1.00000 482.00000
675.00000 1.00000 479.00000
676.00000 1.00000 476.00000
677.00000 1.00000 473.00000
678.00000 1.00000 470.00000
679.00000 1.00000 467.00000
680.00000 1.00000 464.00000
681.00000 1.00000 461.00000
682.00000 1.00000 458.00000
683.00000 1.00000 455.00000
684.00000 1.00000 452.00000
685.00000 1.00000 449.00000
686.00000 1.00000 443.00000
687.00000 1.00000 536.00000
688.00000 1.00000 344.00000
689.00000 1.00000 338.00000
690.00000 1.00000 236.00000
691.00000 1.00000 233.00000
692.00000 1.00000 230.00000
693.00000 1.00000 227.00000
694.00000 1.00000 224.00000
695.00000 1.00000 221.00000
696.00000 1.00000 218.00000
697.00000 1.00000 215.00000
698.00000 1.00000 212.00000
699.00000 1.00000 209.00000
700.00000 1.00000 206.00000
701.00000 1.00000 203.00000
702.00000 1.00000 200.00000
703.00000 1.00000 1728.25292
704.00000 1.00000 1728.25292
705.00000 1.00000 1728.25291
706.00000 1.00000 1728.25290
707.00000 1.00000 1728.25286
708.00000 1.00000 1728.25264
709.00000 1.00000 1728.25140
710.00000 1.00000 1728.25078
711.00000 1.00000 1728.25048
712.00000 1.00000 1728.23181
713.00000 1.00000 1728.22247
714.00000 1.00000 1728.17113
715.00000 1.00000 1728.14546
716.00000 1.00000 1728.13263
717.00000 1.00000 1728.06204
718.00000 1.00000 1728.02674
719.00000 1.00000 239.00000
720.00000 1.00000 341.00000
721.00000 1.00000 242.00000
722.00000 1.00000 248.00000
723.00000 1.00000 335.00000
724.00000 1.00000 332.00000
725.00000 1.00000 329.00000
726.00000 1.00000 326.00000
727.00000 1.00000 323.00000
728.00000 1.00000 320.00000
729.00000 1.00000 317.00000
730.00000 1.00000 314.00000
731.00000 1.00000 311.00000
732.00000 1.00000 308.00000
733.00000 1.00000 305.00000
734.00000 1.00000 302.00000
735.00000 1.00000 299.00000
736.00000 1.00000 296.00000
737.00000 1.00000 293.00000
738.00000 1.00000 290.00000
739.00000 1.00000 287.00000
740.00000 1.00000 284.00000
741.00000 1.00000 281.00000
742.00000 1.00000 278.00000
743.00000 1.00000 275.00000
744.00000 1.00000 272.00000
745.00000 1.00000 269.00000
746.00000 1.00000 266.00000
747.00000 1.00000 263.00000
748.00000 1.00000 260.00000
749.00000 1.00000 257.00000
750.00000 1.00000 254.00000
751.00000 1.00000 251.00000
752.00000 1.00000 245.00000
753.00000 1.00000 935.00000
754.00000 1.00000 539.00000
755.00000 1.00000 545.00000
756.00000 1.00000 830.00000
757.00000 1.00000 827.00000
758.00000 1.00000 824.00000
759.00000 1.00000 821.00000
760.00000 1.00000 818.00000
761.00000 1.00000 815.00000
762.00000 1.00000 812.00000
763.00000 1.00000 809.00000
764.00000 1.00000 806.00000
765.00000 1.00000 803.00000
766.00000 1.00000 800.00000
767.00000 1.00000 797.00000
768.00000 1.00000 794.00000
769.00000 1.00000 791.00000
770.00000 1.00000 788.00000
771.00000 1.00000 785.00000
772.00000 1.00000 782.00000
773.00000 1.00000 779.00000
774.00000 1.00000 776.00000
775.00000 1.00000 773.00000
776.00000 1.00000 770.00000
777.00000 1.00000 767.00000
778.00000 1.00000 764.00000
779.00000 1.00000 761.00000
780.00000 1.00000 758.00000
781.00000 1.00000 755.00000
782.00000 1.00000 752.00000
783.00000 1.00000 749.00000
784.00000 1.00000 746.00000
785.00000 1.00000 833.00000
786.00000 1.00000 743.00000
787.00000 1.00000 836.00000
788.00000 1.00000 842.00000
789.00000 1.00000 929.00000
790.00000 1.00000 926.00000
791.00000 1.00000 923.00000
792.00000 1.00000 920.00000
793.00000 1.00000 917.00000
794.00000 1.00000 914.00000
795.00000 1.00000 911.00000
796.00000 1.00000 908.00000
797.00000 1.00000 905.00000
798.00000 1.00000 902.00000
799.00000 1.00000 899.00000
800.00000 1.00000 896.00000
801.00000 1.00000 893.00000
802.00000 1.00000 890.00000
803.00000 1.00000 887.00000
804.00000 1.00000 884.00000
805.00000 1.00000 881.00000
806.00000 1.00000 878.00000
807.00000 1.00000 875.00000
808.00000 1.00000 872.00000
809.00000 1.00000 869.00000
810.00000 1.00000 866.00000
811.00000 1.00000 863.00000
812.00000 1.00000 860.00000
813.00000 1.00000 857.00000
814.00000 1.00000 854.00000
815.00000 1.00000 851.00000
816.00000 1.00000 848.00000
817.00000 1.00000 845.00000
818.00000 1.00000 839.00000
819.00000 1.00000 542.00000
820.00000 1.00000 740.00000
821.00000 1.00000 734.00000
822.00000 1.00000 632.00000
823.00000 1.00000 629.00000
824.00000 1.00000 626.00000
825.00000 1.00000 623.00000
826.00000 1.00000 620.00000
827.00000 1.00000 617.00000
828.00000 1.00000 614.00000
829.00000 1.00000 611.00000
830.00000 1.00000 608.00000
831.00000 1.00000 605.00000
832.00000 1.00000 602.00000
833.00000 1.00000 599.00000
834.00000 1.00000 596.00000
835.00000 1.00000 593.00000
836.00000 1.00000 590.00000
837.00000 1.00000 587.00000
838.00000 1.00000 584.00000
839.00000 1.00000 581.00000
840.00000 1.00000 578.00000
841.00000 1.00000 575.00000
842.00000 1.00000 572.00000
843.00000 1.00000 569.00000
844.00000 1.00000 566.00000
845.00000 1.00000 563.00000
846.00000 1.00000 560.00000
847.00000 1.00000 557.00000
848.00000 1.00000 554.00000
849.00000 1.00000 551.00000
850.00000 1.00000 548.00000
851.00000 1.00000 635.00000
852.00000 1.00000 737.00000
853.00000 1.00000 638.00000
854.00000 1.00000 644.00000
855.00000 1.00000 731.00000
856.00000 1.00000 728.00000
857.00000 1.00000 725.00000
858.00000 1.00000 722.00000
859.00000 1.00000 719.00000
860.00000 1.00000 716.00000
861.00000 1.00000 713.00000
862.00000 1.00000 710.00000
863.00000 1.00000 707.00000
864.00000 1.00000 704.00000
865.00000 1.00000 701.00000
866.00000 1.00000 698.00000
867.00000 1.00000 695.00000
868.00000 1.00000 692.00000
869.00000 1.00000 689.00000
870.00000 1.00000 686.00000
871.00000 1.00000 683.00000
872.00000 1.00000 680.00000
873.00000 1.00000 677.00000
874.00000 1.00000 674.00000
875.00000 1.00000 671.00000
876.00000 1.00000 668.00000
877.00000 1.00000 665.00000
878.00000 1.00000 662.00000
879.00000 1.00000 659.00000
880.00000 1.00000 656.00000
881.00000 1.00000 653.00000
882.00000 1.00000 650.00000
883.00000 1.00000 647.00000
884.00000 1.00000 641.00000
885.00000 1.00000 1724.00000
