0.00000 0.20860 840.31148
1.00000 0.20860 840.31148
2.00000 0.20860 840.31576
3.00000 0.20876 836.35416
4.00000 0.20894 832.08333
5.00000 0.20912 827.81250
6.00000 0.20917 844.58232
7.00000 0.20930 823.54166
8.00000 0.20948 819.27083
9.00000 0.20967 815.00000
10.00000 0.20975 848.85315
11.00000 0.20985 810.72916
12.00000 0.21003 806.45833
13.00000 0.21021 802.18750
14.00000 0.21033 853.12398
15.00000 0.21039 797.91666
16.00000 0.21058 793.64583
17.00000 0.21076 789.37500
18.00000 0.21092 857.39482
19.00000 0.21094 785.10416
20.00000 0.21113 780.83333
21.00000 0.21131 776.56250
22.00000 0.21150 772.29166
23.00000 0.21151 861.66565
24.00000 0.21168 768.02083
25.00000 0.21187 763.75000
26.00000 0.21205 759.47916
27.00000 0.21210 865.93648
28.00000 0.21224 755.20833
29.00000 0.21242 750.93750
30.00000 0.21261 746.66666
31.00000 0.21269 870.20732
32.00000 0.21280 742.39583
33.00000 0.21299 738.12500
34.00000 0.21317 733.85416
35.00000 0.21329 874.47815
36.00000 0.21336 729.58333
37.00000 0.21355 725.31250
38.00000 0.21374 721.04166
39.00000 0.21389 878.74898
40.00000 0.21393 716.77083
41.00000 0.21412 712.50000
42.00000 0.21431 708.22916
43.00000 0.21450 703.95833
44.00000 0.21450 883.01982
45.00000 0.21469 699.68750
46.00000 0.21488 695.41666
47.00000 0.21507 691.14583
48.00000 0.21511 887.29065
49.00000 0.21526 686.87500
50.00000 0.21545 682.60416
51.00000 0.21565 678.33333
52.00000 0.21573 891.56148
53.00000 0.21584 674.06250
54.00000 0.21603 669.79166
55.00000 0.21623 665.52083
56.00000 0.21634 895.83232
57.00000 0.21642 661.25000
58.00000 0.21662 656.97916
59.00000 0.21681 652.70833
60.00000 0.21697 900.10315
61.00000 0.21701 648.43750
62.00000 0.21720 644.16666
63.00000 0.21740 639.89583
64.00000 0.21759 635.62500
65.00000 0.21760 904.37398
66.00000 0.21779 631.35416
67.00000 0.21799 627.08333
68.00000 0.21819 622.81250
69.00000 0.21823 908.64482
70.00000 0.21838 618.54166
71.00000 0.21858 614.27083
72.00000 0.21878 610.00000
73.00000 0.21887 912.91565
74.00000 0.21898 605.72916
75.00000 0.21918 601.45833
76.00000 0.21938 597.18750
77.00000 0.21951 917.18648
78.00000 0.21958 592.91666
79.00000 0.21978 588.64583
80.00000 0.21998 584.37500
81.00000 0.22016 921.45732
82.00000 0.22019 580.10416
83.00000 0.22039 575.83333
84.00000 0.22059 571.56250
85.00000 0.22079 567.29166
86.00000 0.22082 925.72815
87.00000 0.22100 563.02083
88.00000 0.22120 558.75000
89.00000 0.22141 554.47916
90.00000 0.22148 929.99898
91.00000 0.22161 550.20833
92.00000 0.22182 545.93750
93.00000 0.22202 541.66666
94.00000 0.22214 934.26982
95.00000 0.22223 537.39583
96.00000 0.22244 533.12500
97.00000 0.22264 528.85416
98.00000 0.22282 938.54065
99.00000 0.22285 524.58333
100.00000 0.22306 520.31250
101.00000 0.22327 516.04166
102.00000 0.22348 511.77083
103.00000 0.22350 942.81148
104.00000 0.22369 507.50000
105.00000 0.22390 503.22916
106.00000 0.22411 498.95833
107.00000 0.22418 947.08232
108.00000 0.22432 494.68750
109.00000 0.22453 490.41666
110.00000 0.22474 486.14583
111.00000 0.22488 951.35315
112.00000 0.22496 481.87500
113.00000 0.22517 477.60416
114.00000 0.22538 473.33333
115.00000 0.22558 955.62398
116.00000 0.22560 469.06250
117.00000 0.22581 464.79166
118.00000 0.22603 460.52083
119.00000 0.22624 456.25000
120.00000 0.22629 959.89482
121.00000 0.22646 451.97916
122.00000 0.22668 447.70833
123.00000 0.22690 443.43750
124.00000 0.22700 964.16565
125.00000 0.22711 439.16666
126.00000 0.22733 434.89583
127.00000 0.22755 430.62500
128.00000 0.22773 968.43648
129.00000 0.22777 426.35416
130.00000 0.22799 422.08333
131.00000 0.22821 417.81250
132.00000 0.22843 413.54166
133.00000 0.22846 972.70732
134.00000 0.22866 409.27083
135.00000 0.22888 405.00000
136.00000 0.22910 400.72917
137.00000 0.22920 976.97815
138.00000 0.22932 396.45833
139.00000 0.22955 392.18750
140.00000 0.22977 387.91667
141.00000 0.22996 981.24898
142.00000 0.23000 383.64583
143.00000 0.23022 379.37500
144.00000 0.23045 375.10417
145.00000 0.23068 370.83333
146.00000 0.23072 985.51982
147.00000 0.23091 366.56250
148.00000 0.23113 362.29167
149.00000 0.23136 358.02083
150.00000 0.23149 989.79065
151.00000 0.23159 353.75000
152.00000 0.23182 349.47917
153.00000 0.23205 345.20833
154.00000 0.23228 994.06148
155.00000 0.23229 340.93750
156.00000 0.23252 336.66667
157.00000 0.23275 332.39583
158.00000 0.23299 328.12500
159.00000 0.23308 998.33232
160.00000 0.23322 323.85417
161.00000 0.23345 319.58333
162.00000 0.23369 315.31250
163.00000 0.23388 1002.60315
164.00000 0.23393 311.04167
165.00000 0.23416 306.77083
166.00000 0.23440 302.50000
167.00000 0.23464 298.22917
168.00000 0.23471 1006.87398
169.00000 0.23488 293.95833
170.00000 0.23512 289.68750
171.00000 0.23536 285.41667
172.00000 0.23554 1011.14482
173.00000 0.23560 281.14583
174.00000 0.23584 276.87500
175.00000 0.23608 272.60417
176.00000 0.23633 268.33333
177.00000 0.23639 1015.41565
178.00000 0.23657 264.06250
179.00000 0.23682 259.79167
180.00000 0.23706 255.52083
181.00000 0.23726 1019.68648
182.00000 0.23731 251.25000
183.00000 0.23756 246.97917
184.00000 0.23780 242.70833
185.00000 0.23805 238.43750
186.00000 0.23814 1023.95732
187.00000 0.23830 234.16667
188.00000 0.23855 229.89583
189.00000 0.23880 225.62500
190.00000 0.23903 1028.22815
191.00000 0.23906 221.35417
192.00000 0.23931 217.08333
193.00000 0.23956 212.81250
194.00000 0.23982 208.54167
195.00000 0.23995 1032.49898
196.00000 0.24007 204.27083
197.00000 0.24033 200.00000
198.00000 0.24033 200.00427
199.00000 0.24089 1036.76982
200.00000 0.24184 1041.04065
201.00000 0.24282 1045.31148
202.00000 0.24382 1049.58232
203.00000 0.24485 1053.85315
204.00000 0.24591 1058.12398
205.00000 0.24699 1062.39482
206.00000 0.24811 1066.66565
207.00000 0.24926 1070.93648
208.00000 0.25046 1075.20732
209.00000 0.25169 1079.47815
210.00000 0.25298 1083.74898
211.00000 0.25432 1088.01982
212.00000 0.25572 1092.29065
213.00000 0.25720 1096.56148
214.00000 0.25876 1100.83232
215.00000 0.26041 1105.10315
216.00000 0.26219 1109.37398
217.00000 0.26411 1113.64482
218.00000 0.26623 1117.91565
219.00000 0.26861 1122.18648
220.00000 0.27138 1126.45732
221.00000 0.27482 1130.72815
222.00000 0.28001 1134.99898
223.00000 0.28073 1135.38724
224.00000 0.28261 1136.16376
225.00000 0.28308 1136.30494
226.00000 0.28442 1136.58731
227.00000 0.28483 1136.63865
228.00000 0.28492 1136.64798
229.00000 0.28513 1136.66665
230.00000 0.28518 1136.67005
231.00000 0.28528 1136.67684
232.00000 0.28557 1136.69041
233.00000 0.28568 1136.69368
234.00000 0.28592 1136.69620
235.00000 0.28638 1136.68516
236.00000 0.28731 1136.59904
237.00000 0.28824 1136.42782
238.00000 0.29009 1135.83157
239.00000 0.29373 1133.63148
240.00000 0.29731 1130.09605
241.00000 0.29869 1128.35814
242.00000 0.30104 1124.88230
243.00000 0.30344 1120.61147
244.00000 0.30551 1116.34063
245.00000 0.30732 1112.06980
246.00000 0.30895 1107.79897
247.00000 0.31044 1103.52813
248.00000 0.31179 1099.25730
249.00000 0.31305 1094.98647
250.00000 0.31422 1090.71563
251.00000 0.31530 1086.44480
252.00000 0.31632 1082.17397
253.00000 0.31727 1077.90313
254.00000 0.31817 1073.63230
255.00000 0.31901 1069.36147
256.00000 0.31981 1065.09063
257.00000 0.32056 1060.81980
258.00000 0.32127 1056.54897
259.00000 0.32194 1052.27813
260.00000 0.32258 1048.00730
261.00000 0.32318 1043.73647
262.00000 0.32375 1039.46563
263.00000 0.32430 1035.19480
264.00000 0.32481 1030.92397
265.00000 0.32530 1026.65313
266.00000 0.32576 1022.38230
267.00000 0.32620 1018.11147
268.00000 0.32662 1013.84063
269.00000 0.32701 1009.56980
270.00000 0.32739 1005.29897
271.00000 0.32775 1001.02813
272.00000 0.32808 996.75730
273.00000 0.32841 992.48647
274.00000 0.32871 988.21563
275.00000 0.32900 983.94480
276.00000 0.32927 979.67397
277.00000 0.32953 975.40313
278.00000 0.32978 971.13230
279.00000 0.33001 966.86147
280.00000 0.33023 962.59063
281.00000 0.33044 958.31980
282.00000 0.33064 954.04897
283.00000 0.33083 949.77813
284.00000 0.33101 945.50730
285.00000 0.33117 941.23647
286.00000 0.33133 936.96563
287.00000 0.33148 932.69480
288.00000 0.33162 928.42397
289.00000 0.33175 924.15313
290.00000 0.33188 919.88230
291.00000 0.33200 915.61147
292.00000 0.33211 911.34063
293.00000 0.33222 907.06980
294.00000 0.33231 902.79897
295.00000 0.33241 898.52813
296.00000 0.33249 894.25730
297.00000 0.33258 889.98647
298.00000 0.33265 885.71563
299.00000 0.33272 881.44480
300.00000 0.33279 877.17397
301.00000 0.33285 872.90313
302.00000 0.33291 868.63230
303.00000 0.33297 864.36147
304.00000 0.33302 860.09063
305.00000 0.33307 855.81980
306.00000 0.33311 851.54897
307.00000 0.33315 847.27813
308.00000 0.33319 843.00730
309.00000 0.33323 838.73647
310.00000 0.33326 834.46564
311.00000 0.33329 830.19480
312.00000 0.33332 825.92397
313.00000 0.33333 373.21564
314.00000 0.33333 313.42397
315.00000 0.33333 368.94481
316.00000 0.33333 377.48647
317.00000 0.33333 364.67397
318.00000 0.33333 360.40314
319.00000 0.33333 356.13231
320.00000 0.33333 249.36147
321.00000 0.33333 253.63231
322.00000 0.33333 257.90314
323.00000 0.33333 262.17397
324.00000 0.33333 266.44481
325.00000 0.33333 270.71564
326.00000 0.33333 274.98647
327.00000 0.33333 279.25731
328.00000 0.33333 283.52814
329.00000 0.33333 287.79897
330.00000 0.33333 292.06981
331.00000 0.33333 296.34064
332.00000 0.33333 300.61147
333.00000 0.33333 304.88231
334.00000 0.33333 309.15314
335.00000 0.33333 245.09064
336.00000 0.33333 240.81981
337.00000 0.33333 236.54897
338.00000 0.33333 232.27814
339.00000 0.33333 351.86147
340.00000 0.33333 347.59064
341.00000 0.33333 343.31981
342.00000 0.33333 339.04897
343.00000 0.33333 334.77814
344.00000 0.33333 330.50731
345.00000 0.33333 326.23647
346.00000 0.33333 317.69481
347.00000 0.33333 321.96564
348.00000 0.33333 202.38231
349.00000 0.33333 206.65314
350.00000 0.33333 210.92397
351.00000 0.33333 215.19481
352.00000 0.33333 219.46564
353.00000 0.33333 223.73647
354.00000 0.33333 228.00731
355.00000 0.33333 200.00000
356.00000 0.33334 390.29897
357.00000 0.33334 450.09064
358.00000 0.33334 441.54897
359.00000 0.33334 386.02814
360.00000 0.33334 381.75731
361.00000 0.33334 454.36147
362.00000 0.33334 398.84064
363.00000 0.33334 403.11147
364.00000 0.33334 407.38231
365.00000 0.33334 821.65314
366.00000 0.33334 411.65314
367.00000 0.33334 420.19480
368.00000 0.33334 424.46564
369.00000 0.33334 428.73647
370.00000 0.33334 394.56981
371.00000 0.33334 433.00730
372.00000 0.33334 437.27814
373.00000 0.33334 415.92397
374.00000 0.33334 445.81980
375.00000 0.33335 475.71564
376.00000 0.33335 488.52814
377.00000 0.33335 484.25730
378.00000 0.33335 479.98647
379.00000 0.33335 471.44480
380.00000 0.33335 467.17397
381.00000 0.33335 462.90314
382.00000 0.33335 458.63230
383.00000 0.33336 509.88230
384.00000 0.33336 505.61147
385.00000 0.33336 497.06980
386.00000 0.33336 492.79897
387.00000 0.33336 514.15314
388.00000 0.33336 501.34064
389.00000 0.33337 526.96564
390.00000 0.33337 522.69480
391.00000 0.33337 817.38230
392.00000 0.33337 518.42397
393.00000 0.33337 531.23647
394.00000 0.33338 548.31980
395.00000 0.33338 544.04897
396.00000 0.33338 539.77814
397.00000 0.33338 535.50730
398.00000 0.33339 556.86147
399.00000 0.33339 813.11147
400.00000 0.33339 561.13230
401.00000 0.33339 552.59064
402.00000 0.33340 565.40314
403.00000 0.33340 569.67397
404.00000 0.33340 573.94480
405.00000 0.33341 578.21564
406.00000 0.33341 582.48647
407.00000 0.33341 586.75730
408.00000 0.33341 808.84064
409.00000 0.33342 591.02814
410.00000 0.33342 595.29897
411.00000 0.33342 599.56980
412.00000 0.33342 804.56980
413.00000 0.33343 603.84064
414.00000 0.33343 608.11147
415.00000 0.33344 800.29897
416.00000 0.33344 620.92397
417.00000 0.33344 616.65314
418.00000 0.33344 612.38230
419.00000 0.33345 796.02814
420.00000 0.33345 625.19480
421.00000 0.33345 629.46564
422.00000 0.33346 633.73647
423.00000 0.33346 638.00730
424.00000 0.33347 650.81980
425.00000 0.33347 646.54897
426.00000 0.33347 642.27814
427.00000 0.33347 791.75730
428.00000 0.33348 659.36147
429.00000 0.33348 655.09064
430.00000 0.33348 787.48647
431.00000 0.33349 663.63230
432.00000 0.33349 783.21564
433.00000 0.33349 667.90314
434.00000 0.33350 778.94480
435.00000 0.33350 774.67397
436.00000 0.33350 676.44480
437.00000 0.33350 672.17397
438.00000 0.33350 680.71564
439.00000 0.33351 684.98647
440.00000 0.33351 689.25730
441.00000 0.33351 770.40314
442.00000 0.33352 693.52814
443.00000 0.33352 697.79897
444.00000 0.33352 702.06980
445.00000 0.33352 761.86147
446.00000 0.33352 766.13230
447.00000 0.33352 706.34064
448.00000 0.33353 710.61147
449.00000 0.33353 731.96564
450.00000 0.33353 727.69480
451.00000 0.33353 723.42397
452.00000 0.33353 757.59064
453.00000 0.33353 753.31980
454.00000 0.33353 749.04897
455.00000 0.33353 744.77814
456.00000 0.33353 740.50730
457.00000 0.33353 736.23647
458.00000 0.33353 714.88230
459.00000 0.33353 719.15314
