0.00000 0.00000 212.00000
1.00000 0.00000 476.00000
2.00000 0.00000 473.00000
3.00000 0.00000 470.00000
4.00000 0.00000 467.00000
5.00000 0.00000 464.00000
6.00000 0.00000 461.00000
7.00000 0.00000 458.00000
8.00000 0.00000 455.00000
9.00000 0.00000 452.00000
10.00000 0.00000 449.00000
11.00000 0.00000 446.00000
12.00000 0.00000 443.00000
13.00000 0.00000 479.00000
14.00000 0.00000 440.00000
15.00000 0.00000 434.00000
16.00000 0.00000 431.00000
17.00000 0.00000 428.00000
18.00000 0.00000 425.00000
19.00000 0.00000 422.00000
20.00000 0.00000 419.00000
21.00000 0.00000 416.00000
22.00000 0.00000 413.00000
23.00000 0.00000 410.00000
24.00000 0.00000 407.00000
25.00000 0.00000 404.00000
26.00000 0.00000 401.00000
27.00000 0.00000 437.00000
28.00000 0.00000 398.00000
29.00000 0.00000 482.00000
30.00000 0.00000 488.00000
31.00000 0.00000 566.00000
32.00000 0.00000 563.00000
33.00000 0.00000 560.00000
34.00000 0.00000 557.00000
35.00000 0.00000 554.00000
36.00000 0.00000 551.00000
37.00000 0.00000 548.00000
38.00000 0.00000 545.00000
39.00000 0.00000 542.00000
40.00000 0.00000 539.00000
41.00000 0.00000 536.00000
42.00000 0.00000 533.00000
43.00000 0.00000 485.00000
44.00000 0.00000 530.00000
45.00000 0.00000 524.00000
46.00000 0.00000 521.00000
47.00000 0.00000 518.00000
48.00000 0.00000 515.00000
49.00000 0.00000 512.00000
50.00000 0.00000 509.00000
51.00000 0.00000 506.00000
52.00000 0.00000 503.00000
53.00000 0.00000 500.00000
54.00000 0.00000 497.00000
55.00000 0.00000 494.00000
56.00000 0.00000 491.00000
57.00000 0.00000 527.00000
58.00000 0.00000 569.00000
59.00000 0.00000 395.00000
60.00000 0.00000 389.00000
61.00000 0.00000 296.00000
62.00000 0.00000 293.00000
63.00000 0.00000 290.00000
64.00000 0.00000 287.00000
65.00000 0.00000 284.00000
66.00000 0.00000 281.00000
67.00000 0.00000 278.00000
68.00000 0.00000 275.00000
69.00000 0.00000 272.00000
70.00000 0.00000 269.00000
71.00000 0.00000 266.00000
72.00000 0.00000 263.00000
73.00000 0.00000 299.00000
74.00000 0.00000 260.00000
75.00000 0.00000 254.00000
76.00000 0.00000 251.00000
77.00000 0.00000 248.00000
78.00000 0.00000 245.00000
79.00000 0.00000 242.00000
80.00000 0.00000 239.00000
81.00000 0.00000 236.00000
82.00000 0.00000 233.00000
83.00000 0.00000 230.00000
84.00000 0.00000 227.00000
85.00000 0.00000 224.00000
86.00000 0.00000 221.00000
87.00000 0.00000 257.00000
88.00000 0.00000 392.00000
89.00000 0.00000 302.00000
90.00000 0.00000 308.00000
91.00000 0.00000 386.00000
92.00000 0.00000 383.00000
93.00000 0.00000 380.00000
94.00000 0.00000 377.00000
95.00000 0.00000 374.00000
96.00000 0.00000 371.00000
97.00000 0.00000 368.00000
98.00000 0.00000 365.00000
99.00000 0.00000 362.00000
100.00000 0.00000 359.00000
101.00000 0.00000 356.00000
102.00000 0.00000 353.00000
103.00000 0.00000 305.00000
104.00000 0.00000 350.00000
105.00000 0.00000 344.00000
106.00000 0.00000 341.00000
107.00000 0.00000 338.00000
108.00000 0.00000 335.00000
109.00000 0.00000 332.00000
110.00000 0.00000 329.00000
111.00000 0.00000 326.00000
112.00000 0.00000 323.00000
113.00000 0.00000 320.00000
114.00000 0.00000 317.00000
115.00000 0.00000 314.00000
116.00000 0.00000 311.00000
117.00000 0.00000 347.00000
118.00000 0.00000 218.00000
119.00000 0.00000 572.00000
120.00000 0.00000 578.00000
121.00000 0.00000 836.00000
122.00000 0.00000 833.00000
123.00000 0.00000 830.00000
124.00000 0.00000 827.00000
125.00000 0.00000 824.00000
126.00000 0.00000 821.00000
127.00000 0.00000 818.00000
128.00000 0.00000 815.00000
129.00000 0.00000 812.00000
130.00000 0.00000 809.00000
131.00000 0.00000 806.00000
132.00000 0.00000 803.00000
133.00000 0.00000 839.00000
134.00000 0.00000 800.00000
135.00000 0.00000 794.00000
136.00000 0.00000 791.00000
137.00000 0.00000 788.00000
138.00000 0.00000 785.00000
139.00000 0.00000 782.00000
140.00000 0.00000 779.00000
141.00000 0.00000 776.00000
142.00000 0.00000 773.00000
143.00000 0.00000 770.00000
144.00000 0.00000 767.00000
145.00000 0.00000 764.00000
146.00000 0.00000 761.00000
147.00000 0.00000 797.00000
148.00000 0.00000 758.00000
149.00000 0.00000 842.00000
150.00000 0.00000 848.00000
151.00000 0.00000 926.00000
152.00000 0.00000 923.00000
153.00000 0.00000 920.00000
154.00000 0.00000 917.00000
155.00000 0.00000 914.00000
156.00000 0.00000 911.00000
157.00000 0.00000 908.00000
158.00000 0.00000 905.00000
159.00000 0.00000 902.00000
160.00000 0.00000 899.00000
161.00000 0.00000 896.00000
162.00000 0.00000 893.00000
163.00000 0.00000 845.00000
164.00000 0.00000 890.00000
165.00000 0.00000 884.00000
166.00000 0.00000 881.00000
167.00000 0.00000 878.00000
168.00000 0.00000 875.00000
169.00000 0.00000 872.00000
170.00000 0.00000 869.00000
171.00000 0.00000 866.00000
172.00000 0.00000 863.00000
173.00000 0.00000 860.00000
174.00000 0.00000 857.00000
175.00000 0.00000 854.00000
176.00000 0.00000 851.00000
177.00000 0.00000 887.00000
178.00000 0.00000 575.00000
179.00000 0.00000 755.00000
180.00000 0.00000 749.00000
181.00000 0.00000 656.00000
182.00000 0.00000 653.00000
183.00000 0.00000 650.00000
184.00000 0.00000 647.00000
185.00000 0.00000 644.00000
186.00000 0.00000 641.00000
187.00000 0.00000 638.00000
188.00000 0.00000 635.00000
189.00000 0.00000 632.00000
190.00000 0.00000 629.00000
191.00000 0.00000 626.00000
192.00000 0.00000 623.00000
193.00000 0.00000 659.00000
194.00000 0.00000 620.00000
195.00000 0.00000 614.00000
196.00000 0.00000 611.00000
197.00000 0.00000 608.00000
198.00000 0.00000 605.00000
199.00000 0.00000 602.00000
200.00000 0.00000 599.00000
201.00000 0.00000 596.00000
202.00000 0.00000 593.00000
203.00000 0.00000 590.00000
204.00000 0.00000 587.00000
205.00000 0.00000 584.00000
206.00000 0.00000 581.00000
207.00000 0.00000 617.00000
208.00000 0.00000 752.00000
209.00000 0.00000 662.00000
210.00000 0.00000 668.00000
211.00000 0.00000 746.00000
212.00000 0.00000 743.00000
213.00000 0.00000 740.00000
214.00000 0.00000 737.00000
215.00000 0.00000 734.00000
216.00000 0.00000 731.00000
217.00000 0.00000 728.00000
218.00000 0.00000 725.00000
219.00000 0.00000 722.00000
220.00000 0.00000 719.00000
221.00000 0.00000 716.00000
222.00000 0.00000 713.00000
223.00000 0.00000 665.00000
224.00000 0.00000 710.00000
225.00000 0.00000 704.00000
226.00000 0.00000 701.00000
227.00000 0.00000 698.00000
228.00000 0.00000 695.00000
229.00000 0.00000 692.00000
230.00000 0.00000 689.00000
231.00000 0.00000 686.00000
232.00000 0.00000 683.00000
233.00000 0.00000 680.00000
234.00000 0.00000 677.00000
235.00000 0.00000 674.00000
236.00000 0.00000 671.00000
237.00000 0.00000 707.00000
238.00000 0.00000 215.00000
239.00000 0.00000 932.00000
240.00000 0.00000 209.00000
241.00000 0.00000 933.47145
242.00000 0.00000 933.47080
243.00000 0.00000 933.47044
244.00000 0.00000 933.47040
245.00000 0.00000 933.47031
246.00000 0.00000 933.47014
247.00000 0.00000 933.47011
248.00000 0.00000 933.47068
249.00000 0.00000 933.47003
250.00000 0.00000 933.47001
251.00000 0.00000 933.47001
252.00000 0.00000 929.00000
253.00000 0.00000 200.00000
254.00000 0.00000 203.00000
255.00000 0.00000 206.00000
256.00000 0.00000 933.47005
257.00000 0.00001 933.47773
258.00000 0.00001 933.47684
259.00000 0.00001 933.47504
260.00000 0.00002 933.48267
261.00000 0.00006 933.50983
262.00000 0.00031 933.65918
263.00000 0.00043 933.73386
264.00000 0.00049 933.77119
265.00000 0.00082 933.97655
266.00000 0.00098 934.07923
267.00000 0.00187 934.64397
268.00000 0.00231 934.92634
269.00000 0.00466 936.47937
270.00000 0.00580 937.25589
271.00000 0.00636 937.64414
272.00000 0.01220 941.91498
273.00000 0.01755 946.18581
274.00000 0.02255 950.45664
275.00000 0.02727 954.72748
276.00000 0.03178 958.99831
277.00000 0.03611 963.26914
278.00000 0.04031 967.53998
279.00000 0.04440 971.81081
280.00000 0.04841 976.08164
281.00000 0.05235 980.35248
282.00000 0.05626 984.62331
283.00000 0.06015 988.89414
284.00000 0.06403 993.16498
285.00000 0.06793 997.43581
286.00000 0.07187 1001.70237
287.00000 0.07187 1001.70664
288.00000 0.07187 1001.70664
289.00000 0.07211 998.33232
290.00000 0.07240 994.06148
291.00000 0.07270 989.79065
292.00000 0.07300 985.51982
293.00000 0.07330 981.24898
294.00000 0.07360 976.97815
295.00000 0.07390 972.70732
296.00000 0.07420 968.43648
297.00000 0.07451 964.16565
298.00000 0.07481 959.89482
299.00000 0.07512 955.62398
300.00000 0.07542 951.35315
301.00000 0.07573 947.08232
302.00000 0.07604 942.81148
303.00000 0.07634 938.54065
304.00000 0.07665 934.26982
305.00000 0.07696 929.99898
306.00000 0.07727 925.72815
307.00000 0.07758 921.45732
308.00000 0.07790 917.18648
309.00000 0.07821 912.91565
310.00000 0.07853 908.64482
311.00000 0.07884 904.37398
312.00000 0.07916 900.10315
313.00000 0.07947 895.83232
314.00000 0.07979 891.56148
315.00000 0.08011 887.29065
316.00000 0.08043 883.01982
317.00000 0.08075 878.74898
318.00000 0.08107 874.47815
319.00000 0.08139 870.20732
320.00000 0.08171 865.93648
321.00000 0.08204 861.66565
322.00000 0.08236 857.39482
323.00000 0.08269 853.12398
324.00000 0.08284 200.00000
325.00000 0.08284 200.00427
326.00000 0.08287 204.27083
327.00000 0.08290 208.54167
328.00000 0.08292 212.81250
329.00000 0.08295 217.08333
330.00000 0.08298 221.35417
331.00000 0.08301 225.62500
332.00000 0.08301 848.85315
333.00000 0.08304 229.89583
334.00000 0.08306 234.16667
335.00000 0.08309 238.43750
336.00000 0.08312 242.70833
337.00000 0.08314 246.97917
338.00000 0.08317 251.25000
339.00000 0.08319 255.52083
340.00000 0.08322 259.79167
341.00000 0.08324 264.06250
342.00000 0.08327 268.33333
343.00000 0.08329 272.60417
344.00000 0.08331 276.87500
345.00000 0.08334 281.14583
346.00000 0.08334 844.58232
347.00000 0.08336 285.41667
348.00000 0.08338 289.68750
349.00000 0.08340 293.95833
350.00000 0.08343 298.22917
351.00000 0.08345 302.50000
352.00000 0.08347 306.77083
353.00000 0.08349 311.04167
354.00000 0.08351 315.31250
355.00000 0.08353 319.58333
356.00000 0.08355 323.85417
357.00000 0.08357 328.12500
358.00000 0.08359 332.39583
359.00000 0.08361 336.66667
360.00000 0.08363 340.93750
361.00000 0.08364 345.20833
362.00000 0.08366 349.47917
363.00000 0.08367 840.31148
364.00000 0.08367 840.31576
365.00000 0.08367 840.31148
366.00000 0.08368 836.35416
367.00000 0.08368 353.75000
368.00000 0.08369 358.02083
369.00000 0.08370 832.08333
370.00000 0.08371 827.81250
371.00000 0.08371 362.29167
372.00000 0.08373 823.54166
373.00000 0.08373 366.56250
374.00000 0.08374 819.27083
375.00000 0.08374 370.83333
376.00000 0.08376 375.10417
377.00000 0.08376 815.00000
378.00000 0.08377 379.37500
379.00000 0.08377 810.72916
380.00000 0.08379 806.45833
381.00000 0.08379 383.64583
382.00000 0.08380 387.91667
383.00000 0.08380 802.18750
384.00000 0.08381 797.91666
385.00000 0.08382 392.18750
386.00000 0.08383 396.45833
387.00000 0.08383 793.64583
388.00000 0.08384 789.37500
389.00000 0.08385 400.72917
390.00000 0.08385 785.10416
391.00000 0.08386 780.83333
392.00000 0.08386 405.00000
393.00000 0.08387 409.27083
394.00000 0.08388 776.56250
395.00000 0.08389 772.29166
396.00000 0.08389 413.54166
397.00000 0.08390 768.02083
398.00000 0.08390 417.81250
399.00000 0.08391 422.08333
400.00000 0.08391 763.75000
401.00000 0.08392 759.47916
402.00000 0.08392 426.35416
403.00000 0.08393 430.62500
404.00000 0.08393 755.20833
405.00000 0.08394 750.93750
406.00000 0.08394 434.89583
407.00000 0.08395 746.66666
408.00000 0.08396 439.16666
409.00000 0.08396 742.39583
410.00000 0.08397 443.43750
411.00000 0.08397 738.12500
412.00000 0.08398 733.85416
413.00000 0.08398 447.70833
414.00000 0.08399 451.97916
415.00000 0.08399 729.58333
416.00000 0.08400 456.25000
417.00000 0.08400 460.52083
418.00000 0.08400 725.31250
419.00000 0.08401 721.04166
420.00000 0.08401 464.79166
421.00000 0.08402 469.06250
422.00000 0.08402 716.77083
423.00000 0.08403 473.33333
424.00000 0.08403 712.50000
425.00000 0.08403 708.22916
426.00000 0.08404 477.60416
427.00000 0.08404 703.95833
428.00000 0.08405 699.68750
429.00000 0.08405 481.87500
430.00000 0.08405 486.14583
431.00000 0.08406 490.41666
432.00000 0.08406 695.41666
433.00000 0.08406 691.14583
434.00000 0.08407 686.87500
435.00000 0.08407 498.95833
436.00000 0.08407 494.68750
437.00000 0.08408 682.60416
438.00000 0.08408 678.33333
439.00000 0.08408 503.22916
440.00000 0.08409 507.50000
441.00000 0.08409 511.77083
442.00000 0.08409 669.79166
443.00000 0.08409 674.06250
444.00000 0.08410 520.31250
445.00000 0.08410 516.04166
446.00000 0.08410 661.25000
447.00000 0.08410 665.52083
448.00000 0.08411 652.70833
449.00000 0.08411 528.85416
450.00000 0.08411 524.58333
451.00000 0.08411 656.97916
452.00000 0.08411 648.43750
453.00000 0.08412 644.16666
454.00000 0.08412 639.89583
455.00000 0.08412 537.39583
456.00000 0.08412 533.12500
457.00000 0.08412 541.66666
458.00000 0.08413 554.47916
459.00000 0.08413 635.62500
460.00000 0.08413 631.35416
461.00000 0.08413 622.81250
462.00000 0.08413 545.93750
463.00000 0.08413 550.20833
464.00000 0.08413 558.75000
465.00000 0.08413 627.08333
466.00000 0.08414 618.54166
467.00000 0.08414 610.00000
468.00000 0.08414 601.45833
469.00000 0.08414 597.18750
470.00000 0.08414 592.91666
471.00000 0.08414 588.64583
472.00000 0.08414 584.37500
473.00000 0.08414 580.10416
474.00000 0.08414 575.83333
475.00000 0.08414 571.56250
476.00000 0.08414 567.29166
477.00000 0.08414 563.02083
478.00000 0.08414 614.27083
479.00000 0.08414 605.72916
