0.00000 0.63268 200.00000
1.00000 0.63268 200.00427
2.00000 0.63323 204.27083
3.00000 0.63379 208.54167
4.00000 0.63435 212.81250
5.00000 0.63490 217.08333
6.00000 0.63546 221.35417
7.00000 0.63602 225.62500
8.00000 0.63658 229.89583
9.00000 0.63714 234.16667
10.00000 0.63770 238.43750
11.00000 0.63826 242.70833
12.00000 0.63883 246.97917
13.00000 0.63939 251.25000
14.00000 0.63995 255.52083
15.00000 0.64052 259.79167
16.00000 0.64108 264.06250
17.00000 0.64165 268.33333
18.00000 0.64222 272.60417
19.00000 0.64278 276.87500
20.00000 0.64335 281.14583
21.00000 0.64392 285.41667
22.00000 0.64449 289.68750
23.00000 0.64506 293.95833
24.00000 0.64563 298.22917
25.00000 0.64620 302.50000
26.00000 0.64677 306.77083
27.00000 0.64734 311.04167
28.00000 0.64791 315.31250
29.00000 0.64848 319.58333
30.00000 0.64905 323.85417
31.00000 0.64962 328.12500
32.00000 0.65019 332.39583
33.00000 0.65076 336.66667
34.00000 0.65134 340.93750
35.00000 0.65191 345.20833
36.00000 0.65248 349.47917
37.00000 0.65305 353.75000
38.00000 0.65362 358.02083
39.00000 0.65419 362.29167
40.00000 0.65476 366.56250
41.00000 0.65532 370.83333
42.00000 0.65589 375.10417
43.00000 0.65646 379.37500
44.00000 0.65702 383.64583
45.00000 0.65759 387.91667
46.00000 0.65815 392.18750
47.00000 0.65872 396.45833
48.00000 0.65928 400.72917
49.00000 0.65984 405.00000
50.00000 0.66040 409.27083
51.00000 0.66097 413.54166
52.00000 0.66154 417.81250
53.00000 0.66211 422.08333
54.00000 0.66269 426.35416
55.00000 0.66328 430.62500
56.00000 0.66391 434.89583
57.00000 0.66462 439.16666
58.00000 0.66469 439.55492
59.00000 0.66485 440.33144
60.00000 0.66526 441.88447
61.00000 0.66539 442.16684
62.00000 0.66542 442.21818
63.00000 0.66552 442.32086
64.00000 0.66553 442.32595
65.00000 0.66553 442.32255
66.00000 0.66556 442.33274
67.00000 0.66557 442.33376
68.00000 0.66559 442.33223
69.00000 0.66563 442.31476
70.00000 0.66566 442.27798
71.00000 0.66574 442.14598
72.00000 0.66587 441.64454
73.00000 0.66610 439.66414
74.00000 0.66616 438.79518
75.00000 0.66625 437.05726
76.00000 0.66636 433.58142
77.00000 0.66645 429.31059
78.00000 0.66651 425.03976
79.00000 0.66655 420.76892
80.00000 0.66658 416.49809
81.00000 0.66660 412.22726
82.00000 0.66662 407.95642
83.00000 0.66664 403.68559
84.00000 0.66665 395.14392
85.00000 0.66665 399.41476
86.00000 0.66666 390.87309
87.00000 0.66667 262.74809
88.00000 0.66667 258.47726
89.00000 0.66667 254.20643
90.00000 0.66667 245.66476
91.00000 0.66667 249.93559
92.00000 0.66667 267.01893
93.00000 0.66667 241.39393
94.00000 0.66667 202.95643
95.00000 0.66667 232.85226
96.00000 0.66667 228.58143
97.00000 0.66667 224.31059
98.00000 0.66667 220.03976
99.00000 0.66667 215.76893
100.00000 0.66667 211.49809
101.00000 0.66667 207.22726
102.00000 0.66667 271.28976
103.00000 0.66667 237.12309
104.00000 0.66667 275.56059
105.00000 0.66667 200.00000
106.00000 0.66667 386.60226
107.00000 0.66667 382.33142
108.00000 0.66667 378.06059
109.00000 0.66667 373.78976
110.00000 0.66668 305.45643
111.00000 0.66668 369.51892
112.00000 0.66668 365.24809
113.00000 0.66668 360.97726
114.00000 0.66668 356.70642
115.00000 0.66668 352.43559
116.00000 0.66668 348.16476
117.00000 0.66668 343.89392
118.00000 0.66668 335.35226
119.00000 0.66668 331.08143
120.00000 0.66668 326.81059
121.00000 0.66668 322.53976
122.00000 0.66668 318.26893
123.00000 0.66668 313.99809
124.00000 0.66668 279.83143
125.00000 0.66668 284.10226
126.00000 0.66668 288.37309
127.00000 0.66668 292.64393
128.00000 0.66668 296.91476
129.00000 0.66668 301.18559
130.00000 0.66668 309.72726
131.00000 0.66668 339.62309
