0.00000 0.55418 1763.56193
1.00000 0.55418 1763.55766
2.00000 0.55418 1763.56193
3.00000 0.55418 1763.56620
4.00000 0.55580 1759.29110
5.00000 0.55705 1767.83277
6.00000 0.55743 1755.02027
7.00000 0.55906 1750.74943
8.00000 0.55998 1772.10360
9.00000 0.56070 1746.47860
10.00000 0.56235 1742.20777
11.00000 0.56297 1776.37443
12.00000 0.56400 1737.93693
13.00000 0.56567 1733.66610
14.00000 0.56601 1780.64527
15.00000 0.56734 1729.39527
16.00000 0.56902 1725.12443
17.00000 0.56912 1784.91610
18.00000 0.57071 1720.85360
19.00000 0.57228 1789.18693
20.00000 0.57241 1716.58277
21.00000 0.57412 1712.31193
22.00000 0.57552 1793.45777
23.00000 0.57584 1708.04110
24.00000 0.57757 1703.77027
25.00000 0.57882 1797.72860
26.00000 0.57931 1699.49943
27.00000 0.58106 1695.22860
28.00000 0.58220 1801.99943
29.00000 0.58282 1690.95777
30.00000 0.58459 1686.68693
31.00000 0.58566 1806.27027
32.00000 0.58638 1682.41610
33.00000 0.58817 1678.14527
34.00000 0.58919 1810.54110
35.00000 0.58998 1673.87443
36.00000 0.59181 1669.60360
37.00000 0.59281 1814.81193
38.00000 0.59364 1665.33277
39.00000 0.59549 1661.06193
40.00000 0.59651 1819.08277
41.00000 0.59736 1656.79110
42.00000 0.59924 1652.52027
43.00000 0.60031 1823.35360
44.00000 0.60113 1648.24943
45.00000 0.60304 1643.97860
46.00000 0.60420 1827.62443
47.00000 0.60497 1639.70777
48.00000 0.60691 1635.43693
49.00000 0.60819 1831.89527
50.00000 0.60887 1631.16610
51.00000 0.61085 1626.89527
52.00000 0.61229 1836.16610
53.00000 0.61285 1622.62443
54.00000 0.61486 1618.35360
55.00000 0.61651 1840.43693
56.00000 0.61690 1614.08277
57.00000 0.61895 1609.81193
58.00000 0.62084 1844.70777
59.00000 0.62103 1605.54110
60.00000 0.62312 1601.27027
61.00000 0.62524 1596.99943
62.00000 0.62530 1848.97860
63.00000 0.62738 1592.72860
64.00000 0.62955 1588.45777
65.00000 0.62989 1853.24943
66.00000 0.63173 1584.18693
67.00000 0.63395 1579.91610
68.00000 0.63462 1857.52026
69.00000 0.63619 1575.64527
70.00000 0.63845 1571.37443
71.00000 0.63950 1861.79110
72.00000 0.64075 1567.10360
73.00000 0.64307 1562.83277
74.00000 0.64453 1866.06193
75.00000 0.64542 1558.56193
76.00000 0.64780 1554.29110
77.00000 0.64974 1870.33276
78.00000 0.65021 1550.02027
79.00000 0.65266 1545.74943
80.00000 0.65513 1874.60360
81.00000 0.65513 1541.47860
82.00000 0.65765 1537.20777
83.00000 0.66020 1532.93693
84.00000 0.66071 1878.87443
85.00000 0.66278 1528.66610
86.00000 0.66540 1524.39527
87.00000 0.66650 1883.14526
88.00000 0.66807 1520.12443
89.00000 0.67077 1515.85360
90.00000 0.67214 1513.71818
91.00000 0.67251 1887.41610
92.00000 0.67491 1509.44735
93.00000 0.67772 1505.17652
94.00000 0.67876 1891.68693
95.00000 0.68058 1500.90568
96.00000 0.68348 1496.63485
97.00000 0.68528 1895.95776
98.00000 0.68644 1492.36402
99.00000 0.68945 1488.09318
100.00000 0.69207 1900.22860
101.00000 0.69251 1483.82235
102.00000 0.69562 1479.55152
103.00000 0.69880 1475.28068
104.00000 0.69918 1904.49943
105.00000 0.70203 1471.00985
106.00000 0.70532 1466.73902
107.00000 0.70662 1908.77026
108.00000 0.70868 1462.46818
109.00000 0.71210 1458.19735
110.00000 0.71445 1913.04110
111.00000 0.71558 1453.92652
112.00000 0.71914 1449.65568
113.00000 0.72268 1917.31193
114.00000 0.72277 1445.38485
115.00000 0.72647 1441.11402
116.00000 0.73024 1436.84318
117.00000 0.73139 1921.58276
118.00000 0.73410 1432.57235
119.00000 0.73803 1428.30152
120.00000 0.74063 1925.85360
121.00000 0.74204 1424.03068
122.00000 0.74613 1419.75985
123.00000 0.75031 1415.48902
124.00000 0.75048 1930.12443
125.00000 0.75457 1411.21819
126.00000 0.75891 1406.94735
127.00000 0.76105 1934.39526
128.00000 0.76334 1402.67652
129.00000 0.76785 1398.40569
130.00000 0.77243 1394.13485
131.00000 0.77248 1938.66610
132.00000 0.77710 1389.86402
133.00000 0.78184 1385.59319
134.00000 0.78494 1942.93693
135.00000 0.78666 1381.32235
136.00000 0.79154 1377.05152
137.00000 0.79649 1372.78069
138.00000 0.79879 1947.20776
139.00000 0.80149 1368.50985
140.00000 0.80654 1364.23902
141.00000 0.81162 1359.96819
142.00000 0.81454 1951.47860
143.00000 0.81675 1355.69735
144.00000 0.82189 1351.42652
145.00000 0.82705 1347.15569
146.00000 0.83221 1342.88485
147.00000 0.83325 1955.74943
148.00000 0.83736 1338.61402
149.00000 0.84251 1334.34319
150.00000 0.84444 1957.88485
151.00000 0.84762 1330.07235
152.00000 0.85271 1325.80152
153.00000 0.85776 1321.53069
154.00000 0.85787 1960.02026
155.00000 0.86070 1960.40852
156.00000 0.86276 1317.25985
157.00000 0.86691 1961.18504
158.00000 0.86771 1312.98902
159.00000 0.87260 1308.71819
160.00000 0.87742 1304.44735
161.00000 0.88218 1300.17652
162.00000 0.88380 1962.73807
163.00000 0.88687 1295.90569
164.00000 0.88856 1963.02044
165.00000 0.88959 1963.07178
166.00000 0.89149 1291.63485
167.00000 0.89188 1963.17446
168.00000 0.89302 1963.21920
169.00000 0.89530 1963.29585
170.00000 0.89604 1287.36402
171.00000 0.89986 1963.39675
172.00000 0.90051 1283.09319
173.00000 0.90490 1278.82235
174.00000 0.90900 1963.37915
175.00000 0.90922 1274.55152
176.00000 0.91346 1270.28069
177.00000 0.91762 1266.00985
178.00000 0.92171 1261.73902
179.00000 0.92573 1257.46819
180.00000 0.92738 1962.37193
181.00000 0.92967 1253.19735
182.00000 0.93353 1248.92652
183.00000 0.93732 1244.65569
184.00000 0.93943 1960.91610
185.00000 0.94104 1240.38485
186.00000 0.94469 1236.11402
187.00000 0.94827 1231.84319
188.00000 0.95163 1958.70928
189.00000 0.95178 1227.57235
190.00000 0.95522 1223.30152
191.00000 0.95859 1219.03069
192.00000 0.96189 1214.75985
193.00000 0.96404 1955.61297
194.00000 0.96512 1210.48902
195.00000 0.96828 1206.21819
196.00000 0.97137 1201.94735
197.00000 0.97439 1197.67652
198.00000 0.97678 1951.44342
199.00000 0.97733 1193.40569
200.00000 0.98020 1189.13485
201.00000 0.98299 1184.86402
202.00000 0.98332 1948.88301
203.00000 0.98571 1180.59319
204.00000 0.98833 1176.32235
205.00000 0.99002 1945.95807
206.00000 0.99087 1172.05152
207.00000 0.99332 1167.78069
208.00000 0.99566 1163.50985
209.00000 0.99690 1942.62787
210.00000 0.99789 1159.23902
211.00000 0.99865 1941.72692
212.00000 0.99897 1157.10360
213.00000 0.99949 1156.03590
214.00000 0.99953 1941.26571
215.00000 0.99975 1155.50204
216.00000 0.99988 1155.23511
217.00000 0.99995 1155.10165
218.00000 0.99998 1941.03238
219.00000 0.99998 1155.03492
220.00000 0.99999 1155.00155
221.00000 0.99999 1941.02506
222.00000 1.00000 1668.00000
223.00000 1.00000 1665.00000
224.00000 1.00000 1662.00000
225.00000 1.00000 1659.00000
226.00000 1.00000 1656.00000
227.00000 1.00000 1653.00000
228.00000 1.00000 1716.00000
229.00000 1.00000 1647.00000
230.00000 1.00000 1644.00000
231.00000 1.00000 1671.00000
232.00000 1.00000 1641.00000
233.00000 1.00000 1638.00000
234.00000 1.00000 1635.00000
235.00000 1.00000 1650.00000
236.00000 1.00000 1674.00000
237.00000 1.00000 1689.00000
238.00000 1.00000 1680.00000
239.00000 1.00000 1683.00000
240.00000 1.00000 1686.00000
241.00000 1.00000 1632.00000
242.00000 1.00000 1692.00000
243.00000 1.00000 1695.00000
244.00000 1.00000 1698.00000
245.00000 1.00000 1701.00000
246.00000 1.00000 1704.00000
247.00000 1.00000 1707.00000
248.00000 1.00000 1710.00000
249.00000 1.00000 1713.00000
250.00000 1.00000 1722.00000
251.00000 1.00000 1719.00000
252.00000 1.00000 1677.00000
253.00000 1.00000 1629.00000
254.00000 1.00000 1926.00000
255.00000 1.00000 1623.00000
256.00000 1.00000 1533.00000
257.00000 1.00000 1536.00000
258.00000 1.00000 1539.00000
259.00000 1.00000 1725.00000
260.00000 1.00000 1542.00000
261.00000 1.00000 1545.00000
262.00000 1.00000 1548.00000
263.00000 1.00000 1551.00000
264.00000 1.00000 1554.00000
265.00000 1.00000 1557.00000
266.00000 1.00000 1560.00000
267.00000 1.00000 1563.00000
268.00000 1.00000 1566.00000
269.00000 1.00000 1569.00000
270.00000 1.00000 1572.00000
271.00000 1.00000 1575.00000
272.00000 1.00000 1578.00000
273.00000 1.00000 1620.00000
274.00000 1.00000 1617.00000
275.00000 1.00000 1614.00000
276.00000 1.00000 1611.00000
277.00000 1.00000 1608.00000
278.00000 1.00000 1605.00000
279.00000 1.00000 1626.00000
280.00000 1.00000 1602.00000
281.00000 1.00000 1596.00000
282.00000 1.00000 1593.00000
283.00000 1.00000 1590.00000
284.00000 1.00000 1587.00000
285.00000 1.00000 1584.00000
286.00000 1.00000 1581.00000
287.00000 1.00000 1599.00000
288.00000 1.00000 1728.00000
289.00000 1.00000 1836.00000
290.00000 1.00000 1734.00000
291.00000 1.00000 1842.00000
292.00000 1.00000 1845.00000
293.00000 1.00000 1848.00000
294.00000 1.00000 1851.00000
295.00000 1.00000 1854.00000
296.00000 1.00000 1857.00000
297.00000 1.00000 1860.00000
298.00000 1.00000 1863.00000
299.00000 1.00000 1866.00000
300.00000 1.00000 1869.00000
301.00000 1.00000 1872.00000
302.00000 1.00000 1875.00000
303.00000 1.00000 1878.00000
304.00000 1.00000 1881.00000
305.00000 1.00000 1839.00000
306.00000 1.00000 1884.00000
307.00000 1.00000 1890.00000
308.00000 1.00000 1893.00000
309.00000 1.00000 1896.00000
310.00000 1.00000 1899.00000
311.00000 1.00000 1902.00000
312.00000 1.00000 1905.00000
313.00000 1.00000 1908.00000
314.00000 1.00000 1911.00000
315.00000 1.00000 1914.00000
316.00000 1.00000 1917.00000
317.00000 1.00000 1920.00000
318.00000 1.00000 1530.00000
319.00000 1.00000 1932.00000
320.00000 1.00000 1929.00000
321.00000 1.00000 1887.00000
322.00000 1.00000 1923.00000
323.00000 1.00000 1833.00000
324.00000 1.00000 1830.00000
325.00000 1.00000 1737.00000
326.00000 1.00000 1740.00000
327.00000 1.00000 1743.00000
328.00000 1.00000 1746.00000
329.00000 1.00000 1749.00000
330.00000 1.00000 1752.00000
331.00000 1.00000 1755.00000
332.00000 1.00000 1758.00000
333.00000 1.00000 1761.00000
334.00000 1.00000 1764.00000
335.00000 1.00000 1767.00000
336.00000 1.00000 1770.00000
337.00000 1.00000 1773.00000
338.00000 1.00000 1776.00000
339.00000 1.00000 1779.00000
340.00000 1.00000 1782.00000
341.00000 1.00000 1785.00000
342.00000 1.00000 1827.00000
343.00000 1.00000 1824.00000
344.00000 1.00000 1821.00000
345.00000 1.00000 1818.00000
346.00000 1.00000 1815.00000
347.00000 1.00000 1812.00000
348.00000 1.00000 1731.00000
349.00000 1.00000 1809.00000
350.00000 1.00000 1803.00000
351.00000 1.00000 1800.00000
352.00000 1.00000 1797.00000
353.00000 1.00000 1794.00000
354.00000 1.00000 1791.00000
355.00000 1.00000 1788.00000
356.00000 1.00000 1806.00000
357.00000 1.00000 1527.00000
358.00000 1.00000 1194.00000
359.00000 1.00000 1521.00000
360.00000 1.00000 1224.00000
361.00000 1.00000 1227.00000
362.00000 1.00000 1230.00000
363.00000 1.00000 1233.00000
364.00000 1.00000 1236.00000
365.00000 1.00000 1239.00000
366.00000 1.00000 1242.00000
367.00000 1.00000 1245.00000
368.00000 1.00000 1248.00000
369.00000 1.00000 1251.00000
370.00000 1.00000 1254.00000
371.00000 1.00000 1257.00000
372.00000 1.00000 1260.00000
373.00000 1.00000 1263.00000
374.00000 1.00000 1221.00000
375.00000 1.00000 1266.00000
376.00000 1.00000 1272.00000
377.00000 1.00000 1275.00000
378.00000 1.00000 1278.00000
379.00000 1.00000 1281.00000
380.00000 1.00000 1284.00000
381.00000 1.00000 1287.00000
382.00000 1.00000 1290.00000
383.00000 1.00000 1293.00000
384.00000 1.00000 1296.00000
385.00000 1.00000 1299.00000
386.00000 1.00000 1302.00000
387.00000 1.00000 1305.00000
388.00000 1.00000 1308.00000
389.00000 1.00000 1311.00000
390.00000 1.00000 1269.00000
391.00000 1.00000 1218.00000
392.00000 1.00000 1215.00000
393.00000 1.00000 1212.00000
394.00000 1.00000 1941.02140
395.00000 1.00000 1941.02048
396.00000 1.00000 1941.02037
397.00000 1.00000 1941.02037
398.00000 1.00000 1154.99321
399.00000 1.00000 1154.98904
400.00000 1.00000 1154.98852
401.00000 1.00000 1154.98826
402.00000 1.00000 1154.98813
403.00000 1.00000 1154.98811
404.00000 1.00000 1154.98810
405.00000 1.00000 1154.98810
406.00000 1.00000 1155.00000
407.00000 1.00000 1158.00000
408.00000 1.00000 1161.00000
409.00000 1.00000 1164.00000
410.00000 1.00000 1167.00000
411.00000 1.00000 1209.00000
412.00000 1.00000 1206.00000
413.00000 1.00000 1203.00000
414.00000 1.00000 1200.00000
415.00000 1.00000 1197.00000
416.00000 1.00000 1935.00000
417.00000 1.00000 1314.00000
418.00000 1.00000 1191.00000
419.00000 1.00000 1185.00000
420.00000 1.00000 1182.00000
421.00000 1.00000 1179.00000
422.00000 1.00000 1176.00000
423.00000 1.00000 1173.00000
424.00000 1.00000 1170.00000
425.00000 1.00000 1188.00000
426.00000 1.00000 1524.00000
427.00000 1.00000 1317.00000
428.00000 1.00000 1323.00000
429.00000 1.00000 1431.00000
430.00000 1.00000 1434.00000
431.00000 1.00000 1437.00000
432.00000 1.00000 1440.00000
433.00000 1.00000 1443.00000
434.00000 1.00000 1446.00000
435.00000 1.00000 1449.00000
436.00000 1.00000 1452.00000
437.00000 1.00000 1455.00000
438.00000 1.00000 1458.00000
439.00000 1.00000 1461.00000
440.00000 1.00000 1464.00000
441.00000 1.00000 1467.00000
442.00000 1.00000 1470.00000
443.00000 1.00000 1428.00000
444.00000 1.00000 1473.00000
445.00000 1.00000 1479.00000
446.00000 1.00000 1482.00000
447.00000 1.00000 1485.00000
448.00000 1.00000 1488.00000
449.00000 1.00000 1491.00000
450.00000 1.00000 1494.00000
451.00000 1.00000 1497.00000
452.00000 1.00000 1500.00000
453.00000 1.00000 1503.00000
454.00000 1.00000 1506.00000
455.00000 1.00000 1509.00000
456.00000 1.00000 1512.00000
457.00000 1.00000 1515.00000
458.00000 1.00000 1518.00000
459.00000 1.00000 1476.00000
460.00000 1.00000 1425.00000
461.00000 1.00000 1422.00000
462.00000 1.00000 1419.00000
463.00000 1.00000 1326.00000
464.00000 1.00000 1329.00000
465.00000 1.00000 1332.00000
466.00000 1.00000 1335.00000
467.00000 1.00000 1338.00000
468.00000 1.00000 1341.00000
469.00000 1.00000 1344.00000
470.00000 1.00000 1347.00000
471.00000 1.00000 1350.00000
472.00000 1.00000 1353.00000
473.00000 1.00000 1356.00000
474.00000 1.00000 1359.00000
475.00000 1.00000 1362.00000
476.00000 1.00000 1365.00000
477.00000 1.00000 1368.00000
478.00000 1.00000 1371.00000
479.00000 1.00000 1374.00000
480.00000 1.00000 1416.00000
481.00000 1.00000 1413.00000
482.00000 1.00000 1410.00000
483.00000 1.00000 1407.00000
484.00000 1.00000 1404.00000
485.00000 1.00000 1401.00000
486.00000 1.00000 1320.00000
487.00000 1.00000 1398.00000
488.00000 1.00000 1392.00000
489.00000 1.00000 1389.00000
490.00000 1.00000 1386.00000
491.00000 1.00000 1383.00000
492.00000 1.00000 1380.00000
493.00000 1.00000 1377.00000
494.00000 1.00000 1395.00000
495.00000 1.00000 1938.00000
