0.00000 0.16176 1001.70664
1.00000 0.16176 1001.71091
2.00000 0.16176 1001.70664
3.00000 0.16199 998.33232
4.00000 0.16228 994.06148
5.00000 0.16257 989.79065
6.00000 0.16278 1005.97748
7.00000 0.16287 985.51982
8.00000 0.16316 981.24898
9.00000 0.16345 976.97815
10.00000 0.16374 972.70732
11.00000 0.16380 1010.24831
12.00000 0.16403 968.43648
13.00000 0.16432 964.16565
14.00000 0.16461 959.89482
15.00000 0.16481 1014.51914
16.00000 0.16491 955.62398
17.00000 0.16520 951.35315
18.00000 0.16549 947.08232
19.00000 0.16578 942.81148
20.00000 0.16583 1018.78998
21.00000 0.16607 938.54065
22.00000 0.16636 934.26982
23.00000 0.16665 929.99898
24.00000 0.16685 1023.06081
25.00000 0.16695 925.72815
26.00000 0.16724 921.45732
27.00000 0.16753 917.18648
28.00000 0.16782 912.91565
29.00000 0.16788 1027.33164
30.00000 0.16811 908.64482
31.00000 0.16841 904.37398
32.00000 0.16870 900.10315
33.00000 0.16890 1031.60248
34.00000 0.16899 895.83232
35.00000 0.16928 891.56148
36.00000 0.16958 887.29065
37.00000 0.16987 883.01982
38.00000 0.16993 1035.87331
39.00000 0.17016 878.74898
40.00000 0.17045 874.47815
41.00000 0.17075 870.20732
42.00000 0.17095 1040.14414
43.00000 0.17104 865.93648
44.00000 0.17133 861.66565
45.00000 0.17162 857.39482
46.00000 0.17192 853.12398
47.00000 0.17198 1044.41498
48.00000 0.17221 848.85315
49.00000 0.17250 844.58232
50.00000 0.17280 840.31148
51.00000 0.17280 840.31576
52.00000 0.17280 840.31576
53.00000 0.17280 840.31148
54.00000 0.17301 1048.68581
55.00000 0.17349 844.58232
56.00000 0.17405 1052.95664
57.00000 0.17419 848.85315
58.00000 0.17490 853.12398
59.00000 0.17508 1057.22748
60.00000 0.17562 857.39482
61.00000 0.17612 1061.49831
62.00000 0.17634 861.66565
63.00000 0.17707 865.93648
64.00000 0.17716 1065.76914
65.00000 0.17780 870.20732
66.00000 0.17820 1070.03998
67.00000 0.17854 874.47815
68.00000 0.17925 1074.31081
69.00000 0.17929 878.74898
70.00000 0.18005 883.01982
71.00000 0.18030 1078.58164
72.00000 0.18082 887.29065
73.00000 0.18135 1082.85248
74.00000 0.18159 891.56148
75.00000 0.18237 895.83232
76.00000 0.18240 1087.12331
77.00000 0.18316 900.10315
78.00000 0.18346 1091.39414
79.00000 0.18396 904.37398
80.00000 0.18452 1095.66498
81.00000 0.18477 908.64482
82.00000 0.18558 1099.93581
83.00000 0.18559 912.91565
84.00000 0.18642 917.18648
85.00000 0.18665 1104.20664
86.00000 0.18726 921.45732
87.00000 0.18772 1108.47748
88.00000 0.18811 925.72815
89.00000 0.18880 1112.74831
90.00000 0.18897 929.99898
91.00000 0.18984 934.26982
92.00000 0.18988 1117.01914
93.00000 0.19072 938.54065
94.00000 0.19096 1121.28998
95.00000 0.19161 942.81148
96.00000 0.19205 1125.56081
97.00000 0.19252 947.08232
98.00000 0.19314 1129.83164
99.00000 0.19344 951.35315
100.00000 0.19423 1134.10248
101.00000 0.19437 955.62398
102.00000 0.19531 959.89482
103.00000 0.19533 1138.37331
104.00000 0.19627 964.16565
105.00000 0.19643 1142.64414
106.00000 0.19725 968.43648
107.00000 0.19754 1146.91498
108.00000 0.19824 972.70732
109.00000 0.19865 1151.18581
110.00000 0.19925 976.97815
111.00000 0.19977 1155.45664
112.00000 0.20027 981.24898
113.00000 0.20089 1159.72748
114.00000 0.20131 985.51982
115.00000 0.20202 1163.99831
116.00000 0.20237 989.79065
117.00000 0.20315 1168.26914
118.00000 0.20345 994.06148
119.00000 0.20429 1172.53998
120.00000 0.20455 998.33232
121.00000 0.20543 1176.81081
122.00000 0.20566 1002.60315
123.00000 0.20658 1181.08164
124.00000 0.20681 1006.87398
125.00000 0.20773 1185.35248
126.00000 0.20797 1011.14482
127.00000 0.20889 1189.62331
128.00000 0.20916 1015.41565
129.00000 0.21005 1193.89414
130.00000 0.21037 1019.68648
131.00000 0.21122 1198.16498
132.00000 0.21162 1023.95732
133.00000 0.21240 1202.43581
134.00000 0.21289 1028.22815
135.00000 0.21358 1206.70664
136.00000 0.21419 1032.49898
137.00000 0.21477 1210.97747
138.00000 0.21552 1036.76982
139.00000 0.21596 1215.24831
140.00000 0.21689 1041.04065
141.00000 0.21716 1219.51914
142.00000 0.21830 1045.31148
143.00000 0.21837 1223.78997
144.00000 0.21958 1228.06081
145.00000 0.21975 1049.58232
146.00000 0.22080 1232.33164
147.00000 0.22124 1053.85315
148.00000 0.22202 1236.60247
149.00000 0.22277 1058.12398
150.00000 0.22326 1240.87331
151.00000 0.22436 1062.39482
152.00000 0.22450 1245.14414
153.00000 0.22574 1249.41497
154.00000 0.22600 1066.66565
155.00000 0.22700 1253.68581
156.00000 0.22770 1070.93648
157.00000 0.22826 1257.95664
158.00000 0.22947 1075.20732
159.00000 0.22953 1262.22747
160.00000 0.23080 1266.49831
161.00000 0.23131 1079.47815
162.00000 0.23209 1270.76914
163.00000 0.23323 1083.74898
164.00000 0.23338 1275.03997
165.00000 0.23468 1279.31081
166.00000 0.23525 1088.01982
167.00000 0.23598 1283.58164
168.00000 0.23730 1287.85247
169.00000 0.23737 1092.29065
170.00000 0.23862 1292.12331
171.00000 0.23960 1096.56148
172.00000 0.23995 1296.39414
173.00000 0.24130 1300.66497
174.00000 0.24198 1100.83232
175.00000 0.24264 1304.93581
176.00000 0.24400 1309.20664
177.00000 0.24453 1105.10315
178.00000 0.24537 1313.47747
179.00000 0.24675 1317.74831
180.00000 0.24727 1109.37398
181.00000 0.24813 1322.01914
182.00000 0.24953 1326.28997
183.00000 0.25027 1113.64482
184.00000 0.25093 1330.56081
185.00000 0.25234 1334.83164
186.00000 0.25359 1117.91565
187.00000 0.25377 1339.10247
188.00000 0.25520 1343.37331
189.00000 0.25665 1347.64414
190.00000 0.25735 1122.18648
191.00000 0.25810 1351.91497
192.00000 0.25957 1356.18581
193.00000 0.26104 1360.45664
194.00000 0.26177 1126.45732
195.00000 0.26253 1364.72747
196.00000 0.26403 1368.99831
197.00000 0.26554 1373.26914
198.00000 0.26706 1377.53997
199.00000 0.26735 1130.72815
200.00000 0.26859 1381.81081
201.00000 0.27014 1386.08164
202.00000 0.27169 1390.35247
203.00000 0.27326 1394.62331
204.00000 0.27485 1398.89414
205.00000 0.27590 1134.99898
206.00000 0.27644 1403.16497
207.00000 0.27711 1135.38724
208.00000 0.27805 1407.43581
209.00000 0.27967 1411.70664
210.00000 0.28027 1136.16376
211.00000 0.28107 1136.30494
212.00000 0.28131 1415.97747
213.00000 0.28296 1420.24831
214.00000 0.28335 1136.58731
215.00000 0.28405 1136.63865
216.00000 0.28421 1136.64798
217.00000 0.28458 1136.66665
218.00000 0.28462 1424.51914
219.00000 0.28465 1136.67005
220.00000 0.28483 1136.67684
221.00000 0.28532 1136.69041
222.00000 0.28552 1136.69368
223.00000 0.28592 1136.69620
224.00000 0.28630 1428.78997
225.00000 0.28673 1136.68516
226.00000 0.28800 1433.06081
227.00000 0.28834 1136.59904
228.00000 0.28971 1437.33164
229.00000 0.28995 1136.42782
230.00000 0.29143 1441.60247
231.00000 0.29317 1445.87331
232.00000 0.29320 1135.83157
233.00000 0.29493 1450.14414
234.00000 0.29671 1454.41497
235.00000 0.29850 1458.68581
236.00000 0.29972 1133.63148
237.00000 0.30031 1462.95664
238.00000 0.30213 1467.22747
239.00000 0.30398 1471.49831
240.00000 0.30584 1475.76914
241.00000 0.30631 1130.09605
242.00000 0.30773 1480.03997
243.00000 0.30890 1128.35814
244.00000 0.30963 1484.31081
245.00000 0.31155 1488.58164
246.00000 0.31339 1124.88230
247.00000 0.31350 1492.85247
248.00000 0.31546 1497.12331
249.00000 0.31745 1501.39414
250.00000 0.31810 1120.61147
251.00000 0.31946 1505.66497
252.00000 0.32149 1509.93581
253.00000 0.32224 1116.34063
254.00000 0.32355 1514.20664
255.00000 0.32563 1518.47747
256.00000 0.32599 1112.06980
257.00000 0.32773 1522.74831
258.00000 0.32943 1107.79897
259.00000 0.32986 1527.01914
260.00000 0.33202 1531.28997
261.00000 0.33264 1103.52813
262.00000 0.33420 1535.56081
263.00000 0.33565 1099.25730
264.00000 0.33642 1539.83164
265.00000 0.33850 1094.98647
266.00000 0.33866 1544.10247
267.00000 0.34093 1548.37331
268.00000 0.34121 1090.71563
269.00000 0.34323 1552.64414
270.00000 0.34380 1086.44480
271.00000 0.34556 1556.91497
272.00000 0.34629 1082.17397
273.00000 0.34793 1561.18581
274.00000 0.34868 1077.90313
275.00000 0.35033 1565.45664
276.00000 0.35098 1073.63230
277.00000 0.35276 1569.72747
278.00000 0.35321 1069.36147
279.00000 0.35523 1573.99831
280.00000 0.35537 1065.09063
281.00000 0.35746 1060.81980
282.00000 0.35774 1578.26914
283.00000 0.35949 1056.54897
284.00000 0.36028 1582.53997
285.00000 0.36147 1052.27813
286.00000 0.36287 1586.81081
287.00000 0.36340 1048.00730
288.00000 0.36528 1043.73647
289.00000 0.36549 1591.08164
290.00000 0.36711 1039.46563
291.00000 0.36816 1595.35247
292.00000 0.36890 1035.19480
293.00000 0.37065 1030.92397
294.00000 0.37087 1599.62331
295.00000 0.37236 1026.65313
296.00000 0.37362 1603.89414
297.00000 0.37404 1022.38230
298.00000 0.37568 1018.11147
299.00000 0.37642 1608.16497
300.00000 0.37729 1013.84063
301.00000 0.37887 1009.56980
302.00000 0.37927 1612.43581
303.00000 0.38042 1005.29897
304.00000 0.38194 1001.02813
305.00000 0.38218 1616.70664
306.00000 0.38343 996.75730
307.00000 0.38490 992.48647
308.00000 0.38513 1620.97747
309.00000 0.38634 988.21563
310.00000 0.38776 983.94480
311.00000 0.38813 1625.24831
312.00000 0.38915 979.67397
313.00000 0.39052 975.40313
314.00000 0.39120 1629.51914
315.00000 0.39187 971.13230
316.00000 0.39320 966.86147
317.00000 0.39432 1633.78997
318.00000 0.39451 962.59063
319.00000 0.39580 958.31980
320.00000 0.39707 954.04897
321.00000 0.39750 1638.06080
322.00000 0.39833 949.77813
323.00000 0.39956 945.50730
324.00000 0.40074 1642.33164
325.00000 0.40078 941.23647
326.00000 0.40198 936.96563
327.00000 0.40317 932.69480
328.00000 0.40405 1646.60247
329.00000 0.40434 928.42397
330.00000 0.40549 924.15313
331.00000 0.40663 919.88230
332.00000 0.40743 1650.87330
333.00000 0.40775 915.61147
334.00000 0.40887 911.34063
335.00000 0.40996 907.06980
336.00000 0.41088 1655.14414
337.00000 0.41105 902.79897
338.00000 0.41212 898.52813
339.00000 0.41318 894.25730
340.00000 0.41422 889.98647
341.00000 0.41440 1659.41497
342.00000 0.41526 885.71563
343.00000 0.41628 881.44480
344.00000 0.41729 877.17397
345.00000 0.41800 1663.68580
346.00000 0.41829 872.90313
347.00000 0.41928 868.63230
348.00000 0.42026 864.36147
349.00000 0.42123 860.09063
350.00000 0.42167 1667.95664
351.00000 0.42219 855.81980
352.00000 0.42313 851.54897
353.00000 0.42407 847.27813
354.00000 0.42500 843.00730
355.00000 0.42543 1672.22747
356.00000 0.42592 838.73647
357.00000 0.42683 834.46564
358.00000 0.42773 830.19480
359.00000 0.42863 825.92397
360.00000 0.42928 1676.49830
361.00000 0.42951 821.65314
362.00000 0.43039 817.38230
363.00000 0.43125 813.11147
364.00000 0.43212 808.84064
365.00000 0.43297 804.56980
366.00000 0.43322 1680.76914
367.00000 0.43381 800.29897
368.00000 0.43465 796.02814
369.00000 0.43548 791.75730
370.00000 0.43630 787.48647
371.00000 0.43712 783.21564
372.00000 0.43724 1685.03997
373.00000 0.43793 778.94480
374.00000 0.43873 774.67397
375.00000 0.43952 770.40314
376.00000 0.44031 766.13230
377.00000 0.44109 761.86147
378.00000 0.44137 1689.31080
379.00000 0.44187 757.59064
380.00000 0.44264 753.31980
381.00000 0.44340 749.04897
382.00000 0.44416 744.77814
383.00000 0.44491 740.50730
384.00000 0.44560 1693.58164
385.00000 0.44566 736.23647
386.00000 0.44640 731.96564
387.00000 0.44713 727.69480
388.00000 0.44786 723.42397
389.00000 0.44858 719.15314
390.00000 0.44930 714.88230
391.00000 0.44993 1697.85247
392.00000 0.45001 710.61147
393.00000 0.45072 706.34064
394.00000 0.45142 702.06980
395.00000 0.45212 697.79897
396.00000 0.45281 693.52814
397.00000 0.45350 689.25730
398.00000 0.45419 684.98647
399.00000 0.45437 1702.12330
400.00000 0.45486 680.71564
401.00000 0.45554 676.44480
402.00000 0.45621 672.17397
403.00000 0.45687 667.90314
404.00000 0.45753 663.63230
405.00000 0.45819 659.36147
406.00000 0.45884 655.09064
407.00000 0.45892 1706.39414
408.00000 0.45949 650.81980
409.00000 0.46013 646.54897
410.00000 0.46077 642.27814
411.00000 0.46141 638.00730
412.00000 0.46204 633.73647
413.00000 0.46267 629.46564
414.00000 0.46329 625.19480
415.00000 0.46360 1710.66497
416.00000 0.46391 620.92397
417.00000 0.46453 616.65314
418.00000 0.46514 612.38230
419.00000 0.46575 608.11147
420.00000 0.46636 603.84064
421.00000 0.46696 599.56980
422.00000 0.46756 595.29897
423.00000 0.46815 591.02814
424.00000 0.46839 1714.93580
425.00000 0.46874 586.75730
426.00000 0.46933 582.48647
427.00000 0.46991 578.21564
428.00000 0.47050 573.94480
429.00000 0.47107 569.67397
430.00000 0.47165 565.40314
431.00000 0.47222 561.13230
432.00000 0.47279 556.86147
433.00000 0.47332 1719.20664
434.00000 0.47336 552.59064
435.00000 0.47392 548.31980
436.00000 0.47448 544.04897
437.00000 0.47503 539.77814
438.00000 0.47559 535.50730
439.00000 0.47614 531.23647
440.00000 0.47669 526.96564
441.00000 0.47723 522.69480
442.00000 0.47777 518.42397
443.00000 0.47831 514.15314
444.00000 0.47838 1723.47747
445.00000 0.47885 509.88230
446.00000 0.47938 505.61147
447.00000 0.47992 501.34064
448.00000 0.48044 497.06980
449.00000 0.48097 492.79897
450.00000 0.48149 488.52814
451.00000 0.48201 484.25730
452.00000 0.48253 479.98647
453.00000 0.48305 475.71564
454.00000 0.48356 471.44480
455.00000 0.48357 1727.74830
456.00000 0.48407 467.17397
457.00000 0.48458 462.90314
458.00000 0.48509 458.63230
459.00000 0.48559 454.36147
460.00000 0.48609 450.09064
461.00000 0.48659 445.81980
462.00000 0.48708 441.54897
463.00000 0.48758 437.27814
464.00000 0.48807 433.00730
465.00000 0.48856 428.73647
466.00000 0.48891 1732.01914
467.00000 0.48905 424.46564
468.00000 0.48953 420.19480
469.00000 0.49002 415.92397
470.00000 0.49050 411.65314
471.00000 0.49097 407.38231
472.00000 0.49145 403.11147
473.00000 0.49193 398.84064
474.00000 0.49240 394.56981
475.00000 0.49287 390.29897
476.00000 0.49334 386.02814
477.00000 0.49380 381.75731
478.00000 0.49427 377.48647
479.00000 0.49440 1736.28997
480.00000 0.49473 373.21564
481.00000 0.49519 368.94481
482.00000 0.49565 364.67397
483.00000 0.49610 360.40314
484.00000 0.49656 356.13231
485.00000 0.49701 351.86147
486.00000 0.49746 347.59064
487.00000 0.49791 343.31981
488.00000 0.49835 339.04897
489.00000 0.49880 334.77814
490.00000 0.49924 330.50731
491.00000 0.49968 326.23647
492.00000 0.50005 1740.56080
493.00000 0.50012 321.96564
494.00000 0.50056 317.69481
495.00000 0.50100 313.42397
496.00000 0.50143 309.15314
497.00000 0.50186 304.88231
498.00000 0.50229 300.61147
499.00000 0.50272 296.34064
500.00000 0.50315 292.06981
501.00000 0.50357 287.79897
502.00000 0.50400 283.52814
503.00000 0.50442 279.25731
504.00000 0.50484 274.98647
505.00000 0.50526 270.71564
506.00000 0.50568 266.44481
507.00000 0.50585 1744.83164
508.00000 0.50609 262.17397
509.00000 0.50651 257.90314
510.00000 0.50692 253.63231
511.00000 0.50733 249.36147
512.00000 0.50774 245.09064
513.00000 0.50815 240.81981
514.00000 0.50855 236.54897
515.00000 0.50896 232.27814
516.00000 0.50936 228.00731
517.00000 0.50976 223.73647
518.00000 0.51016 219.46564
519.00000 0.51056 215.19481
520.00000 0.51096 210.92397
521.00000 0.51135 206.65314
522.00000 0.51175 202.38231
523.00000 0.51182 1749.10247
524.00000 0.51197 200.00000
525.00000 0.51796 1753.37330
526.00000 0.52427 1757.64414
527.00000 0.53077 1761.91497
528.00000 0.53333 1763.56193
529.00000 0.53333 1763.56193
530.00000 0.53333 1763.55766
531.00000 0.53502 1759.29110
532.00000 0.53671 1755.02027
533.00000 0.53842 1750.74943
534.00000 0.54013 1746.47860
535.00000 0.54185 1742.20777
536.00000 0.54358 1737.93693
537.00000 0.54533 1733.66610
538.00000 0.54708 1729.39527
539.00000 0.54884 1725.12443
540.00000 0.55062 1720.85360
541.00000 0.55240 1716.58277
542.00000 0.55420 1712.31193
543.00000 0.55601 1708.04110
544.00000 0.55783 1703.77027
545.00000 0.55966 1699.49943
546.00000 0.56151 1695.22860
547.00000 0.56337 1690.95777
548.00000 0.56524 1686.68693
549.00000 0.56713 1682.41610
550.00000 0.56787 200.00427
551.00000 0.56787 200.00000
552.00000 0.56874 204.27083
553.00000 0.56903 1678.14527
554.00000 0.56963 208.54167
555.00000 0.57052 212.81250
556.00000 0.57094 1673.87443
557.00000 0.57142 217.08333
558.00000 0.57232 221.35417
559.00000 0.57287 1669.60360
560.00000 0.57324 225.62500
561.00000 0.57417 229.89583
562.00000 0.57482 1665.33277
563.00000 0.57510 234.16667
564.00000 0.57605 238.43750
565.00000 0.57678 1661.06193
566.00000 0.57700 242.70833
567.00000 0.57797 246.97917
568.00000 0.57876 1656.79110
569.00000 0.57894 251.25000
570.00000 0.57993 255.52083
571.00000 0.58075 1652.52027
572.00000 0.58093 259.79167
573.00000 0.58194 264.06250
574.00000 0.58276 1648.24943
575.00000 0.58296 268.33333
576.00000 0.58400 272.60417
577.00000 0.58479 1643.97860
578.00000 0.58505 276.87500
579.00000 0.58611 281.14583
580.00000 0.58684 1639.70777
581.00000 0.58718 285.41667
582.00000 0.58828 289.68750
583.00000 0.58891 1635.43693
584.00000 0.58938 293.95833
585.00000 0.59050 298.22917
586.00000 0.59099 1631.16610
587.00000 0.59164 302.50000
588.00000 0.59280 306.77083
589.00000 0.59310 1626.89527
590.00000 0.59397 311.04167
591.00000 0.59517 315.31250
592.00000 0.59523 1622.62443
593.00000 0.59638 319.58333
594.00000 0.59737 1618.35360
595.00000 0.59761 323.85417
596.00000 0.59887 328.12500
597.00000 0.59954 1614.08277
598.00000 0.60015 332.39583
599.00000 0.60146 336.66667
600.00000 0.60173 1609.81193
601.00000 0.60279 340.93750
602.00000 0.60394 1605.54110
603.00000 0.60415 345.20833
604.00000 0.60553 349.47917
605.00000 0.60618 1601.27027
606.00000 0.60695 353.75000
607.00000 0.60841 358.02083
608.00000 0.60844 1596.99943
609.00000 0.60990 362.29167
610.00000 0.61072 1592.72860
611.00000 0.61143 366.56250
612.00000 0.61300 370.83333
613.00000 0.61304 1588.45777
614.00000 0.61462 375.10417
615.00000 0.61537 1584.18693
616.00000 0.61629 379.37500
617.00000 0.61774 1579.91610
618.00000 0.61802 383.64583
619.00000 0.61871 1565.24306
620.00000 0.61871 1565.23878
621.00000 0.61981 387.91667
622.00000 0.62013 1575.64527
623.00000 0.62080 1560.97222
624.00000 0.62167 392.18750
625.00000 0.62255 1571.37443
626.00000 0.62292 1556.70139
627.00000 0.62361 396.45833
628.00000 0.62499 1567.10360
629.00000 0.62507 1552.43056
630.00000 0.62564 400.72917
631.00000 0.62725 1548.15972
632.00000 0.62777 405.00000
633.00000 0.62946 1543.88889
634.00000 0.63003 409.27083
635.00000 0.63171 1539.61806
636.00000 0.63243 413.54166
637.00000 0.63400 1535.34722
638.00000 0.63502 417.81250
639.00000 0.63633 1531.07639
640.00000 0.63784 422.08333
641.00000 0.63871 1526.80556
642.00000 0.64097 426.35416
643.00000 0.64113 1522.53472
644.00000 0.64361 1518.26389
645.00000 0.64454 430.62500
646.00000 0.64614 1513.99306
647.00000 0.64873 1509.72222
648.00000 0.64884 434.89583
649.00000 0.65139 1505.45139
650.00000 0.65412 1501.18056
651.00000 0.65468 439.16666
652.00000 0.65537 439.55492
653.00000 0.65692 440.33144
654.00000 0.65693 1496.90972
655.00000 0.65981 1492.63889
656.00000 0.66148 441.88447
657.00000 0.66279 1488.36806
658.00000 0.66308 442.16684
659.00000 0.66350 442.21818
660.00000 0.66488 442.32086
661.00000 0.66492 442.32255
662.00000 0.66503 442.32595
663.00000 0.66537 442.33274
664.00000 0.66552 442.33376
665.00000 0.66581 442.33223
666.00000 0.66586 1484.09722
667.00000 0.66641 442.31476
668.00000 0.66701 442.27798
669.00000 0.66821 442.14598
670.00000 0.66904 1479.82639
671.00000 0.67061 441.64454
672.00000 0.67233 1475.55556
673.00000 0.67547 439.66414
674.00000 0.67574 1471.28472
675.00000 0.67696 438.79518
676.00000 0.67928 1467.01389
677.00000 0.67946 437.05726
678.00000 0.68297 1462.74306
679.00000 0.68343 433.58142
680.00000 0.68681 1458.47222
681.00000 0.68731 429.31059
682.00000 0.69058 425.03976
683.00000 0.69082 1454.20139
684.00000 0.69345 420.76892
685.00000 0.69500 1449.93056
686.00000 0.69605 416.49809
687.00000 0.69843 412.22726
688.00000 0.69938 1445.65972
689.00000 0.70064 407.95642
690.00000 0.70271 403.68559
691.00000 0.70394 1441.38889
692.00000 0.70467 399.41476
693.00000 0.70652 395.14392
694.00000 0.70829 390.87309
695.00000 0.70870 1437.11806
696.00000 0.70999 386.60226
697.00000 0.71162 382.33142
698.00000 0.71319 378.06059
699.00000 0.71366 1432.84722
700.00000 0.71470 373.78976
701.00000 0.71617 369.51892
702.00000 0.71759 365.24809
703.00000 0.71881 1428.57639
704.00000 0.71896 360.97726
705.00000 0.72030 356.70642
706.00000 0.72161 352.43559
707.00000 0.72288 348.16476
708.00000 0.72412 1424.30556
709.00000 0.72413 343.89392
710.00000 0.72534 339.62309
711.00000 0.72653 335.35226
712.00000 0.72769 331.08143
713.00000 0.72883 326.81059
714.00000 0.72958 1420.03472
715.00000 0.72994 322.53976
716.00000 0.73104 318.26893
717.00000 0.73211 313.99809
718.00000 0.73317 309.72726
719.00000 0.73420 305.45643
720.00000 0.73514 1415.76389
721.00000 0.73522 301.18559
722.00000 0.73623 296.91476
723.00000 0.73721 292.64393
724.00000 0.73818 288.37309
725.00000 0.73914 284.10226
726.00000 0.74009 279.83143
727.00000 0.74075 1411.49306
728.00000 0.74101 275.56059
729.00000 0.74193 271.28976
730.00000 0.74284 267.01893
731.00000 0.74373 262.74809
732.00000 0.74461 258.47726
733.00000 0.74548 254.20643
734.00000 0.74634 249.93559
735.00000 0.74638 1407.22222
736.00000 0.74718 245.66476
737.00000 0.74802 241.39393
738.00000 0.74885 237.12309
739.00000 0.74967 232.85226
740.00000 0.75048 228.58143
741.00000 0.75128 224.31059
742.00000 0.75196 1402.95139
743.00000 0.75207 220.03976
744.00000 0.75286 215.76893
745.00000 0.75363 211.49809
746.00000 0.75440 207.22726
747.00000 0.75516 202.95643
748.00000 0.75568 200.00000
749.00000 0.75745 1398.68056
750.00000 0.76282 1394.40972
751.00000 0.76804 1390.13889
752.00000 0.77308 1385.86806
753.00000 0.77801 1381.59722
754.00000 0.78299 1377.32639
755.00000 0.78802 1373.05556
756.00000 0.79309 1368.78472
757.00000 0.79819 1364.51389
758.00000 0.80333 1360.24306
759.00000 0.80849 1355.97222
760.00000 0.81365 1351.70139
761.00000 0.81882 1347.43056
762.00000 0.82398 1343.15972
763.00000 0.82913 1338.88889
764.00000 0.83425 1334.61806
765.00000 0.83933 1330.34722
766.00000 0.84437 1326.07639
767.00000 0.84937 1321.80556
768.00000 0.85431 1317.53472
769.00000 0.85919 1313.26389
770.00000 0.86400 1308.99306
771.00000 0.86875 1304.72222
772.00000 0.87342 1300.45139
773.00000 0.87803 1296.18056
774.00000 0.88256 1291.90972
775.00000 0.88702 1287.63889
776.00000 0.89140 1283.36806
777.00000 0.89571 1279.09722
778.00000 0.89994 1274.82639
779.00000 0.90411 1270.55556
780.00000 0.90820 1266.28472
781.00000 0.91222 1262.01389
782.00000 0.91618 1257.74306
783.00000 0.92008 1253.47222
784.00000 0.92391 1249.20139
785.00000 0.92769 1244.93056
786.00000 0.93141 1240.65972
787.00000 0.93507 1236.38889
788.00000 0.93869 1232.11806
789.00000 0.94225 1227.84722
790.00000 0.94577 1223.57639
791.00000 0.94925 1219.30556
792.00000 0.95269 1215.03472
793.00000 0.95610 1210.76389
794.00000 0.95948 1206.49306
795.00000 0.96282 1202.22223
796.00000 0.96615 1197.95139
797.00000 0.96946 1193.68056
798.00000 0.97275 1189.40973
799.00000 0.97604 1185.13889
800.00000 0.97933 1180.86806
801.00000 0.98264 1176.59723
802.00000 0.98596 1172.32639
803.00000 0.98931 1168.05556
804.00000 0.99272 1163.78473
805.00000 0.99620 1159.51389
806.00000 0.99978 1155.24306
807.00000 0.99995 1155.04893
808.00000 0.99999 1155.00040
809.00000 1.00000 521.00000
810.00000 1.00000 524.00000
811.00000 1.00000 527.00000
812.00000 1.00000 530.00000
813.00000 1.00000 533.00000
814.00000 1.00000 536.00000
815.00000 1.00000 434.00000
816.00000 1.00000 488.00000
817.00000 1.00000 485.00000
818.00000 1.00000 482.00000
819.00000 1.00000 452.00000
820.00000 1.00000 431.00000
821.00000 1.00000 518.00000
822.00000 1.00000 539.00000
823.00000 1.00000 515.00000
824.00000 1.00000 752.00000
825.00000 1.00000 509.00000
826.00000 1.00000 506.00000
827.00000 1.00000 503.00000
828.00000 1.00000 500.00000
829.00000 1.00000 497.00000
830.00000 1.00000 494.00000
831.00000 1.00000 491.00000
832.00000 1.00000 545.00000
833.00000 1.00000 1154.00000
834.00000 1.00000 761.00000
835.00000 1.00000 764.00000
836.00000 1.00000 767.00000
837.00000 1.00000 770.00000
838.00000 1.00000 437.00000
839.00000 1.00000 512.00000
840.00000 1.00000 440.00000
841.00000 1.00000 653.00000
842.00000 1.00000 446.00000
843.00000 1.00000 656.00000
844.00000 1.00000 773.00000
845.00000 1.00000 650.00000
846.00000 1.00000 647.00000
847.00000 1.00000 644.00000
848.00000 1.00000 641.00000
849.00000 1.00000 638.00000
850.00000 1.00000 635.00000
851.00000 1.00000 632.00000
852.00000 1.00000 629.00000
853.00000 1.00000 626.00000
854.00000 1.00000 623.00000
855.00000 1.00000 620.00000
856.00000 1.00000 617.00000
857.00000 1.00000 614.00000
858.00000 1.00000 551.00000
859.00000 1.00000 668.00000
860.00000 1.00000 548.00000
861.00000 1.00000 542.00000
862.00000 1.00000 476.00000
863.00000 1.00000 473.00000
864.00000 1.00000 470.00000
865.00000 1.00000 467.00000
866.00000 1.00000 464.00000
867.00000 1.00000 461.00000
868.00000 1.00000 458.00000
869.00000 1.00000 479.00000
870.00000 1.00000 455.00000
871.00000 1.00000 449.00000
872.00000 1.00000 443.00000
873.00000 1.00000 776.00000
874.00000 1.00000 866.00000
875.00000 1.00000 782.00000
876.00000 1.00000 854.00000
877.00000 1.00000 887.00000
878.00000 1.00000 890.00000
879.00000 1.00000 893.00000
880.00000 1.00000 896.00000
881.00000 1.00000 899.00000
882.00000 1.00000 902.00000
883.00000 1.00000 905.00000
884.00000 1.00000 797.00000
885.00000 1.00000 857.00000
886.00000 1.00000 851.00000
887.00000 1.00000 821.00000
888.00000 1.00000 800.00000
889.00000 1.00000 803.00000
890.00000 1.00000 806.00000
891.00000 1.00000 809.00000
892.00000 1.00000 812.00000
893.00000 1.00000 815.00000
894.00000 1.00000 848.00000
895.00000 1.00000 818.00000
896.00000 1.00000 824.00000
897.00000 1.00000 827.00000
898.00000 1.00000 830.00000
899.00000 1.00000 833.00000
900.00000 1.00000 836.00000
901.00000 1.00000 839.00000
902.00000 1.00000 842.00000
903.00000 1.00000 845.00000
904.00000 1.00000 1154.98810
905.00000 1.00000 884.00000
906.00000 1.00000 779.00000
907.00000 1.00000 878.00000
908.00000 1.00000 872.00000
909.00000 1.00000 908.00000
910.00000 1.00000 734.00000
911.00000 1.00000 731.00000
912.00000 1.00000 728.00000
913.00000 1.00000 698.00000
914.00000 1.00000 677.00000
915.00000 1.00000 680.00000
916.00000 1.00000 683.00000
917.00000 1.00000 686.00000
918.00000 1.00000 689.00000
919.00000 1.00000 692.00000
920.00000 1.00000 695.00000
921.00000 1.00000 701.00000
922.00000 1.00000 725.00000
923.00000 1.00000 704.00000
924.00000 1.00000 707.00000
925.00000 1.00000 710.00000
926.00000 1.00000 713.00000
927.00000 1.00000 716.00000
928.00000 1.00000 719.00000
929.00000 1.00000 722.00000
930.00000 1.00000 788.00000
931.00000 1.00000 785.00000
932.00000 1.00000 794.00000
933.00000 1.00000 881.00000
934.00000 1.00000 860.00000
935.00000 1.00000 863.00000
936.00000 1.00000 659.00000
937.00000 1.00000 869.00000
938.00000 1.00000 875.00000
939.00000 1.00000 1151.00000
940.00000 1.00000 611.00000
941.00000 1.00000 608.00000
942.00000 1.00000 974.00000
943.00000 1.00000 971.00000
944.00000 1.00000 941.00000
945.00000 1.00000 920.00000
946.00000 1.00000 923.00000
947.00000 1.00000 926.00000
948.00000 1.00000 929.00000
949.00000 1.00000 932.00000
950.00000 1.00000 935.00000
951.00000 1.00000 977.00000
952.00000 1.00000 938.00000
953.00000 1.00000 968.00000
954.00000 1.00000 947.00000
955.00000 1.00000 950.00000
956.00000 1.00000 953.00000
957.00000 1.00000 956.00000
958.00000 1.00000 959.00000
959.00000 1.00000 962.00000
960.00000 1.00000 965.00000
961.00000 1.00000 1031.00000
962.00000 1.00000 944.00000
963.00000 1.00000 1034.00000
964.00000 1.00000 1028.00000
965.00000 1.00000 1022.00000
966.00000 1.00000 353.00000
967.00000 1.00000 356.00000
968.00000 1.00000 665.00000
969.00000 1.00000 662.00000
970.00000 1.00000 671.00000
971.00000 1.00000 914.00000
972.00000 1.00000 980.00000
973.00000 1.00000 983.00000
974.00000 1.00000 986.00000
975.00000 1.00000 1025.00000
976.00000 1.00000 989.00000
977.00000 1.00000 995.00000
978.00000 1.00000 998.00000
979.00000 1.00000 1001.00000
980.00000 1.00000 1004.00000
981.00000 1.00000 1007.00000
982.00000 1.00000 1010.00000
983.00000 1.00000 1013.00000
984.00000 1.00000 1016.00000
985.00000 1.00000 1019.00000
986.00000 1.00000 992.00000
987.00000 1.00000 350.00000
988.00000 1.00000 1037.00000
989.00000 1.00000 1103.00000
990.00000 1.00000 1058.00000
991.00000 1.00000 1061.00000
992.00000 1.00000 1067.00000
993.00000 1.00000 1091.00000
994.00000 1.00000 1070.00000
995.00000 1.00000 1073.00000
996.00000 1.00000 1076.00000
997.00000 1.00000 1079.00000
998.00000 1.00000 1082.00000
999.00000 1.00000 1055.00000
1000.00000 1.00000 1085.00000
1001.00000 1.00000 674.00000
1002.00000 1.00000 917.00000
1003.00000 1.00000 911.00000
1004.00000 1.00000 791.00000
1005.00000 1.00000 737.00000
1006.00000 1.00000 740.00000
1007.00000 1.00000 743.00000
1008.00000 1.00000 746.00000
1009.00000 1.00000 749.00000
1010.00000 1.00000 1088.00000
1011.00000 1.00000 1124.00000
1012.00000 1.00000 1052.00000
1013.00000 1.00000 1046.00000
1014.00000 1.00000 1106.00000
1015.00000 1.00000 1109.00000
1016.00000 1.00000 1112.00000
1017.00000 1.00000 1115.00000
1018.00000 1.00000 1118.00000
1019.00000 1.00000 1121.00000
1020.00000 1.00000 1127.00000
1021.00000 1.00000 1097.00000
1022.00000 1.00000 1130.00000
1023.00000 1.00000 1049.00000
1024.00000 1.00000 1133.00000
1025.00000 1.00000 1139.00000
1026.00000 1.00000 1142.00000
1027.00000 1.00000 1145.00000
1028.00000 1.00000 1148.00000
1029.00000 1.00000 1100.00000
1030.00000 1.00000 1094.00000
1031.00000 1.00000 1040.00000
1032.00000 1.00000 1064.00000
1033.00000 1.00000 1043.00000
1034.00000 1.00000 1136.00000
1035.00000 1.00000 347.00000
1036.00000 1.00000 344.00000
1037.00000 1.00000 341.00000
1038.00000 1.00000 254.00000
1039.00000 1.00000 257.00000
1040.00000 1.00000 260.00000
1041.00000 1.00000 263.00000
1042.00000 1.00000 266.00000
1043.00000 1.00000 269.00000
1044.00000 1.00000 272.00000
1045.00000 1.00000 275.00000
1046.00000 1.00000 278.00000
1047.00000 1.00000 251.00000
1048.00000 1.00000 281.00000
1049.00000 1.00000 287.00000
1050.00000 1.00000 290.00000
1051.00000 1.00000 293.00000
1052.00000 1.00000 296.00000
1053.00000 1.00000 245.00000
1054.00000 1.00000 242.00000
1055.00000 1.00000 239.00000
1056.00000 1.00000 209.00000
1057.00000 1.00000 1154.98810
1058.00000 1.00000 284.00000
1059.00000 1.00000 1154.98812
1060.00000 1.00000 248.00000
1061.00000 1.00000 422.00000
1062.00000 1.00000 605.00000
1063.00000 1.00000 575.00000
1064.00000 1.00000 554.00000
1065.00000 1.00000 557.00000
1066.00000 1.00000 560.00000
1067.00000 1.00000 563.00000
1068.00000 1.00000 566.00000
1069.00000 1.00000 569.00000
1070.00000 1.00000 572.00000
1071.00000 1.00000 419.00000
1072.00000 1.00000 578.00000
1073.00000 1.00000 581.00000
1074.00000 1.00000 584.00000
1075.00000 1.00000 587.00000
1076.00000 1.00000 590.00000
1077.00000 1.00000 593.00000
1078.00000 1.00000 596.00000
1079.00000 1.00000 599.00000
1080.00000 1.00000 428.00000
1081.00000 1.00000 425.00000
1082.00000 1.00000 602.00000
1083.00000 1.00000 1154.98817
1084.00000 1.00000 1154.98826
1085.00000 1.00000 200.00000
1086.00000 1.00000 401.00000
1087.00000 1.00000 404.00000
1088.00000 1.00000 407.00000
1089.00000 1.00000 410.00000
1090.00000 1.00000 413.00000
1091.00000 1.00000 416.00000
1092.00000 1.00000 368.00000
1093.00000 1.00000 362.00000
1094.00000 1.00000 308.00000
1095.00000 1.00000 758.00000
1096.00000 1.00000 332.00000
1097.00000 1.00000 314.00000
1098.00000 1.00000 317.00000
1099.00000 1.00000 320.00000
1100.00000 1.00000 323.00000
1101.00000 1.00000 326.00000
1102.00000 1.00000 329.00000
1103.00000 1.00000 335.00000
1104.00000 1.00000 359.00000
1105.00000 1.00000 338.00000
1106.00000 1.00000 311.00000
1107.00000 1.00000 365.00000
1108.00000 1.00000 395.00000
1109.00000 1.00000 389.00000
1110.00000 1.00000 203.00000
1111.00000 1.00000 206.00000
1112.00000 1.00000 212.00000
1113.00000 1.00000 236.00000
1114.00000 1.00000 215.00000
1115.00000 1.00000 218.00000
1116.00000 1.00000 221.00000
1117.00000 1.00000 224.00000
1118.00000 1.00000 227.00000
1119.00000 1.00000 230.00000
1120.00000 1.00000 233.00000
1121.00000 1.00000 299.00000
1122.00000 1.00000 302.00000
1123.00000 1.00000 305.00000
1124.00000 1.00000 392.00000
1125.00000 1.00000 371.00000
1126.00000 1.00000 374.00000
1127.00000 1.00000 377.00000
1128.00000 1.00000 380.00000
1129.00000 1.00000 383.00000
1130.00000 1.00000 386.00000
1131.00000 1.00000 755.00000
1132.00000 1.00000 398.00000
