0.00000 0.00000 1619.00000
1.00000 0.00000 1589.00000
2.00000 0.00000 1586.00000
3.00000 0.00000 1583.00000
4.00000 0.00000 1580.00000
5.00000 0.00000 1571.00000
6.00000 0.00000 1529.00000
7.00000 0.00000 1568.00000
8.00000 0.00000 1565.00000
9.00000 0.00000 1562.00000
10.00000 0.00000 1559.00000
11.00000 0.00000 1556.00000
12.00000 0.00000 1553.00000
13.00000 0.00000 1550.00000
14.00000 0.00000 1547.00000
15.00000 0.00000 1592.00000
16.00000 0.00000 1544.00000
17.00000 0.00000 1538.00000
18.00000 0.00000 1535.00000
19.00000 0.00000 1532.00000
20.00000 0.00000 1454.00000
21.00000 0.00000 1451.00000
22.00000 0.00000 1448.00000
23.00000 0.00000 1307.00000
24.00000 0.00000 1346.00000
25.00000 0.00000 1343.00000
26.00000 0.00000 1340.00000
27.00000 0.00000 1337.00000
28.00000 0.00000 1334.00000
29.00000 0.00000 1331.00000
30.00000 0.00000 1328.00000
31.00000 0.00000 1541.00000
32.00000 0.00000 1325.00000
33.00000 0.00000 1595.00000
34.00000 0.00000 1601.00000
35.00000 0.00000 1810.95615
36.00000 0.00000 977.00000
37.00000 0.00000 1810.95713
38.00000 0.00000 1810.95725
39.00000 0.00000 1810.95725
40.00000 0.00000 1505.00000
41.00000 0.00000 1502.00000
42.00000 0.00000 1499.00000
43.00000 0.00000 1496.00000
44.00000 0.00000 1493.00000
45.00000 0.00000 1490.00000
46.00000 0.00000 1487.00000
47.00000 0.00000 1484.00000
48.00000 0.00000 1481.00000
49.00000 0.00000 1598.00000
50.00000 0.00000 1478.00000
51.00000 0.00000 1472.00000
52.00000 0.00000 1469.00000
53.00000 0.00000 1466.00000
54.00000 0.00000 1463.00000
55.00000 0.00000 1460.00000
56.00000 0.00000 1457.00000
57.00000 0.00000 1520.00000
58.00000 0.00000 1523.00000
59.00000 0.00000 1526.00000
60.00000 0.00000 1574.00000
61.00000 0.00000 1613.00000
62.00000 0.00000 1610.00000
63.00000 0.00000 1607.00000
64.00000 0.00000 1604.00000
65.00000 0.00000 1475.00000
66.00000 0.00000 1810.95599
67.00000 0.00000 1322.00000
68.00000 0.00000 1316.00000
69.00000 0.00000 1400.00000
70.00000 0.00000 1358.00000
71.00000 0.00000 1397.00000
72.00000 0.00000 1394.00000
73.00000 0.00000 1391.00000
74.00000 0.00000 1388.00000
75.00000 0.00000 1385.00000
76.00000 0.00000 1382.00000
77.00000 0.00000 1379.00000
78.00000 0.00000 1376.00000
79.00000 0.00000 1373.00000
80.00000 0.00000 1370.00000
81.00000 0.00000 1367.00000
82.00000 0.00000 1364.00000
83.00000 0.00000 1406.00000
84.00000 0.00000 1361.00000
85.00000 0.00000 764.00000
86.00000 0.00000 974.00000
87.00000 0.00000 971.00000
88.00000 0.00000 383.00000
89.00000 0.00000 386.00000
90.00000 0.00000 389.00000
91.00000 0.00000 392.00000
92.00000 0.00000 395.00000
93.00000 0.00000 398.00000
94.00000 0.00000 401.00000
95.00000 0.00000 404.00000
96.00000 0.00000 407.00000
97.00000 0.00000 410.00000
98.00000 0.00000 413.00000
99.00000 0.00000 980.00000
100.00000 0.00000 1319.00000
101.00000 0.00000 1409.00000
102.00000 0.00000 1415.00000
103.00000 0.00000 1313.00000
104.00000 0.00000 1310.00000
105.00000 0.00000 1304.00000
106.00000 0.00000 1352.00000
107.00000 0.00000 1301.00000
108.00000 0.00000 1298.00000
109.00000 0.00000 1295.00000
110.00000 0.00000 1292.00000
111.00000 0.00000 1289.00000
112.00000 0.00000 1286.00000
113.00000 0.00000 1283.00000
114.00000 0.00000 1280.00000
115.00000 0.00000 1277.00000
116.00000 0.00000 1274.00000
117.00000 0.00000 1412.00000
118.00000 0.00000 1271.00000
119.00000 0.00000 1265.00000
120.00000 0.00000 1349.00000
121.00000 0.00000 1355.00000
122.00000 0.00000 1445.00000
123.00000 0.00000 1403.00000
124.00000 0.00000 1442.00000
125.00000 0.00000 1439.00000
126.00000 0.00000 1436.00000
127.00000 0.00000 1433.00000
128.00000 0.00000 1430.00000
129.00000 0.00000 1427.00000
130.00000 0.00000 1424.00000
131.00000 0.00000 1421.00000
132.00000 0.00000 1418.00000
133.00000 0.00000 1268.00000
134.00000 0.00000 1810.95509
135.00000 0.00000 1810.95464
136.00000 0.00000 1508.00000
137.00000 0.00000 1805.00000
138.00000 0.00000 1163.00000
139.00000 0.00000 1196.00000
140.00000 0.00000 1166.00000
141.00000 0.00000 1169.00000
142.00000 0.00000 1172.00000
143.00000 0.00000 1175.00000
144.00000 0.00000 1178.00000
145.00000 0.00000 1181.00000
146.00000 0.00000 1193.00000
147.00000 0.00000 1199.00000
148.00000 0.00000 1247.00000
149.00000 0.00000 1226.00000
150.00000 0.00000 1244.00000
151.00000 0.00000 1802.00000
152.00000 0.00000 1241.00000
153.00000 0.00000 1235.00000
154.00000 0.00000 1232.00000
155.00000 0.00000 1229.00000
156.00000 0.00000 1223.00000
157.00000 0.00000 1202.00000
158.00000 0.00000 1220.00000
159.00000 0.00000 1217.00000
160.00000 0.00000 1214.00000
161.00000 0.00000 1211.00000
162.00000 0.00000 1208.00000
163.00000 0.00000 1205.00000
164.00000 0.00000 1718.00000
165.00000 0.00000 1007.00000
166.00000 0.00000 1712.00000
167.00000 0.00000 1238.00000
168.00000 0.00000 1709.00000
169.00000 0.00000 1799.00000
170.00000 0.00000 1793.00000
171.00000 0.00000 1769.00000
172.00000 0.00000 1790.00000
173.00000 0.00000 1787.00000
174.00000 0.00000 1784.00000
175.00000 0.00000 1781.00000
176.00000 0.00000 1778.00000
177.00000 0.00000 1775.00000
178.00000 0.00000 1772.00000
179.00000 0.00000 1187.00000
180.00000 0.00000 1763.00000
181.00000 0.00000 1736.00000
182.00000 0.00000 1721.00000
183.00000 0.00000 1724.00000
184.00000 0.00000 1727.00000
185.00000 0.00000 1796.00000
186.00000 0.00000 1730.00000
187.00000 0.00000 1733.00000
188.00000 0.00000 1739.00000
189.00000 0.00000 1760.00000
190.00000 0.00000 1742.00000
191.00000 0.00000 1745.00000
192.00000 0.00000 1748.00000
193.00000 0.00000 1751.00000
194.00000 0.00000 1754.00000
195.00000 0.00000 1757.00000
196.00000 0.00000 1766.00000
197.00000 0.00000 1250.00000
198.00000 0.00000 1184.00000
199.00000 0.00000 1808.00000
200.00000 0.00000 1190.00000
201.00000 0.00000 1715.00000
202.00000 0.00000 1067.00000
203.00000 0.00000 1064.00000
204.00000 0.00000 1061.00000
205.00000 0.00000 1148.00000
206.00000 0.00000 1145.00000
207.00000 0.00000 1142.00000
208.00000 0.00000 1139.00000
209.00000 0.00000 1136.00000
210.00000 0.00000 1133.00000
211.00000 0.00000 1130.00000
212.00000 0.00000 1127.00000
213.00000 0.00000 1121.00000
214.00000 0.00000 1079.00000
215.00000 0.00000 1118.00000
216.00000 0.00000 1115.00000
217.00000 0.00000 1112.00000
218.00000 0.00000 1109.00000
219.00000 0.00000 1151.00000
220.00000 0.00000 1106.00000
221.00000 0.00000 1100.00000
222.00000 0.00000 1097.00000
223.00000 0.00000 1094.00000
224.00000 0.00000 1091.00000
225.00000 0.00000 1088.00000
226.00000 0.00000 1085.00000
227.00000 0.00000 1082.00000
228.00000 0.00000 1253.00000
229.00000 0.00000 1810.95648
230.00000 0.00000 1259.00000
231.00000 0.00000 1262.00000
232.00000 0.00000 1517.00000
233.00000 0.00000 1514.00000
234.00000 0.00000 1511.00000
235.00000 0.00000 1103.00000
236.00000 0.00000 1154.00000
237.00000 0.00000 1157.00000
238.00000 0.00000 1160.00000
239.00000 0.00000 1058.00000
240.00000 0.00000 1055.00000
241.00000 0.00000 1052.00000
242.00000 0.00000 1049.00000
243.00000 0.00000 1046.00000
244.00000 0.00000 1043.00000
245.00000 0.00000 1040.00000
246.00000 0.00000 1037.00000
247.00000 0.00000 1034.00000
248.00000 0.00000 1031.00000
249.00000 0.00000 1028.00000
250.00000 0.00000 1025.00000
251.00000 0.00000 1022.00000
252.00000 0.00000 1019.00000
253.00000 0.00000 1016.00000
254.00000 0.00000 1013.00000
255.00000 0.00000 1010.00000
256.00000 0.00000 1706.00000
257.00000 0.00000 1124.00000
258.00000 0.00000 1076.00000
259.00000 0.00000 1073.00000
260.00000 0.00000 1070.00000
261.00000 0.00000 983.00000
262.00000 0.00000 416.00000
263.00000 0.00000 986.00000
264.00000 0.00000 992.00000
265.00000 0.00000 995.00000
266.00000 0.00000 998.00000
267.00000 0.00000 1001.00000
268.00000 0.00000 1004.00000
269.00000 0.00000 1256.00000
270.00000 0.00000 989.00000
271.00000 0.00000 419.00000
272.00000 0.00000 1577.00000
273.00000 0.00000 425.00000
274.00000 0.00000 944.00000
275.00000 0.00000 950.00000
276.00000 0.00000 923.00000
277.00000 0.00000 953.00000
278.00000 0.00000 956.00000
279.00000 0.00000 959.00000
280.00000 0.00000 962.00000
281.00000 0.00000 965.00000
282.00000 0.00000 968.00000
283.00000 0.00000 926.00000
284.00000 0.00000 920.00000
285.00000 0.00000 872.00000
286.00000 0.00000 893.00000
287.00000 0.00000 875.00000
288.00000 0.00000 941.00000
289.00000 0.00000 878.00000
290.00000 0.00000 884.00000
291.00000 0.00000 887.00000
292.00000 0.00000 890.00000
293.00000 0.00000 896.00000
294.00000 0.00000 917.00000
295.00000 0.00000 899.00000
296.00000 0.00000 902.00000
297.00000 0.00000 905.00000
298.00000 0.00000 908.00000
299.00000 0.00000 911.00000
300.00000 0.00000 914.00000
301.00000 0.00000 761.00000
302.00000 0.00000 755.00000
303.00000 0.00000 545.00000
304.00000 0.00000 881.00000
305.00000 0.00000 620.00000
306.00000 0.00000 938.00000
307.00000 0.00000 932.00000
308.00000 0.00000 815.00000
309.00000 0.00000 845.00000
310.00000 0.00000 848.00000
311.00000 0.00000 851.00000
312.00000 0.00000 854.00000
313.00000 0.00000 857.00000
314.00000 0.00000 860.00000
315.00000 0.00000 818.00000
316.00000 0.00000 812.00000
317.00000 0.00000 866.00000
318.00000 0.00000 785.00000
319.00000 0.00000 767.00000
320.00000 0.00000 770.00000
321.00000 0.00000 773.00000
322.00000 0.00000 935.00000
323.00000 0.00000 776.00000
324.00000 0.00000 782.00000
325.00000 0.00000 788.00000
326.00000 0.00000 809.00000
327.00000 0.00000 791.00000
328.00000 0.00000 794.00000
329.00000 0.00000 797.00000
330.00000 0.00000 800.00000
331.00000 0.00000 803.00000
332.00000 0.00000 806.00000
333.00000 0.00000 863.00000
334.00000 0.00000 869.00000
335.00000 0.00000 758.00000
336.00000 0.00000 947.00000
337.00000 0.00000 929.00000
338.00000 0.00000 779.00000
339.00000 0.00000 602.00000
340.00000 0.00000 605.00000
341.00000 0.00000 608.00000
342.00000 0.00000 716.00000
343.00000 0.00000 719.00000
344.00000 0.00000 722.00000
345.00000 0.00000 725.00000
346.00000 0.00000 731.00000
347.00000 0.00000 704.00000
348.00000 0.00000 734.00000
349.00000 0.00000 737.00000
350.00000 0.00000 740.00000
351.00000 0.00000 743.00000
352.00000 0.00000 746.00000
353.00000 0.00000 749.00000
354.00000 0.00000 707.00000
355.00000 0.00000 701.00000
356.00000 0.00000 713.00000
357.00000 0.00000 653.00000
358.00000 0.00000 656.00000
359.00000 0.00000 659.00000
360.00000 0.00000 662.00000
361.00000 0.00000 665.00000
362.00000 0.00000 668.00000
363.00000 0.00000 671.00000
364.00000 0.00000 677.00000
365.00000 0.00000 698.00000
366.00000 0.00000 680.00000
367.00000 0.00000 683.00000
368.00000 0.00000 686.00000
369.00000 0.00000 689.00000
370.00000 0.00000 692.00000
371.00000 0.00000 695.00000
372.00000 0.00000 674.00000
373.00000 0.00000 710.00000
374.00000 0.00000 728.00000
375.00000 0.00000 752.00000
376.00000 0.00000 611.00000
377.00000 0.00000 614.00000
378.00000 0.00000 617.00000
379.00000 0.00000 623.00000
380.00000 0.00000 596.00000
381.00000 0.00000 626.00000
382.00000 0.00000 629.00000
383.00000 0.00000 632.00000
384.00000 0.00000 635.00000
385.00000 0.00000 638.00000
386.00000 0.00000 641.00000
387.00000 0.00000 599.00000
388.00000 0.00000 593.00000
389.00000 0.00000 647.00000
390.00000 0.00000 566.00000
391.00000 0.00000 548.00000
392.00000 0.00000 551.00000
393.00000 0.00000 650.00000
394.00000 0.00000 644.00000
395.00000 0.00000 587.00000
396.00000 0.00000 584.00000
397.00000 0.00000 581.00000
398.00000 0.00000 422.00000
399.00000 0.00000 842.00000
400.00000 0.00000 575.00000
401.00000 0.00000 590.00000
402.00000 0.00000 569.00000
403.00000 0.00000 563.00000
404.00000 0.00000 560.00000
405.00000 0.00000 557.00000
406.00000 0.00000 554.00000
407.00000 0.00000 572.00000
408.00000 0.00000 836.00000
409.00000 0.00000 578.00000
410.00000 0.00000 830.00000
411.00000 0.00000 530.00000
412.00000 0.00000 533.00000
413.00000 0.00000 491.00000
414.00000 0.00000 485.00000
415.00000 0.00000 437.00000
416.00000 0.00000 458.00000
417.00000 0.00000 440.00000
418.00000 0.00000 443.00000
419.00000 0.00000 446.00000
420.00000 0.00000 449.00000
421.00000 0.00000 452.00000
422.00000 0.00000 455.00000
423.00000 0.00000 461.00000
424.00000 0.00000 482.00000
425.00000 0.00000 527.00000
426.00000 0.00000 464.00000
427.00000 0.00000 470.00000
428.00000 0.00000 473.00000
429.00000 0.00000 476.00000
430.00000 0.00000 326.00000
431.00000 0.00000 323.00000
432.00000 0.00000 320.00000
433.00000 0.00000 1634.00000
434.00000 0.00000 1652.00000
435.00000 0.00000 1649.00000
436.00000 0.00000 1646.00000
437.00000 0.00000 1643.00000
438.00000 0.00000 1640.00000
439.00000 0.00000 1637.00000
440.00000 0.00000 1631.00000
441.00000 0.00000 467.00000
442.00000 0.00000 1658.00000
443.00000 0.00000 524.00000
444.00000 0.00000 518.00000
445.00000 0.00000 380.00000
446.00000 0.00000 377.00000
447.00000 0.00000 374.00000
448.00000 0.00000 347.00000
449.00000 0.00000 329.00000
450.00000 0.00000 332.00000
451.00000 0.00000 335.00000
452.00000 0.00000 338.00000
453.00000 0.00000 341.00000
454.00000 0.00000 344.00000
455.00000 0.00000 350.00000
456.00000 0.00000 371.00000
457.00000 0.00000 353.00000
458.00000 0.00000 356.00000
459.00000 0.00000 521.00000
460.00000 0.00000 359.00000
461.00000 0.00000 365.00000
462.00000 0.00000 368.00000
463.00000 0.00000 428.00000
464.00000 0.00000 431.00000
465.00000 0.00000 434.00000
466.00000 0.00000 512.00000
467.00000 0.00000 494.00000
468.00000 0.00000 497.00000
469.00000 0.00000 500.00000
470.00000 0.00000 503.00000
471.00000 0.00000 506.00000
472.00000 0.00000 509.00000
473.00000 0.00000 515.00000
474.00000 0.00000 488.00000
475.00000 0.00000 362.00000
476.00000 0.00000 1628.00000
477.00000 0.00000 479.00000
478.00000 0.00000 1622.00000
479.00000 0.00000 299.00000
480.00000 0.00000 302.00000
481.00000 0.00000 305.00000
482.00000 0.00000 308.00000
483.00000 0.00000 311.00000
484.00000 0.00000 314.00000
485.00000 0.00000 272.00000
486.00000 0.00000 266.00000
487.00000 0.00000 218.00000
488.00000 0.00000 239.00000
489.00000 0.00000 221.00000
490.00000 0.00000 1625.00000
491.00000 0.00000 227.00000
492.00000 0.00000 230.00000
493.00000 0.00000 233.00000
494.00000 0.00000 236.00000
495.00000 0.00000 242.00000
496.00000 0.00000 827.00000
497.00000 0.00000 824.00000
498.00000 0.00000 821.00000
499.00000 0.00000 839.00000
500.00000 0.00000 542.00000
501.00000 0.00000 539.00000
502.00000 0.00000 269.00000
503.00000 0.00000 536.00000
504.00000 0.00000 257.00000
505.00000 0.00000 254.00000
506.00000 0.00000 251.00000
507.00000 0.00000 248.00000
508.00000 0.00000 245.00000
509.00000 0.00000 263.00000
510.00000 0.00000 260.00000
511.00000 0.00000 296.00000
512.00000 0.00000 224.00000
513.00000 0.00000 287.00000
514.00000 0.00000 200.00000
515.00000 0.00000 290.00000
516.00000 0.00000 206.00000
517.00000 0.00000 1655.00000
518.00000 0.00000 1661.00000
519.00000 0.00000 212.00000
520.00000 0.00000 1688.00000
521.00000 0.00000 1616.00000
522.00000 0.00000 1703.00000
523.00000 0.00000 1700.00000
524.00000 0.00000 1697.00000
525.00000 0.00000 1694.00000
526.00000 0.00000 1691.00000
527.00000 0.00000 1685.00000
528.00000 0.00000 1664.00000
529.00000 0.00000 203.00000
530.00000 0.00000 1679.00000
531.00000 0.00000 284.00000
532.00000 0.00000 281.00000
533.00000 0.00000 278.00000
534.00000 0.00000 833.00000
535.00000 0.00000 293.00000
536.00000 0.00000 317.00000
537.00000 0.00000 275.00000
538.00000 0.00000 209.00000
539.00000 0.00000 1667.00000
540.00000 0.00000 1670.00000
541.00000 0.00000 1673.00000
542.00000 0.00000 1682.00000
543.00000 0.00000 1676.00000
544.00000 0.00000 215.00000
545.00000 0.00001 1810.92749
546.00000 0.00001 1810.91391
547.00000 0.00002 1810.90712
548.00000 0.00003 1810.86978
549.00000 0.00009 1810.66442
550.00000 0.00012 1810.56174
551.00000 0.00030 1809.99701
552.00000 0.00039 1809.71464
553.00000 0.00043 1809.57345
554.00000 0.00059 503.22916
555.00000 0.00062 507.50000
556.00000 0.00065 511.77083
557.00000 0.00068 1808.79694
558.00000 0.00069 516.04166
559.00000 0.00072 520.31250
560.00000 0.00076 524.58333
561.00000 0.00080 1808.40868
562.00000 0.00080 528.85416
563.00000 0.00084 533.12500
564.00000 0.00088 537.39583
565.00000 0.00092 541.66666
566.00000 0.00097 545.93750
567.00000 0.00101 550.20833
568.00000 0.00106 554.47916
569.00000 0.00111 558.75000
570.00000 0.00116 563.02083
571.00000 0.00121 567.29166
572.00000 0.00127 571.56250
573.00000 0.00132 575.83333
574.00000 0.00138 580.10416
575.00000 0.00144 584.37500
576.00000 0.00150 588.64583
577.00000 0.00156 592.91666
578.00000 0.00162 597.18750
579.00000 0.00169 601.45833
580.00000 0.00175 605.72916
581.00000 0.00182 610.00000
582.00000 0.00189 614.27083
583.00000 0.00196 618.54166
584.00000 0.00204 622.81250
585.00000 0.00211 627.08333
586.00000 0.00215 1804.13785
587.00000 0.00219 631.35416
588.00000 0.00227 635.62500
589.00000 0.00235 639.89583
590.00000 0.00244 644.16666
591.00000 0.00252 648.43750
592.00000 0.00261 652.70833
593.00000 0.00270 656.97916
594.00000 0.00279 661.25000
595.00000 0.00288 665.52083
596.00000 0.00298 669.79166
597.00000 0.00308 674.06250
598.00000 0.00318 678.33333
599.00000 0.00328 682.60416
600.00000 0.00338 686.87500
601.00000 0.00349 691.14583
602.00000 0.00352 1799.86701
603.00000 0.00360 695.41666
604.00000 0.00371 699.68750
605.00000 0.00382 703.95833
606.00000 0.00394 708.22916
607.00000 0.00406 712.50000
608.00000 0.00418 716.77083
609.00000 0.00430 721.04166
610.00000 0.00443 725.31250
611.00000 0.00455 729.58333
612.00000 0.00468 733.85416
613.00000 0.00482 738.12500
614.00000 0.00489 1795.59618
615.00000 0.00495 742.39583
616.00000 0.00509 746.66666
617.00000 0.00523 750.93750
618.00000 0.00537 755.20833
619.00000 0.00552 759.47916
620.00000 0.00566 763.75000
621.00000 0.00582 768.02083
622.00000 0.00597 772.29166
623.00000 0.00612 776.56250
624.00000 0.00628 1791.32535
625.00000 0.00628 780.83333
626.00000 0.00645 785.10416
627.00000 0.00661 789.37500
628.00000 0.00678 793.64583
629.00000 0.00695 797.91666
630.00000 0.00712 802.18750
631.00000 0.00730 806.45833
632.00000 0.00748 810.72916
633.00000 0.00766 815.00000
634.00000 0.00768 1787.05451
635.00000 0.00785 819.27083
636.00000 0.00803 823.54166
637.00000 0.00823 827.81250
638.00000 0.00842 832.08333
639.00000 0.00862 836.35416
640.00000 0.00882 840.62500
641.00000 0.00903 844.89583
642.00000 0.00909 1782.78368
643.00000 0.00924 849.16666
644.00000 0.00945 853.43749
645.00000 0.00967 857.70833
646.00000 0.00989 861.97916
647.00000 0.01011 866.24999
648.00000 0.01034 870.52083
649.00000 0.01051 1778.51285
650.00000 0.01057 874.79166
651.00000 0.01080 879.06249
652.00000 0.01104 883.33333
653.00000 0.01129 887.60416
654.00000 0.01153 891.87499
655.00000 0.01179 896.14583
656.00000 0.01193 1774.24201
657.00000 0.01204 900.41666
658.00000 0.01230 904.68749
659.00000 0.01257 908.95833
660.00000 0.01284 913.22916
661.00000 0.01311 917.49999
662.00000 0.01337 1769.97118
663.00000 0.01339 921.77083
664.00000 0.01368 926.04166
665.00000 0.01397 930.31249
666.00000 0.01426 934.58333
667.00000 0.01457 938.85416
668.00000 0.01483 1765.70035
669.00000 0.01487 943.12499
670.00000 0.01518 947.39583
671.00000 0.01550 951.66666
672.00000 0.01583 955.93749
673.00000 0.01616 960.20833
674.00000 0.01629 1761.42951
675.00000 0.01650 964.47916
676.00000 0.01684 968.74999
677.00000 0.01719 973.02083
678.00000 0.01755 977.29166
679.00000 0.01776 1757.15868
680.00000 0.01792 981.56249
681.00000 0.01829 985.83333
682.00000 0.01867 990.10416
683.00000 0.01906 994.37499
684.00000 0.01924 1752.88785
685.00000 0.01946 998.64583
686.00000 0.01987 1002.91666
687.00000 0.02028 1007.18749
688.00000 0.02071 1011.45833
689.00000 0.02073 1748.61701
690.00000 0.02115 1015.72916
691.00000 0.02159 1019.99999
692.00000 0.02205 1024.27083
693.00000 0.02223 1744.34618
694.00000 0.02252 1028.54166
695.00000 0.02300 1032.81249
696.00000 0.02345 1037.08333
697.00000 0.02375 1740.07535
698.00000 0.02391 1041.35416
699.00000 0.02436 1045.62499
700.00000 0.02482 1049.89583
701.00000 0.02527 1735.80451
702.00000 0.02528 1054.16666
703.00000 0.02574 1058.43749
704.00000 0.02621 1062.70833
705.00000 0.02668 1066.97916
706.00000 0.02681 1731.53368
707.00000 0.02715 1071.24999
708.00000 0.02763 1075.52083
709.00000 0.02811 1079.79166
710.00000 0.02835 1727.26285
711.00000 0.02859 1084.06249
712.00000 0.02907 1088.33333
713.00000 0.02956 1092.60416
714.00000 0.02991 1722.99201
715.00000 0.03005 1096.87499
716.00000 0.03054 1101.14583
717.00000 0.03103 1105.41666
718.00000 0.03148 1718.72118
719.00000 0.03153 1109.68749
720.00000 0.03203 1113.95833
721.00000 0.03254 1118.22916
722.00000 0.03304 1122.49999
723.00000 0.03306 1714.45035
724.00000 0.03355 1126.77083
725.00000 0.03406 1131.04166
726.00000 0.03458 1135.31249
727.00000 0.03466 1710.17951
728.00000 0.03509 1139.58333
729.00000 0.03561 1143.85416
730.00000 0.03613 1148.12499
731.00000 0.03626 1705.90868
732.00000 0.03666 1152.39583
733.00000 0.03719 1156.66666
734.00000 0.03771 1160.93749
735.00000 0.03788 1701.63785
736.00000 0.03825 1165.20833
737.00000 0.03878 1169.47916
738.00000 0.03932 1173.74999
739.00000 0.03951 1697.36701
740.00000 0.03986 1178.02083
741.00000 0.04040 1182.29166
742.00000 0.04094 1186.56249
743.00000 0.04115 1693.09618
744.00000 0.04149 1190.83333
745.00000 0.04204 1195.10416
746.00000 0.04259 1199.37499
747.00000 0.04281 1688.82535
748.00000 0.04314 1203.64583
749.00000 0.04370 1207.91666
750.00000 0.04425 1212.18749
751.00000 0.04448 1684.55451
752.00000 0.04481 1216.45833
753.00000 0.04538 1220.72916
754.00000 0.04594 1224.99999
755.00000 0.04616 1680.28368
756.00000 0.04651 1229.27083
757.00000 0.04707 1233.54166
758.00000 0.04765 1237.81249
759.00000 0.04786 1676.01285
760.00000 0.04822 1242.08333
761.00000 0.04879 1246.35416
762.00000 0.04937 1250.62499
763.00000 0.04957 1671.74201
764.00000 0.04995 1254.89583
765.00000 0.05053 1259.16666
766.00000 0.05111 1263.43749
767.00000 0.05130 1667.47118
768.00000 0.05170 1267.70833
769.00000 0.05229 1271.97916
770.00000 0.05288 1276.24999
771.00000 0.05304 1663.20035
772.00000 0.05347 1280.52082
773.00000 0.05406 1284.79166
774.00000 0.05466 1289.06249
775.00000 0.05480 1658.92951
776.00000 0.05526 1293.33332
777.00000 0.05586 1297.60416
778.00000 0.05646 1301.87499
779.00000 0.05657 1654.65868
780.00000 0.05706 1306.14582
781.00000 0.05767 1310.41666
782.00000 0.05828 1314.68749
783.00000 0.05836 1650.38785
784.00000 0.05889 1318.95832
785.00000 0.05950 1323.22916
786.00000 0.06011 1327.49999
787.00000 0.06017 1646.11701
788.00000 0.06073 1331.77082
789.00000 0.06135 1336.04166
790.00000 0.06197 1340.31249
791.00000 0.06199 1641.84618
792.00000 0.06259 1344.58332
793.00000 0.06322 1348.85416
794.00000 0.06383 1637.57535
795.00000 0.06384 1353.12499
796.00000 0.06447 1357.39582
797.00000 0.06510 1361.66666
798.00000 0.06569 1633.30451
799.00000 0.06574 1365.93749
800.00000 0.06637 1370.20832
801.00000 0.06701 1374.47916
802.00000 0.06757 1629.03368
803.00000 0.06765 1378.74999
804.00000 0.06830 1383.02082
805.00000 0.06894 1387.29166
806.00000 0.06947 1624.76285
807.00000 0.06959 1391.56249
808.00000 0.07024 1395.83332
809.00000 0.07089 1400.10416
810.00000 0.07138 1620.49201
811.00000 0.07155 1404.37499
812.00000 0.07220 1408.64582
813.00000 0.07286 1412.91666
814.00000 0.07332 1616.22118
815.00000 0.07352 1417.18749
816.00000 0.07419 1421.45832
817.00000 0.07486 1425.72916
818.00000 0.07528 1611.95035
819.00000 0.07553 1429.99999
820.00000 0.07620 1434.27082
821.00000 0.07687 1438.54166
822.00000 0.07725 1607.67951
823.00000 0.07755 1442.81249
824.00000 0.07823 1447.08332
825.00000 0.07892 1451.35416
826.00000 0.07925 1603.40868
827.00000 0.07960 1455.62499
828.00000 0.08029 1459.89582
829.00000 0.08098 1464.16666
830.00000 0.08127 1599.13785
831.00000 0.08168 1468.43749
832.00000 0.08238 1472.70832
833.00000 0.08308 1476.97916
834.00000 0.08332 1594.86701
835.00000 0.08378 1481.24999
836.00000 0.08449 1485.52082
837.00000 0.08520 1489.79166
838.00000 0.08538 1590.59618
839.00000 0.08592 1494.06249
840.00000 0.08663 1498.33332
841.00000 0.08735 1502.60416
842.00000 0.08747 1586.32535
843.00000 0.08808 1506.87499
844.00000 0.08880 1511.14582
845.00000 0.08954 1515.41666
846.00000 0.08959 1582.05451
847.00000 0.09027 1519.68749
848.00000 0.09101 1523.95832
849.00000 0.09173 1577.78368
850.00000 0.09175 1528.22916
851.00000 0.09250 1532.49999
852.00000 0.09325 1536.77082
853.00000 0.09389 1573.51285
854.00000 0.09400 1541.04166
855.00000 0.09476 1545.31249
856.00000 0.09552 1549.58332
857.00000 0.09608 1569.24201
858.00000 0.09629 1553.85416
859.00000 0.09706 1558.12499
860.00000 0.09783 1562.39582
861.00000 0.09830 1564.97118
862.00000 0.09830 1564.97118
863.00000 0.09830 1564.97545
864.00000 0.76678 1354.17356
865.00000 0.76678 1354.17784
866.00000 0.76678 1354.16929
867.00000 0.76678 1354.17356
868.00000 0.76773 1349.90273
869.00000 0.76869 1345.63190
870.00000 0.76964 1341.36106
871.00000 0.77058 1337.09023
872.00000 0.77064 1358.44440
873.00000 0.77153 1332.81940
874.00000 0.77246 1328.54856
875.00000 0.77340 1324.27773
876.00000 0.77433 1320.00690
877.00000 0.77440 1362.71523
878.00000 0.77526 1315.73607
879.00000 0.77618 1311.46523
880.00000 0.77711 1307.19440
881.00000 0.77802 1302.92357
882.00000 0.77807 1366.98606
883.00000 0.77894 1298.65273
884.00000 0.77985 1294.38190
885.00000 0.78076 1290.11107
886.00000 0.78165 1371.25690
887.00000 0.78167 1285.84023
888.00000 0.78257 1281.56940
889.00000 0.78347 1277.29857
890.00000 0.78437 1273.02773
891.00000 0.78515 1375.52773
892.00000 0.78527 1268.75690
893.00000 0.78616 1264.48607
894.00000 0.78705 1260.21523
895.00000 0.78794 1255.94440
896.00000 0.78857 1379.79856
897.00000 0.78882 1251.67357
898.00000 0.78971 1247.40273
899.00000 0.79059 1243.13190
900.00000 0.79147 1238.86107
901.00000 0.79191 1384.06940
902.00000 0.79235 1234.59023
903.00000 0.79322 1230.31940
904.00000 0.79409 1226.04857
905.00000 0.79496 1221.77773
906.00000 0.79518 1388.34023
907.00000 0.79583 1217.50690
908.00000 0.79670 1213.23607
909.00000 0.79756 1208.96523
910.00000 0.79837 1392.61106
911.00000 0.79843 1204.69440
912.00000 0.79929 1200.42357
913.00000 0.80015 1196.15273
914.00000 0.80101 1191.88190
915.00000 0.80151 1396.88190
916.00000 0.80187 1187.61107
917.00000 0.80272 1183.34023
918.00000 0.80358 1179.06940
919.00000 0.80443 1174.79857
920.00000 0.80458 1401.15273
921.00000 0.80528 1170.52773
922.00000 0.80613 1166.25690
923.00000 0.80698 1161.98607
924.00000 0.80758 1405.42356
925.00000 0.80783 1157.71523
926.00000 0.80867 1153.44440
927.00000 0.80952 1149.17357
928.00000 0.81036 1144.90273
929.00000 0.81053 1409.69440
930.00000 0.81121 1140.63190
931.00000 0.81205 1136.36107
932.00000 0.81289 1132.09023
933.00000 0.81343 1413.96523
934.00000 0.81373 1127.81940
935.00000 0.81457 1123.54857
936.00000 0.81541 1119.27773
937.00000 0.81625 1115.00690
938.00000 0.81627 1418.23606
939.00000 0.81709 1110.73607
940.00000 0.81793 1106.46523
941.00000 0.81877 1102.19440
942.00000 0.81906 1422.50690
943.00000 0.81960 1097.92357
944.00000 0.82044 1093.65273
945.00000 0.82128 1089.38190
946.00000 0.82179 1426.77773
947.00000 0.82211 1085.11107
948.00000 0.82295 1080.84023
949.00000 0.82378 1076.56940
950.00000 0.82448 1431.04856
951.00000 0.82462 1072.29857
952.00000 0.82545 1068.02773
953.00000 0.82629 1063.75690
954.00000 0.82713 1059.48607
955.00000 0.82713 1435.31940
956.00000 0.82796 1055.21523
957.00000 0.82880 1050.94440
958.00000 0.82963 1046.67357
959.00000 0.82972 1439.59023
960.00000 0.83047 1042.40273
961.00000 0.83130 1038.13190
962.00000 0.83214 1033.86107
963.00000 0.83228 1443.86106
964.00000 0.83298 1029.59023
965.00000 0.83381 1025.31940
966.00000 0.83465 1021.04857
967.00000 0.83479 1448.13190
968.00000 0.83549 1016.77773
969.00000 0.83633 1012.50690
970.00000 0.83717 1008.23607
971.00000 0.83726 1452.40273
972.00000 0.83801 1003.96523
973.00000 0.83885 999.69440
974.00000 0.83969 995.42357
975.00000 0.83969 1456.67356
976.00000 0.84053 991.15273
977.00000 0.84137 986.88190
978.00000 0.84208 1460.94440
979.00000 0.84222 982.61107
980.00000 0.84306 978.34023
981.00000 0.84391 974.06940
982.00000 0.84444 1465.21523
983.00000 0.84475 969.79857
984.00000 0.84560 965.52773
985.00000 0.84645 961.25690
986.00000 0.84676 1469.48606
987.00000 0.84730 956.98607
988.00000 0.84815 952.71523
989.00000 0.84901 948.44440
990.00000 0.84904 1473.75690
991.00000 0.84986 944.17357
992.00000 0.85072 939.90273
993.00000 0.85129 1478.02773
994.00000 0.85158 935.63190
995.00000 0.85244 931.36107
996.00000 0.85330 927.09023
997.00000 0.85351 1482.29856
998.00000 0.85416 922.81940
999.00000 0.85502 918.54857
1000.00000 0.85569 1486.56940
1001.00000 0.85589 914.27773
1002.00000 0.85676 910.00690
1003.00000 0.85763 905.73607
1004.00000 0.85784 1490.84023
1005.00000 0.85850 901.46523
1006.00000 0.85938 897.19440
1007.00000 0.85997 1495.11106
1008.00000 0.86025 892.92357
1009.00000 0.86113 888.65274
1010.00000 0.86201 884.38190
1011.00000 0.86206 1499.38190
1012.00000 0.86290 880.11107
1013.00000 0.86379 875.84024
1014.00000 0.86412 1503.65273
1015.00000 0.86467 871.56940
1016.00000 0.86557 867.29857
1017.00000 0.86616 1507.92356
1018.00000 0.86646 863.02774
1019.00000 0.86736 858.75690
1020.00000 0.86762 857.49732
1021.00000 0.86762 857.49732
1022.00000 0.86762 857.50159
1023.00000 0.86817 1512.19440
1024.00000 0.86946 861.76816
1025.00000 0.87015 1516.46523
1026.00000 0.87131 866.03899
1027.00000 0.87210 1520.73606
1028.00000 0.87316 870.30982
1029.00000 0.87403 1525.00690
1030.00000 0.87503 874.58066
1031.00000 0.87593 1529.27773
1032.00000 0.87690 878.85149
1033.00000 0.87781 1533.54856
1034.00000 0.87879 883.12232
1035.00000 0.87967 1537.81940
1036.00000 0.88068 887.39316
1037.00000 0.88150 1542.09023
1038.00000 0.88258 891.66399
1039.00000 0.88331 1546.36106
1040.00000 0.88449 895.93482
1041.00000 0.88510 1550.63190
1042.00000 0.88640 900.20566
1043.00000 0.88687 1554.90273
1044.00000 0.88833 904.47649
1045.00000 0.88862 1559.17356
1046.00000 0.89026 908.74732
1047.00000 0.89034 1563.44440
1048.00000 0.89205 1567.71523
1049.00000 0.89220 913.01816
1050.00000 0.89373 1571.98606
1051.00000 0.89414 917.28899
1052.00000 0.89540 1576.25690
1053.00000 0.89610 921.55982
1054.00000 0.89705 1580.52773
1055.00000 0.89806 925.83066
1056.00000 0.89868 1584.79856
1057.00000 0.90002 930.10149
1058.00000 0.90029 1589.06940
1059.00000 0.90189 1593.34023
1060.00000 0.90199 934.37232
1061.00000 0.90347 1597.61106
1062.00000 0.90397 938.64316
1063.00000 0.90503 1601.88190
1064.00000 0.90595 942.91399
1065.00000 0.90657 1606.15273
1066.00000 0.90794 947.18482
1067.00000 0.90810 1610.42356
1068.00000 0.90962 1614.69440
1069.00000 0.90992 951.45566
1070.00000 0.91112 1618.96523
1071.00000 0.91192 955.72649
1072.00000 0.91260 1623.23606
1073.00000 0.91391 959.99732
1074.00000 0.91407 1627.50690
1075.00000 0.91553 1631.77773
1076.00000 0.91591 964.26816
1077.00000 0.91697 1636.04856
1078.00000 0.91791 968.53899
1079.00000 0.91840 1640.31940
1080.00000 0.91982 1644.59023
1081.00000 0.91992 972.80982
1082.00000 0.92122 1648.86106
1083.00000 0.92192 977.08066
1084.00000 0.92261 1653.13190
1085.00000 0.92392 981.35149
1086.00000 0.92399 1657.40273
1087.00000 0.92536 1661.67356
1088.00000 0.92593 985.62232
1089.00000 0.92671 1665.94440
1090.00000 0.92793 989.89316
1091.00000 0.92806 1670.21523
1092.00000 0.92939 1674.48606
1093.00000 0.92993 994.16399
1094.00000 0.93072 1678.75690
1095.00000 0.93194 998.43482
1096.00000 0.93203 1683.02773
1097.00000 0.93333 1687.29856
1098.00000 0.93394 1002.70566
1099.00000 0.93462 1691.56940
1100.00000 0.93590 1695.84023
1101.00000 0.93593 1006.97649
1102.00000 0.93718 1700.11106
1103.00000 0.93793 1011.24732
1104.00000 0.93844 1704.38190
1105.00000 0.93970 1708.65273
1106.00000 0.93992 1015.51816
1107.00000 0.94094 1712.92356
1108.00000 0.94190 1019.78899
1109.00000 0.94218 1717.19440
1110.00000 0.94341 1721.46523
1111.00000 0.94388 1024.05982
1112.00000 0.94463 1725.73606
1113.00000 0.94584 1730.00690
1114.00000 0.94586 1028.33066
1115.00000 0.94705 1734.27773
1116.00000 0.94783 1032.60149
1117.00000 0.94825 1738.54856
1118.00000 0.94944 1742.81940
1119.00000 0.94979 1036.87232
1120.00000 0.95062 1747.09023
1121.00000 0.95175 1041.14316
1122.00000 0.95180 1751.36106
1123.00000 0.95297 1755.63189
1124.00000 0.95370 1045.41399
1125.00000 0.95413 1759.90273
1126.00000 0.95529 1764.17356
1127.00000 0.95564 1049.68482
1128.00000 0.95644 1768.44439
1129.00000 0.95757 1053.95566
1130.00000 0.95759 1772.71523
1131.00000 0.95873 1776.98606
1132.00000 0.95949 1058.22649
1133.00000 0.95987 1781.25689
1134.00000 0.96099 1785.52773
1135.00000 0.96141 1062.49732
1136.00000 0.96212 1789.79856
1137.00000 0.96324 1794.06939
1138.00000 0.96331 1066.76816
1139.00000 0.96435 1798.34023
1140.00000 0.96521 1071.03899
1141.00000 0.96546 1802.61106
1142.00000 0.96657 1806.88189
1143.00000 0.96709 1075.30982
1144.00000 0.96767 1811.15273
1145.00000 0.96877 1815.42356
1146.00000 0.96896 1079.58065
1147.00000 0.96986 1819.69439
1148.00000 0.97083 1083.85149
1149.00000 0.97095 1823.96523
1150.00000 0.97204 1828.23606
1151.00000 0.97268 1088.12232
1152.00000 0.97312 1832.50689
1153.00000 0.97420 1836.77773
1154.00000 0.97452 1092.39315
1155.00000 0.97528 1841.04856
1156.00000 0.97634 1096.66399
1157.00000 0.97636 1845.31939
1158.00000 0.97743 1849.59023
1159.00000 0.97816 1100.93482
1160.00000 0.97849 1853.86106
1161.00000 0.97956 1858.13189
1162.00000 0.97996 1105.20565
1163.00000 0.98063 1862.40273
1164.00000 0.98169 1866.67356
1165.00000 0.98175 1109.47649
1166.00000 0.98275 1870.94439
1167.00000 0.98353 1113.74732
1168.00000 0.98381 1875.21523
1169.00000 0.98486 1879.48606
1170.00000 0.98529 1118.01815
1171.00000 0.98592 1883.75689
1172.00000 0.98697 1888.02773
1173.00000 0.98704 1122.28899
1174.00000 0.98802 1892.29856
1175.00000 0.98878 1126.55982
1176.00000 0.98907 1896.56939
1177.00000 0.99013 1900.84023
1178.00000 0.99050 1130.83065
1179.00000 0.99118 1905.11106
1180.00000 0.99221 1135.10149
1181.00000 0.99223 1909.38189
1182.00000 0.99328 1913.65273
1183.00000 0.99391 1139.37232
1184.00000 0.99432 1917.92356
1185.00000 0.99537 1922.19439
1186.00000 0.99559 1143.64315
1187.00000 0.99642 1926.46523
1188.00000 0.99726 1147.91399
1189.00000 0.99747 1930.73606
1190.00000 0.99852 1935.00689
1191.00000 0.99892 1152.18482
1192.00000 0.99907 1152.57308
1193.00000 0.99937 1153.34959
1194.00000 0.99957 1939.27773
1195.00000 0.99984 1940.34544
1196.00000 0.99997 1154.90262
1197.00000 0.99997 1940.87929
1198.00000 0.99998 1154.92829
1199.00000 1.00000 1167.00000
1200.00000 1.00000 1458.00000
1201.00000 1.00000 1461.00000
1202.00000 1.00000 1464.00000
1203.00000 1.00000 1467.00000
1204.00000 1.00000 1470.00000
1205.00000 1.00000 1512.00000
1206.00000 1.00000 1509.00000
1207.00000 1.00000 1506.00000
1208.00000 1.00000 1503.00000
1209.00000 1.00000 1500.00000
1210.00000 1.00000 1497.00000
1211.00000 1.00000 1419.00000
1212.00000 1.00000 1494.00000
1213.00000 1.00000 1488.00000
1214.00000 1.00000 1485.00000
1215.00000 1.00000 1455.00000
1216.00000 1.00000 1154.98810
1217.00000 1.00000 1449.00000
1218.00000 1.00000 1446.00000
1219.00000 1.00000 1164.00000
1220.00000 1.00000 1161.00000
1221.00000 1.00000 1158.00000
1222.00000 1.00000 1155.00000
1223.00000 1.00000 1173.00000
1224.00000 1.00000 1305.00000
1225.00000 1.00000 1308.00000
1226.00000 1.00000 1482.00000
1227.00000 1.00000 1311.00000
1228.00000 1.00000 1425.00000
1229.00000 1.00000 1428.00000
1230.00000 1.00000 1431.00000
1231.00000 1.00000 1434.00000
1232.00000 1.00000 1437.00000
1233.00000 1.00000 1440.00000
1234.00000 1.00000 1443.00000
1235.00000 1.00000 1422.00000
1236.00000 1.00000 1479.00000
1237.00000 1.00000 1395.00000
1238.00000 1.00000 1473.00000
1239.00000 1.00000 1365.00000
1240.00000 1.00000 1407.00000
1241.00000 1.00000 1404.00000
1242.00000 1.00000 1401.00000
1243.00000 1.00000 1398.00000
1244.00000 1.00000 1392.00000
1245.00000 1.00000 1362.00000
1246.00000 1.00000 1389.00000
1247.00000 1.00000 1383.00000
1248.00000 1.00000 1380.00000
1249.00000 1.00000 1377.00000
1250.00000 1.00000 1374.00000
1251.00000 1.00000 1371.00000
1252.00000 1.00000 1368.00000
1253.00000 1.00000 1386.00000
1254.00000 1.00000 1938.00000
1255.00000 1.00000 1170.00000
1256.00000 1.00000 1359.00000
1257.00000 1.00000 1476.00000
1258.00000 1.00000 1518.00000
1259.00000 1.00000 1314.00000
1260.00000 1.00000 1491.00000
1261.00000 1.00000 1416.00000
1262.00000 1.00000 1413.00000
1263.00000 1.00000 1410.00000
1264.00000 1.00000 1353.00000
1265.00000 1.00000 1350.00000
1266.00000 1.00000 1347.00000
1267.00000 1.00000 1344.00000
1268.00000 1.00000 1341.00000
1269.00000 1.00000 1338.00000
1270.00000 1.00000 1356.00000
1271.00000 1.00000 1335.00000
1272.00000 1.00000 1329.00000
1273.00000 1.00000 1326.00000
1274.00000 1.00000 1323.00000
1275.00000 1.00000 1320.00000
1276.00000 1.00000 1317.00000
1277.00000 1.00000 1332.00000
1278.00000 1.00000 1176.00000
1279.00000 1.00000 1266.00000
1280.00000 1.00000 1179.00000
1281.00000 1.00000 1842.00000
1282.00000 1.00000 1734.00000
1283.00000 1.00000 1794.00000
1284.00000 1.00000 1728.00000
1285.00000 1.00000 1596.00000
1286.00000 1.00000 1578.00000
1287.00000 1.00000 1581.00000
1288.00000 1.00000 1584.00000
1289.00000 1.00000 1587.00000
1290.00000 1.00000 1590.00000
1291.00000 1.00000 1593.00000
1292.00000 1.00000 1599.00000
1293.00000 1.00000 1575.00000
1294.00000 1.00000 1602.00000
1295.00000 1.00000 1605.00000
1296.00000 1.00000 1608.00000
1297.00000 1.00000 1611.00000
1298.00000 1.00000 1614.00000
1299.00000 1.00000 1617.00000
1300.00000 1.00000 1725.00000
1301.00000 1.00000 1572.00000
1302.00000 1.00000 1845.00000
1303.00000 1.00000 1623.00000
1304.00000 1.00000 1848.00000
1305.00000 1.00000 1854.00000
1306.00000 1.00000 1908.00000
1307.00000 1.00000 1914.00000
1308.00000 1.00000 1839.00000
1309.00000 1.00000 1917.00000
1310.00000 1.00000 1920.00000
1311.00000 1.00000 1923.00000
1312.00000 1.00000 1926.00000
1313.00000 1.00000 1929.00000
1314.00000 1.00000 1932.00000
1315.00000 1.00000 1890.00000
1316.00000 1.00000 1887.00000
1317.00000 1.00000 1884.00000
1318.00000 1.00000 1881.00000
1319.00000 1.00000 1878.00000
1320.00000 1.00000 1875.00000
1321.00000 1.00000 1872.00000
1322.00000 1.00000 1869.00000
1323.00000 1.00000 1866.00000
1324.00000 1.00000 1863.00000
1325.00000 1.00000 1860.00000
1326.00000 1.00000 1857.00000
1327.00000 1.00000 1851.00000
1328.00000 1.00000 1905.00000
1329.00000 1.00000 1545.00000
1330.00000 1.00000 1530.00000
1331.00000 1.00000 1683.00000
1332.00000 1.00000 1680.00000
1333.00000 1.00000 1677.00000
1334.00000 1.00000 1674.00000
1335.00000 1.00000 1629.00000
1336.00000 1.00000 1713.00000
1337.00000 1.00000 1719.00000
1338.00000 1.00000 1722.00000
1339.00000 1.00000 1632.00000
1340.00000 1.00000 1635.00000
1341.00000 1.00000 1638.00000
1342.00000 1.00000 1641.00000
1343.00000 1.00000 1644.00000
1344.00000 1.00000 1647.00000
1345.00000 1.00000 1650.00000
1346.00000 1.00000 1653.00000
1347.00000 1.00000 1656.00000
1348.00000 1.00000 1659.00000
1349.00000 1.00000 1662.00000
1350.00000 1.00000 1665.00000
1351.00000 1.00000 1668.00000
1352.00000 1.00000 1686.00000
1353.00000 1.00000 1527.00000
1354.00000 1.00000 1689.00000
1355.00000 1.00000 1692.00000
1356.00000 1.00000 1533.00000
1357.00000 1.00000 1536.00000
1358.00000 1.00000 1539.00000
1359.00000 1.00000 1542.00000
1360.00000 1.00000 1548.00000
1361.00000 1.00000 1569.00000
1362.00000 1.00000 1551.00000
1363.00000 1.00000 1554.00000
1364.00000 1.00000 1557.00000
1365.00000 1.00000 1560.00000
1366.00000 1.00000 1563.00000
1367.00000 1.00000 1566.00000
1368.00000 1.00000 1620.00000
1369.00000 1.00000 1154.98810
1370.00000 1.00000 1626.00000
1371.00000 1.00000 1695.00000
1372.00000 1.00000 1710.00000
1373.00000 1.00000 1707.00000
1374.00000 1.00000 1704.00000
1375.00000 1.00000 1701.00000
1376.00000 1.00000 1698.00000
1377.00000 1.00000 1716.00000
1378.00000 1.00000 1200.00000
1379.00000 1.00000 1902.00000
1380.00000 1.00000 1896.00000
1381.00000 1.00000 1278.00000
1382.00000 1.00000 1260.00000
1383.00000 1.00000 1263.00000
1384.00000 1.00000 1269.00000
1385.00000 1.00000 1272.00000
1386.00000 1.00000 1275.00000
1387.00000 1.00000 1281.00000
1388.00000 1.00000 1206.00000
1389.00000 1.00000 1284.00000
1390.00000 1.00000 1287.00000
1391.00000 1.00000 1290.00000
1392.00000 1.00000 1293.00000
1393.00000 1.00000 1296.00000
1394.00000 1.00000 1299.00000
1395.00000 1.00000 1257.00000
1396.00000 1.00000 1254.00000
1397.00000 1.00000 1251.00000
1398.00000 1.00000 1248.00000
1399.00000 1.00000 1245.00000
1400.00000 1.00000 1242.00000
1401.00000 1.00000 1239.00000
1402.00000 1.00000 1302.00000
1403.00000 1.00000 1236.00000
1404.00000 1.00000 1203.00000
1405.00000 1.00000 1154.98765
1406.00000 1.00000 1182.00000
1407.00000 1.00000 1185.00000
1408.00000 1.00000 1188.00000
1409.00000 1.00000 1191.00000
1410.00000 1.00000 1194.00000
1411.00000 1.00000 1941.01275
1412.00000 1.00000 1941.01351
1413.00000 1.00000 1941.01503
1414.00000 1.00000 1941.01806
1415.00000 1.00000 1941.01861
1416.00000 1.00000 1941.01972
1417.00000 1.00000 1941.01992
1418.00000 1.00000 1941.02032
1419.00000 1.00000 1941.02032
1420.00000 1.00000 1935.00000
1421.00000 1.00000 1154.97963
1422.00000 1.00000 1154.98048
1423.00000 1.00000 1154.98218
1424.00000 1.00000 1154.98557
1425.00000 1.00000 1154.98619
1426.00000 1.00000 1154.98743
1427.00000 1.00000 1197.00000
1428.00000 1.00000 1899.00000
1429.00000 1.00000 1233.00000
1430.00000 1.00000 1227.00000
1431.00000 1.00000 1782.00000
1432.00000 1.00000 1779.00000
1433.00000 1.00000 1776.00000
1434.00000 1.00000 1773.00000
1435.00000 1.00000 1770.00000
1436.00000 1.00000 1767.00000
1437.00000 1.00000 1764.00000
1438.00000 1.00000 1761.00000
1439.00000 1.00000 1758.00000
1440.00000 1.00000 1755.00000
1441.00000 1.00000 1752.00000
1442.00000 1.00000 1749.00000
1443.00000 1.00000 1746.00000
1444.00000 1.00000 1743.00000
1445.00000 1.00000 1740.00000
1446.00000 1.00000 1737.00000
1447.00000 1.00000 1830.00000
1448.00000 1.00000 1836.00000
1449.00000 1.00000 1731.00000
1450.00000 1.00000 1911.00000
1451.00000 1.00000 1893.00000
1452.00000 1.00000 1785.00000
1453.00000 1.00000 1230.00000
1454.00000 1.00000 1827.00000
1455.00000 1.00000 1821.00000
1456.00000 1.00000 1224.00000
1457.00000 1.00000 1221.00000
1458.00000 1.00000 1218.00000
1459.00000 1.00000 1215.00000
1460.00000 1.00000 1212.00000
1461.00000 1.00000 1209.00000
1462.00000 1.00000 1515.00000
1463.00000 1.00000 1452.00000
1464.00000 1.00000 1521.00000
1465.00000 1.00000 1806.00000
1466.00000 1.00000 1788.00000
1467.00000 1.00000 1791.00000
1468.00000 1.00000 1524.00000
1469.00000 1.00000 1797.00000
1470.00000 1.00000 1800.00000
1471.00000 1.00000 1803.00000
1472.00000 1.00000 1809.00000
1473.00000 1.00000 1833.00000
1474.00000 1.00000 1812.00000
1475.00000 1.00000 1815.00000
1476.00000 1.00000 1818.00000
1477.00000 1.00000 1824.00000
1478.00000 1.00000 1671.00000
