0.00000 0.49957 1330.03935
1.00000 0.49957 1355.66435
2.00000 0.49957 1351.39352
3.00000 0.49957 1368.47685
4.00000 0.49957 1364.20602
5.00000 0.49957 1304.41435
6.00000 0.49957 1308.68519
7.00000 0.49957 1317.22685
8.00000 0.49957 1312.95602
9.00000 0.49957 1325.76852
10.00000 0.49957 1359.93519
11.00000 0.49957 1334.31019
12.00000 0.49957 1338.58102
13.00000 0.49957 1342.85185
14.00000 0.49957 1347.12269
15.00000 0.49957 1321.49769
16.00000 0.49958 1377.01852
17.00000 0.49958 1287.33102
18.00000 0.49958 1381.28935
19.00000 0.49958 1291.60185
20.00000 0.49958 1372.74769
21.00000 0.49958 1300.14352
22.00000 0.49958 1385.56019
23.00000 0.49958 1295.87269
24.00000 0.49959 1389.83102
25.00000 0.49959 1274.51852
26.00000 0.49959 1270.24769
27.00000 0.49959 1278.78935
28.00000 0.49959 1394.10185
29.00000 0.49959 1283.06019
30.00000 0.49960 1402.64352
31.00000 0.49960 1398.37269
32.00000 0.49960 1265.97685
33.00000 0.49960 1406.91435
34.00000 0.49960 1257.43519
35.00000 0.49960 1261.70602
36.00000 0.49961 1253.16435
37.00000 0.49961 1411.18519
38.00000 0.49961 1248.89352
39.00000 0.49962 1240.35185
40.00000 0.49962 1244.62269
41.00000 0.49962 1236.08102
42.00000 0.49962 1415.45602
43.00000 0.49962 1419.72685
44.00000 0.49963 1227.53935
45.00000 0.49963 1231.81019
46.00000 0.49963 1423.99769
47.00000 0.49964 1432.53935
48.00000 0.49964 1428.26852
49.00000 0.49964 1214.72685
50.00000 0.49964 1218.99769
51.00000 0.49964 1223.26852
52.00000 0.49965 1206.18519
53.00000 0.49965 1210.45602
54.00000 0.49965 1436.81018
55.00000 0.49966 1201.91435
56.00000 0.49966 1197.64352
57.00000 0.49966 1441.08102
58.00000 0.49967 1193.37269
59.00000 0.49967 1445.35185
60.00000 0.49967 1189.10185
61.00000 0.49968 1176.28935
62.00000 0.49968 1449.62268
63.00000 0.49968 1184.83102
64.00000 0.49968 1180.56019
65.00000 0.49969 1167.74769
66.00000 0.49969 1172.01852
67.00000 0.49969 1453.89352
68.00000 0.49970 1159.20602
69.00000 0.49970 1458.16435
70.00000 0.49970 1163.47685
71.00000 0.49971 1462.43518
72.00000 0.49971 1150.66435
73.00000 0.49971 1154.93519
74.00000 0.49972 1466.70602
75.00000 0.49972 1142.12269
76.00000 0.49972 1146.39352
77.00000 0.49973 1137.85185
78.00000 0.49973 1133.58102
79.00000 0.49974 1129.31019
80.00000 0.49974 1125.03935
81.00000 0.49974 1470.97685
82.00000 0.49975 1475.24768
83.00000 0.49975 1120.76852
84.00000 0.49975 1116.49769
85.00000 0.49976 1107.95602
86.00000 0.49976 1112.22685
87.00000 0.49976 1479.51852
88.00000 0.49977 1103.68519
89.00000 0.49977 1099.41435
90.00000 0.49978 1483.78935
91.00000 0.49978 1095.14352
92.00000 0.49978 1090.87269
93.00000 0.49978 1086.60185
94.00000 0.49979 1082.33102
95.00000 0.49979 1078.06019
96.00000 0.49979 1488.06018
97.00000 0.49980 1069.51852
98.00000 0.49980 1073.78935
99.00000 0.49981 1060.97685
100.00000 0.49981 1065.24769
101.00000 0.49981 1492.33102
102.00000 0.49982 1052.43519
103.00000 0.49982 1048.16435
104.00000 0.49982 1056.70602
105.00000 0.49983 1496.60185
106.00000 0.49983 1043.89352
107.00000 0.49983 1039.62269
108.00000 0.49984 1026.81019
109.00000 0.49984 1031.08102
110.00000 0.49984 1035.35185
111.00000 0.49984 1500.87268
112.00000 0.49985 1022.53935
113.00000 0.49985 1018.26852
114.00000 0.49986 1009.72685
115.00000 0.49986 1013.99769
116.00000 0.49986 1005.45602
117.00000 0.49986 1505.14352
118.00000 0.49987 1001.18519
119.00000 0.49987 996.91436
120.00000 0.49987 992.64352
121.00000 0.49988 1509.41435
122.00000 0.49988 988.37269
123.00000 0.49988 984.10186
124.00000 0.49988 979.83102
125.00000 0.49989 971.28936
126.00000 0.49989 967.01852
127.00000 0.49989 975.56019
128.00000 0.49990 962.74769
129.00000 0.49990 958.47686
130.00000 0.49990 1513.68518
131.00000 0.49990 954.20602
132.00000 0.49991 949.93519
133.00000 0.49991 945.66436
134.00000 0.49991 941.39352
135.00000 0.49991 937.12269
136.00000 0.49992 932.85186
137.00000 0.49992 928.58102
138.00000 0.49992 924.31019
139.00000 0.49992 1517.95602
140.00000 0.49993 911.49769
141.00000 0.49993 902.95602
142.00000 0.49993 915.76852
143.00000 0.49993 920.03936
144.00000 0.49993 907.22686
145.00000 0.49994 898.68519
146.00000 0.49994 890.14352
147.00000 0.49994 885.87269
148.00000 0.49994 1522.22685
149.00000 0.49994 894.41436
150.00000 0.49995 881.60186
151.00000 0.49995 877.33102
152.00000 0.49995 873.06019
153.00000 0.49995 864.51852
154.00000 0.49995 860.24769
155.00000 0.49995 868.78936
156.00000 0.49996 847.43519
157.00000 0.49996 855.97686
158.00000 0.49996 851.70602
159.00000 0.49996 1526.49768
160.00000 0.49996 838.89352
161.00000 0.49996 834.62269
162.00000 0.49996 843.16436
163.00000 0.49997 804.72686
164.00000 0.49997 817.53936
165.00000 0.49997 821.81019
166.00000 0.49997 830.35186
167.00000 0.49997 826.08102
168.00000 0.49997 813.26852
169.00000 0.49997 808.99769
170.00000 0.49998 757.74769
171.00000 0.49998 787.64352
172.00000 0.49998 791.91436
173.00000 0.49998 796.18519
174.00000 0.49998 800.45602
175.00000 0.49998 766.28936
176.00000 0.49998 770.56019
177.00000 0.49998 1530.76852
178.00000 0.49998 762.01852
179.00000 0.49998 783.37269
180.00000 0.49998 774.83102
181.00000 0.49998 779.10186
182.00000 0.49999 749.20602
183.00000 0.49999 744.93519
184.00000 0.49999 732.12269
185.00000 0.49999 740.66436
186.00000 0.49999 719.31019
187.00000 0.49999 736.39352
188.00000 0.49999 710.76852
189.00000 0.49999 723.58102
190.00000 0.49999 715.03936
191.00000 0.49999 753.47686
192.00000 0.49999 706.49769
193.00000 0.49999 702.22686
194.00000 0.49999 697.95602
195.00000 0.49999 693.68519
196.00000 0.49999 689.41436
197.00000 0.49999 685.14352
198.00000 0.49999 680.87269
199.00000 0.49999 676.60186
200.00000 0.49999 727.85186
201.00000 0.50000 655.24769
202.00000 0.50000 663.78936
203.00000 0.50000 668.06019
204.00000 0.50000 659.51852
205.00000 0.50000 591.18519
206.00000 0.50000 616.81019
207.00000 0.50000 650.97686
208.00000 0.50000 480.14353
209.00000 0.50000 672.33102
210.00000 0.50000 646.70602
211.00000 0.50000 625.35186
212.00000 0.50000 638.16436
213.00000 0.50000 633.89352
214.00000 0.50000 629.62269
215.00000 0.50000 621.08102
216.00000 0.50000 595.45602
217.00000 0.50000 612.53936
218.00000 0.50000 608.26852
219.00000 0.50000 603.99769
220.00000 0.50000 475.87269
221.00000 0.50000 599.72686
222.00000 0.50000 642.43519
223.00000 0.50000 484.41436
224.00000 0.50000 531.39353
225.00000 0.50000 578.37269
226.00000 0.50000 492.95603
227.00000 0.50000 497.22686
228.00000 0.50000 501.49769
229.00000 0.50000 522.85186
230.00000 0.50000 586.91436
231.00000 0.50000 582.64352
232.00000 0.50000 505.76853
233.00000 0.50000 510.03936
234.00000 0.50000 514.31019
235.00000 0.50000 518.58103
236.00000 0.50000 488.68519
237.00000 0.50000 544.20603
238.00000 0.50000 527.12269
239.00000 0.50000 569.83103
240.00000 0.50000 565.56019
241.00000 0.50000 561.28936
242.00000 0.50000 574.10186
243.00000 0.50000 552.74769
244.00000 0.50000 548.47686
245.00000 0.50000 539.93519
246.00000 0.50000 535.66436
247.00000 0.50000 557.01853
248.00000 0.50001 1535.03935
249.00000 0.50003 1539.31018
250.00000 0.50006 1543.58102
251.00000 0.50008 1547.85185
252.00000 0.50011 1552.12268
253.00000 0.50014 1556.39352
254.00000 0.50017 1560.66435
255.00000 0.50019 481.66399
256.00000 0.50020 1564.93518
257.00000 0.50020 485.93483
258.00000 0.50022 490.20566
259.00000 0.50023 494.47649
260.00000 0.50023 1569.20602
261.00000 0.50025 498.74733
262.00000 0.50026 1573.47685
263.00000 0.50027 503.01816
264.00000 0.50028 507.28899
265.00000 0.50030 1577.74768
266.00000 0.50030 1577.74768
267.00000 0.50030 1577.74341
268.00000 0.50030 511.55983
269.00000 0.50030 1577.74341
270.00000 0.50032 515.83066
271.00000 0.50035 520.10149
272.00000 0.50037 524.37233
273.00000 0.50039 528.64316
274.00000 0.50042 532.91399
275.00000 0.50044 537.18483
276.00000 0.50047 541.45566
277.00000 0.50050 545.72649
278.00000 0.50053 549.99733
279.00000 0.50056 554.26816
280.00000 0.50059 558.53899
281.00000 0.50062 562.80983
282.00000 0.50066 567.08066
283.00000 0.50067 1577.21009
284.00000 0.50069 571.35149
285.00000 0.50073 575.62233
286.00000 0.50077 579.89316
287.00000 0.50081 584.16399
288.00000 0.50085 588.43483
289.00000 0.50090 592.70566
290.00000 0.50094 596.97649
291.00000 0.50099 601.24733
292.00000 0.50104 605.51816
293.00000 0.50107 1576.14345
294.00000 0.50109 609.78899
295.00000 0.50114 614.05983
296.00000 0.50120 618.33066
297.00000 0.50125 622.60149
298.00000 0.50131 626.87233
299.00000 0.50137 631.14316
300.00000 0.50143 635.41399
301.00000 0.50150 639.68483
302.00000 0.50156 643.95566
303.00000 0.50160 1574.01017
304.00000 0.50163 648.22649
305.00000 0.50170 652.49732
306.00000 0.50177 656.76816
307.00000 0.50185 661.03899
308.00000 0.50193 665.30982
309.00000 0.50201 669.58066
310.00000 0.50209 673.85149
311.00000 0.50217 678.12232
312.00000 0.50226 682.39316
313.00000 0.50234 1569.74361
314.00000 0.50235 686.66399
315.00000 0.50244 690.93482
316.00000 0.50254 695.20566
317.00000 0.50263 699.47649
318.00000 0.50273 703.74732
319.00000 0.50284 708.01816
320.00000 0.50291 1565.47278
321.00000 0.50294 712.28899
322.00000 0.50305 716.55982
323.00000 0.50316 720.83066
324.00000 0.50328 725.10149
325.00000 0.50339 729.37232
326.00000 0.50340 1561.20194
327.00000 0.50351 733.64316
328.00000 0.50364 737.91399
329.00000 0.50377 742.18482
330.00000 0.50384 1556.93111
331.00000 0.50390 746.45566
332.00000 0.50403 750.72649
333.00000 0.50417 754.99732
334.00000 0.50425 1552.66028
335.00000 0.50431 759.26816
336.00000 0.50445 763.53899
337.00000 0.50460 767.80982
338.00000 0.50463 1548.38944
339.00000 0.50475 772.08066
340.00000 0.50491 776.35149
341.00000 0.50500 1544.11861
342.00000 0.50507 780.62232
343.00000 0.50524 784.89316
344.00000 0.50535 1539.84778
345.00000 0.50540 789.16399
346.00000 0.50558 793.43482
347.00000 0.50569 1535.57694
348.00000 0.50575 797.70566
349.00000 0.50594 801.97649
350.00000 0.50602 1531.30611
351.00000 0.50612 806.24732
352.00000 0.50631 810.51816
353.00000 0.50634 1527.03528
354.00000 0.50651 814.78899
355.00000 0.50666 1522.76444
356.00000 0.50671 819.05982
357.00000 0.50692 823.33066
358.00000 0.50697 1518.49361
359.00000 0.50713 827.60149
360.00000 0.50728 1514.22278
361.00000 0.50734 831.87232
362.00000 0.50757 836.14316
363.00000 0.50758 1509.95194
364.00000 0.50779 840.41399
365.00000 0.50788 1505.68111
366.00000 0.50803 844.68482
367.00000 0.50818 1501.41028
368.00000 0.50827 848.95566
369.00000 0.50848 1497.13944
370.00000 0.50851 853.22649
371.00000 0.50877 857.49305
372.00000 0.50877 857.49732
373.00000 0.50877 857.49732
374.00000 0.50878 1492.86861
375.00000 0.50880 858.75690
376.00000 0.50892 863.02774
377.00000 0.50904 867.29857
378.00000 0.50908 1488.59778
379.00000 0.50916 871.56940
380.00000 0.50928 875.84024
381.00000 0.50937 1484.32694
382.00000 0.50940 880.11107
383.00000 0.50952 884.38190
384.00000 0.50964 888.65274
385.00000 0.50967 1480.05611
386.00000 0.50976 892.92357
387.00000 0.50988 897.19440
388.00000 0.50996 1475.78528
389.00000 0.51000 901.46523
390.00000 0.51012 905.73607
391.00000 0.51024 910.00690
392.00000 0.51026 1471.51444
393.00000 0.51036 914.27773
394.00000 0.51048 918.54857
395.00000 0.51055 1467.24361
396.00000 0.51060 922.81940
397.00000 0.51072 927.09023
398.00000 0.51084 931.36107
399.00000 0.51085 1462.97278
400.00000 0.51096 935.63190
401.00000 0.51108 939.90273
402.00000 0.51115 1458.70194
403.00000 0.51120 944.17357
404.00000 0.51132 948.44440
405.00000 0.51144 952.71523
406.00000 0.51145 1454.43111
407.00000 0.51156 956.98607
408.00000 0.51167 961.25690
409.00000 0.51175 1450.16028
410.00000 0.51179 965.52773
411.00000 0.51191 969.79857
412.00000 0.51203 974.06940
413.00000 0.51205 1445.88944
414.00000 0.51215 978.34023
415.00000 0.51227 982.61107
416.00000 0.51236 1441.61861
417.00000 0.51238 986.88190
418.00000 0.51250 991.15273
419.00000 0.51262 995.42357
420.00000 0.51266 1437.34778
421.00000 0.51274 999.69440
422.00000 0.51285 1003.96523
423.00000 0.51297 1433.07694
424.00000 0.51297 1008.23607
425.00000 0.51308 1012.50690
426.00000 0.51320 1016.77773
427.00000 0.51328 1428.80611
428.00000 0.51331 1021.04857
429.00000 0.51343 1025.31940
430.00000 0.51354 1029.59023
431.00000 0.51360 1424.53528
432.00000 0.51365 1033.86107
433.00000 0.51376 1038.13190
434.00000 0.51388 1042.40273
435.00000 0.51392 1420.26444
436.00000 0.51399 1046.67357
437.00000 0.51410 1050.94440
438.00000 0.51421 1055.21523
439.00000 0.51424 1415.99361
440.00000 0.51432 1059.48607
441.00000 0.51443 1063.75690
442.00000 0.51453 1068.02773
443.00000 0.51456 1411.72278
444.00000 0.51464 1072.29857
445.00000 0.51475 1076.56940
446.00000 0.51485 1080.84023
447.00000 0.51489 1407.45194
448.00000 0.51496 1085.11107
449.00000 0.51506 1089.38190
450.00000 0.51517 1093.65273
451.00000 0.51522 1403.18111
452.00000 0.51527 1097.92357
453.00000 0.51537 1102.19440
454.00000 0.51547 1106.46523
455.00000 0.51555 1398.91028
456.00000 0.51557 1110.73607
457.00000 0.51567 1115.00690
458.00000 0.51577 1119.27773
459.00000 0.51587 1123.54857
460.00000 0.51589 1394.63944
461.00000 0.51596 1127.81940
462.00000 0.51606 1132.09023
463.00000 0.51615 1136.36107
464.00000 0.51624 1390.36861
465.00000 0.51625 1140.63190
466.00000 0.51634 1144.90273
467.00000 0.51643 1149.17357
468.00000 0.51652 1153.44440
469.00000 0.51659 1386.09778
470.00000 0.51661 1157.71523
471.00000 0.51670 1161.98607
472.00000 0.51679 1166.25690
473.00000 0.51687 1170.52773
474.00000 0.51694 1381.82694
475.00000 0.51696 1174.79857
476.00000 0.51704 1179.06940
477.00000 0.51713 1183.34023
478.00000 0.51721 1187.61107
479.00000 0.51729 1191.88190
480.00000 0.51730 1377.55611
481.00000 0.51737 1196.15273
482.00000 0.51745 1200.42357
483.00000 0.51752 1204.69440
484.00000 0.51760 1208.96523
485.00000 0.51767 1373.28528
486.00000 0.51767 1213.23607
487.00000 0.51775 1217.50690
488.00000 0.51782 1221.77773
489.00000 0.51789 1226.04857
490.00000 0.51796 1230.31940
491.00000 0.51803 1234.59023
492.00000 0.51804 1369.01444
493.00000 0.51810 1238.86107
494.00000 0.51816 1243.13190
495.00000 0.51823 1247.40273
496.00000 0.51829 1251.67357
497.00000 0.51835 1255.94440
498.00000 0.51841 1260.21523
499.00000 0.51842 1364.74361
500.00000 0.51847 1264.48607
501.00000 0.51853 1268.75690
502.00000 0.51858 1273.02773
503.00000 0.51864 1277.29857
504.00000 0.51869 1281.56940
505.00000 0.51874 1285.84023
506.00000 0.51880 1290.11107
507.00000 0.51880 1360.47278
508.00000 0.51884 1294.38190
509.00000 0.51889 1298.65273
510.00000 0.51894 1302.92357
511.00000 0.51898 1307.19440
512.00000 0.51903 1311.46523
513.00000 0.51907 1315.73607
514.00000 0.51911 1320.00690
515.00000 0.51915 1324.27773
516.00000 0.51919 1328.54856
517.00000 0.51919 1356.20194
518.00000 0.51922 1332.81940
519.00000 0.51926 1337.09023
520.00000 0.51929 1341.36106
521.00000 0.51932 1345.63190
522.00000 0.51935 1349.90273
523.00000 0.51938 1354.17356
524.00000 0.51938 1354.16929
525.00000 0.51938 1354.17356
