0.00000 0.27503 1545.31249
1.00000 0.27503 1549.58332
2.00000 0.27503 1553.85416
3.00000 0.27504 1541.04166
4.00000 0.27504 1558.12499
5.00000 0.27505 1536.77082
6.00000 0.27505 1562.39582
7.00000 0.27505 1564.97118
8.00000 0.27505 1564.97118
9.00000 0.27505 1564.97545
10.00000 0.27506 1532.49999
11.00000 0.27508 1528.22916
12.00000 0.27511 1523.95832
13.00000 0.27513 1519.68749
14.00000 0.27517 1515.41666
15.00000 0.27520 1511.14582
16.00000 0.27524 1506.87499
17.00000 0.27529 1502.60416
18.00000 0.27533 1498.33332
19.00000 0.27538 1494.06249
20.00000 0.27544 1489.79166
21.00000 0.27550 1485.52082
22.00000 0.27556 1481.24999
23.00000 0.27563 1476.97916
24.00000 0.27570 1472.70832
25.00000 0.27578 1468.43749
26.00000 0.27586 1464.16666
27.00000 0.27594 1459.89582
28.00000 0.27603 1455.62499
29.00000 0.27612 1451.35416
30.00000 0.27621 1447.08332
31.00000 0.27631 1442.81249
32.00000 0.27639 1569.24201
33.00000 0.27641 1438.54166
34.00000 0.27652 1434.27082
35.00000 0.27663 1429.99999
36.00000 0.27674 1425.72916
37.00000 0.27686 1421.45832
38.00000 0.27698 1417.18749
39.00000 0.27710 1412.91666
40.00000 0.27723 1408.64582
41.00000 0.27736 1404.37499
42.00000 0.27750 1400.10416
43.00000 0.27764 1395.83332
44.00000 0.27771 1573.51285
45.00000 0.27778 1391.56249
46.00000 0.27793 1387.29166
47.00000 0.27808 1383.02082
48.00000 0.27823 1378.74999
49.00000 0.27839 1374.47916
50.00000 0.27855 1370.20832
51.00000 0.27872 1365.93749
52.00000 0.27889 1361.66666
53.00000 0.27904 1577.78368
54.00000 0.27906 1357.39582
55.00000 0.27924 1353.12499
56.00000 0.27942 1348.85416
57.00000 0.27960 1344.58332
58.00000 0.27979 1340.31249
59.00000 0.27998 1336.04166
60.00000 0.28017 1331.77082
61.00000 0.28036 1582.05451
62.00000 0.28037 1327.49999
63.00000 0.28057 1323.22916
64.00000 0.28078 1318.95832
65.00000 0.28098 1314.68749
66.00000 0.28120 1310.41666
67.00000 0.28141 1306.14582
68.00000 0.28163 1301.87499
69.00000 0.28168 1586.32535
70.00000 0.28185 1297.60416
71.00000 0.28208 1293.33332
72.00000 0.28231 1289.06249
73.00000 0.28254 1284.79166
74.00000 0.28278 1280.52082
75.00000 0.28299 1590.59618
76.00000 0.28302 1276.24999
77.00000 0.28326 1271.97916
78.00000 0.28351 1267.70833
79.00000 0.28376 1263.43749
80.00000 0.28401 1259.16666
81.00000 0.28427 1254.89583
82.00000 0.28430 1594.86701
83.00000 0.28453 1250.62499
84.00000 0.28480 1246.35416
85.00000 0.28506 1242.08333
86.00000 0.28533 1237.81249
87.00000 0.28561 1233.54166
88.00000 0.28561 1599.13785
89.00000 0.28589 1229.27083
90.00000 0.28617 1224.99999
91.00000 0.28645 1220.72916
92.00000 0.28674 1216.45833
93.00000 0.28692 1603.40868
94.00000 0.28703 1212.18749
95.00000 0.28733 1207.91666
96.00000 0.28762 1203.64583
97.00000 0.28792 1199.37499
98.00000 0.28823 1195.10416
99.00000 0.28823 1607.67951
100.00000 0.28854 1190.83333
101.00000 0.28885 1186.56249
102.00000 0.28916 1182.29166
103.00000 0.28948 1178.02083
104.00000 0.28954 1611.95035
105.00000 0.28980 1173.74999
106.00000 0.29012 1169.47916
107.00000 0.29045 1165.20833
108.00000 0.29078 1160.93749
109.00000 0.29085 1616.22118
110.00000 0.29111 1156.66666
111.00000 0.29145 1152.39583
112.00000 0.29179 1148.12499
113.00000 0.29213 1143.85416
114.00000 0.29216 1620.49201
115.00000 0.29248 1139.58333
116.00000 0.29283 1135.31249
117.00000 0.29318 1131.04166
118.00000 0.29348 1624.76285
119.00000 0.29354 1126.77083
120.00000 0.29389 1122.49999
121.00000 0.29425 1118.22916
122.00000 0.29462 1113.95833
123.00000 0.29480 1629.03368
124.00000 0.29499 1109.68749
125.00000 0.29536 1105.41666
126.00000 0.29573 1101.14583
127.00000 0.29611 1096.87499
128.00000 0.29613 1633.30451
129.00000 0.29648 1092.60416
130.00000 0.29687 1088.33333
131.00000 0.29725 1084.06249
132.00000 0.29746 1637.57535
133.00000 0.29764 1079.79166
134.00000 0.29803 1075.52083
135.00000 0.29842 1071.24999
136.00000 0.29881 1641.84618
137.00000 0.29882 1066.97916
138.00000 0.29922 1062.70833
139.00000 0.29962 1058.43749
140.00000 0.30003 1054.16666
141.00000 0.30016 1646.11701
142.00000 0.30043 1049.89583
143.00000 0.30084 1045.62499
144.00000 0.30126 1041.35416
145.00000 0.30153 1650.38785
146.00000 0.30167 1037.08333
147.00000 0.30209 1032.81249
148.00000 0.30252 1028.54166
149.00000 0.30292 1654.65868
150.00000 0.30295 1024.27083
151.00000 0.30338 1019.99999
152.00000 0.30381 1015.72916
153.00000 0.30425 1011.45833
154.00000 0.30433 1658.92951
155.00000 0.30469 1007.18749
156.00000 0.30514 1002.91666
157.00000 0.30558 998.64583
158.00000 0.30576 1663.20035
159.00000 0.30603 994.37499
160.00000 0.30648 990.10416
161.00000 0.30693 985.83333
162.00000 0.30722 1667.47118
163.00000 0.30738 981.56249
164.00000 0.30784 977.29166
165.00000 0.30829 973.02083
166.00000 0.30872 1671.74201
167.00000 0.30874 968.74999
168.00000 0.30919 964.47916
169.00000 0.30964 960.20833
170.00000 0.31010 955.93749
171.00000 0.31027 1676.01285
172.00000 0.31055 951.66666
173.00000 0.31099 947.39583
174.00000 0.31144 943.12499
175.00000 0.31188 938.85416
176.00000 0.31188 1680.28368
177.00000 0.31233 934.58333
178.00000 0.31277 930.31249
179.00000 0.31321 926.04166
180.00000 0.31357 1684.55451
181.00000 0.31364 921.77083
182.00000 0.31407 917.49999
183.00000 0.31450 913.22916
184.00000 0.31493 908.95833
185.00000 0.31535 904.68749
186.00000 0.31537 1688.82535
187.00000 0.31577 900.41666
188.00000 0.31619 896.14583
189.00000 0.31660 891.87499
190.00000 0.31700 887.60416
191.00000 0.31732 1693.09618
192.00000 0.31741 883.33333
193.00000 0.31781 879.06249
194.00000 0.31820 874.79166
195.00000 0.31859 870.52083
196.00000 0.31897 866.24999
197.00000 0.31935 861.97916
198.00000 0.31950 1697.36701
199.00000 0.31973 857.70833
200.00000 0.32010 853.43749
201.00000 0.32046 849.16666
202.00000 0.32082 844.89583
203.00000 0.32118 840.62500
204.00000 0.32153 836.35416
205.00000 0.32187 832.08333
206.00000 0.32213 1701.63785
207.00000 0.32221 827.81250
208.00000 0.32254 823.54166
209.00000 0.32287 819.27083
210.00000 0.32319 815.00000
211.00000 0.32350 810.72916
212.00000 0.32381 806.45833
213.00000 0.32412 802.18750
214.00000 0.32442 797.91666
215.00000 0.32471 793.64583
216.00000 0.32499 789.37500
217.00000 0.32527 785.10416
218.00000 0.32555 780.83333
219.00000 0.32582 776.56250
220.00000 0.32601 1705.90868
221.00000 0.32608 772.29166
222.00000 0.32634 768.02083
223.00000 0.32657 1706.29694
224.00000 0.32659 763.75000
225.00000 0.32683 759.47916
226.00000 0.32707 755.20833
227.00000 0.32731 750.93750
228.00000 0.32754 746.66666
229.00000 0.32776 742.39583
230.00000 0.32797 738.12500
231.00000 0.32819 733.85416
232.00000 0.32827 1707.07345
233.00000 0.32839 729.58333
234.00000 0.32859 725.31250
235.00000 0.32879 721.04166
236.00000 0.32895 1707.21464
237.00000 0.32897 716.77083
238.00000 0.32916 712.50000
239.00000 0.32920 1707.24031
240.00000 0.32930 1707.24660
241.00000 0.32934 708.22916
242.00000 0.32950 1707.25282
243.00000 0.32951 703.95833
244.00000 0.32968 699.68750
245.00000 0.32984 695.41666
246.00000 0.32988 1707.23971
247.00000 0.33000 691.14583
248.00000 0.33015 686.87500
249.00000 0.33030 682.60416
250.00000 0.33044 678.33333
251.00000 0.33057 674.06250
252.00000 0.33065 1707.11140
253.00000 0.33071 669.79166
254.00000 0.33084 665.52083
255.00000 0.33096 661.25000
256.00000 0.33108 656.97916
257.00000 0.33119 652.70833
258.00000 0.33130 648.43750
259.00000 0.33141 644.16666
260.00000 0.33142 1706.84700
261.00000 0.33151 639.89583
262.00000 0.33161 635.62500
263.00000 0.33170 631.35416
264.00000 0.33179 627.08333
265.00000 0.33188 622.81250
266.00000 0.33196 618.54166
267.00000 0.33204 614.27083
268.00000 0.33212 610.00000
269.00000 0.33219 605.72916
270.00000 0.33226 601.45833
271.00000 0.33233 597.18750
272.00000 0.33239 592.91666
273.00000 0.33245 588.64583
274.00000 0.33250 584.37500
275.00000 0.33256 580.10416
276.00000 0.33261 575.83333
277.00000 0.33266 571.56250
278.00000 0.33270 567.29166
279.00000 0.33275 563.02083
280.00000 0.33279 558.75000
281.00000 0.33283 554.47916
282.00000 0.33286 550.20833
283.00000 0.33290 545.93750
284.00000 0.33293 1705.91014
285.00000 0.33293 541.66666
286.00000 0.33296 537.39583
287.00000 0.33299 533.12500
288.00000 0.33302 528.85416
289.00000 0.33304 524.58333
290.00000 0.33307 520.31250
291.00000 0.33309 516.04166
292.00000 0.33311 511.77083
293.00000 0.33313 507.50000
294.00000 0.33315 503.22916
295.00000 0.33316 498.95833
296.00000 0.33318 494.68750
297.00000 0.33319 490.41666
298.00000 0.33320 486.14583
299.00000 0.33322 481.87500
300.00000 0.33323 477.60416
301.00000 0.33324 473.33333
302.00000 0.33325 469.06250
303.00000 0.33326 464.79166
304.00000 0.33326 460.52083
305.00000 0.33327 456.25000
306.00000 0.33333 539.93519
307.00000 0.33333 544.20603
308.00000 0.33333 548.47686
309.00000 0.33333 552.74769
310.00000 0.33333 557.01853
311.00000 0.33333 561.28936
312.00000 0.33333 565.56019
313.00000 0.33333 578.37269
314.00000 0.33333 574.10186
315.00000 0.33333 535.66436
316.00000 0.33333 582.64352
317.00000 0.33333 586.91436
318.00000 0.33333 591.18519
319.00000 0.33333 595.45602
320.00000 0.33333 599.72686
321.00000 0.33333 569.83103
322.00000 0.33333 531.39353
323.00000 0.33333 471.60186
324.00000 0.33333 522.85186
325.00000 0.33333 454.51853
326.00000 0.33333 458.78936
327.00000 0.33333 463.06019
328.00000 0.33333 467.33103
329.00000 0.33333 527.12269
330.00000 0.33333 475.87269
331.00000 0.33333 480.14353
332.00000 0.33333 484.41436
333.00000 0.33333 492.95603
334.00000 0.33333 497.22686
335.00000 0.33333 501.49769
336.00000 0.33333 505.76853
337.00000 0.33333 510.03936
338.00000 0.33333 514.31019
339.00000 0.33333 518.58103
340.00000 0.33333 488.68519
341.00000 0.33334 663.78936
342.00000 0.33334 659.51852
343.00000 0.33334 668.06019
344.00000 0.33334 655.24769
345.00000 0.33334 676.60186
346.00000 0.33334 680.87269
347.00000 0.33334 685.14352
348.00000 0.33334 672.33102
349.00000 0.33334 646.70602
350.00000 0.33334 650.97686
351.00000 0.33334 638.16436
352.00000 0.33334 608.26852
353.00000 0.33334 612.53936
354.00000 0.33334 616.81019
355.00000 0.33334 621.08102
356.00000 0.33334 603.99769
357.00000 0.33334 629.62269
358.00000 0.33334 633.89352
359.00000 0.33334 642.43519
360.00000 0.33334 625.35186
361.00000 0.33335 689.41436
362.00000 0.33335 693.68519
363.00000 0.33335 697.95602
364.00000 0.33335 702.22686
365.00000 0.33335 706.49769
366.00000 0.33335 710.76852
367.00000 0.33335 715.03936
368.00000 0.33335 719.31019
369.00000 0.33336 740.66436
370.00000 0.33336 736.39352
371.00000 0.33336 727.85186
372.00000 0.33336 723.58102
373.00000 0.33336 732.12269
374.00000 0.33337 744.93519
375.00000 0.33337 749.20602
376.00000 0.33337 753.47686
377.00000 0.33337 757.74769
378.00000 0.33338 762.01852
379.00000 0.33338 766.28936
380.00000 0.33338 770.56019
381.00000 0.33339 774.83102
382.00000 0.33339 779.10186
383.00000 0.33340 783.37269
384.00000 0.33340 787.64352
385.00000 0.33340 791.91436
386.00000 0.33341 796.18519
387.00000 0.33341 800.45602
388.00000 0.33342 808.99769
389.00000 0.33342 804.72686
390.00000 0.33343 813.26852
391.00000 0.33344 821.81019
392.00000 0.33344 817.53936
393.00000 0.33345 826.08102
394.00000 0.33346 830.35186
395.00000 0.33346 834.62269
396.00000 0.33347 838.89352
397.00000 0.33348 843.16436
398.00000 0.33349 847.43519
399.00000 0.33350 851.70602
400.00000 0.33351 855.97686
401.00000 0.33352 860.24769
402.00000 0.33353 864.51852
403.00000 0.33354 868.78936
404.00000 0.33355 873.06019
405.00000 0.33356 877.33102
406.00000 0.33357 881.60186
407.00000 0.33359 885.87269
408.00000 0.33360 890.14352
409.00000 0.33361 894.41436
410.00000 0.33363 898.68519
411.00000 0.33364 902.95602
412.00000 0.33366 907.22686
413.00000 0.33367 911.49769
414.00000 0.33369 915.76852
415.00000 0.33371 920.03936
416.00000 0.33373 924.31019
417.00000 0.33375 928.58102
418.00000 0.33377 932.85186
419.00000 0.33379 937.12269
420.00000 0.33381 941.39352
421.00000 0.33383 945.66436
422.00000 0.33385 949.93519
423.00000 0.33388 954.20602
424.00000 0.33390 958.47686
425.00000 0.33393 962.74769
426.00000 0.33395 967.01852
427.00000 0.33398 971.28936
428.00000 0.33401 975.56019
429.00000 0.33404 979.83102
430.00000 0.33407 984.10186
431.00000 0.33410 988.37269
432.00000 0.33413 992.64352
433.00000 0.33417 996.91436
434.00000 0.33420 1001.18519
435.00000 0.33424 1005.45602
436.00000 0.33427 1009.72685
437.00000 0.33431 1013.99769
438.00000 0.33435 1018.26852
439.00000 0.33439 1022.53935
440.00000 0.33443 1026.81019
441.00000 0.33448 1031.08102
442.00000 0.33452 1035.35185
443.00000 0.33457 1039.62269
444.00000 0.33461 1043.89352
445.00000 0.33466 1048.16435
446.00000 0.33471 1052.43519
447.00000 0.33476 1056.70602
448.00000 0.33482 1060.97685
449.00000 0.33487 1065.24769
450.00000 0.33493 1069.51852
451.00000 0.33499 1073.78935
452.00000 0.33504 1078.06019
453.00000 0.33511 1082.33102
454.00000 0.33517 1086.60185
455.00000 0.33523 1090.87269
456.00000 0.33530 1095.14352
457.00000 0.33537 1099.41435
458.00000 0.33544 1103.68519
459.00000 0.33551 1107.95602
460.00000 0.33558 1112.22685
461.00000 0.33566 1116.49769
462.00000 0.33574 1120.76852
463.00000 0.33581 1125.03935
464.00000 0.33590 1129.31019
465.00000 0.33591 1702.40644
466.00000 0.33598 1133.58102
467.00000 0.33606 1137.85185
468.00000 0.33615 1142.12269
469.00000 0.33624 1146.39352
470.00000 0.33633 1150.66435
471.00000 0.33643 1154.93519
472.00000 0.33652 1159.20602
473.00000 0.33662 1163.47685
474.00000 0.33672 1167.74769
475.00000 0.33683 1172.01852
476.00000 0.33693 1176.28935
477.00000 0.33704 1180.56019
478.00000 0.33715 1184.83102
479.00000 0.33727 1189.10185
480.00000 0.33738 1193.37269
481.00000 0.33739 1699.84100
482.00000 0.33750 1197.64352
483.00000 0.33762 1201.91435
484.00000 0.33774 1206.18519
485.00000 0.33787 1210.45602
486.00000 0.33800 1214.72685
487.00000 0.33813 1218.99769
488.00000 0.33827 1223.26852
489.00000 0.33840 1227.53935
490.00000 0.33854 1231.81019
491.00000 0.33869 1236.08102
492.00000 0.33883 1240.35185
493.00000 0.33886 1696.73405
494.00000 0.33898 1244.62269
495.00000 0.33914 1248.89352
496.00000 0.33929 1253.16435
497.00000 0.33945 1257.43519
498.00000 0.33961 1261.70602
499.00000 0.33978 1265.97685
500.00000 0.33994 1270.24769
501.00000 0.34011 1274.51852
502.00000 0.34029 1278.78935
503.00000 0.34032 1693.08608
504.00000 0.34047 1283.06019
505.00000 0.34065 1287.33102
506.00000 0.34083 1291.60185
507.00000 0.34092 1691.44320
508.00000 0.34102 1295.87269
509.00000 0.34121 1300.14352
510.00000 0.34141 1304.41435
511.00000 0.34161 1308.68519
512.00000 0.34181 1312.95602
513.00000 0.34202 1317.22685
514.00000 0.34203 1688.15745
515.00000 0.34223 1321.49769
516.00000 0.34244 1325.76852
517.00000 0.34266 1330.03935
518.00000 0.34288 1334.31019
519.00000 0.34310 1338.58102
520.00000 0.34333 1342.85185
521.00000 0.34335 1683.88662
522.00000 0.34357 1347.12269
523.00000 0.34380 1351.39352
524.00000 0.34405 1355.66435
525.00000 0.34429 1359.93519
526.00000 0.34454 1364.20602
527.00000 0.34455 1679.61579
528.00000 0.34479 1368.47685
529.00000 0.34505 1372.74769
530.00000 0.34531 1377.01852
531.00000 0.34558 1381.28935
532.00000 0.34568 1675.34495
533.00000 0.34585 1385.56019
534.00000 0.34613 1389.83102
535.00000 0.34641 1394.10185
536.00000 0.34669 1398.37269
537.00000 0.34673 1671.07412
538.00000 0.34698 1402.64352
539.00000 0.34727 1406.91435
540.00000 0.34757 1411.18519
541.00000 0.34773 1666.80329
542.00000 0.34788 1415.45602
543.00000 0.34818 1419.72685
544.00000 0.34850 1423.99769
545.00000 0.34869 1662.53245
546.00000 0.34881 1428.26852
547.00000 0.34914 1432.53935
548.00000 0.34946 1436.81018
549.00000 0.34960 1658.26162
550.00000 0.34979 1441.08102
551.00000 0.35013 1445.35185
552.00000 0.35047 1449.62268
553.00000 0.35049 1653.99079
554.00000 0.35082 1453.89352
555.00000 0.35117 1458.16435
556.00000 0.35134 1649.71995
557.00000 0.35153 1462.43518
558.00000 0.35189 1466.70602
559.00000 0.35217 1645.44912
560.00000 0.35226 1470.97685
561.00000 0.35264 1475.24768
562.00000 0.35298 1641.17829
563.00000 0.35302 1479.51852
564.00000 0.35340 1483.78935
565.00000 0.35377 1636.90745
566.00000 0.35379 1488.06018
567.00000 0.35419 1492.33102
568.00000 0.35454 1632.63662
569.00000 0.35459 1496.60185
570.00000 0.35499 1500.87268
571.00000 0.35529 1628.36579
572.00000 0.35541 1505.14352
573.00000 0.35583 1509.41435
574.00000 0.35603 1624.09495
575.00000 0.35625 1513.68518
576.00000 0.35668 1517.95602
577.00000 0.35676 1619.82412
578.00000 0.35712 1522.22685
579.00000 0.35747 1615.55329
580.00000 0.35756 1526.49768
581.00000 0.35801 1530.76852
582.00000 0.35817 1611.28245
583.00000 0.35846 1535.03935
584.00000 0.35886 1607.01162
585.00000 0.35892 1539.31018
586.00000 0.35939 1543.58102
587.00000 0.35954 1602.74079
588.00000 0.35986 1547.85185
589.00000 0.36021 1598.46995
590.00000 0.36034 1552.12268
591.00000 0.36083 1556.39352
592.00000 0.36088 1594.19912
593.00000 0.36132 1560.66435
594.00000 0.36153 1589.92829
595.00000 0.36182 1564.93518
596.00000 0.36218 1585.65745
597.00000 0.36232 1569.20602
598.00000 0.36282 1581.38662
599.00000 0.36284 1573.47685
600.00000 0.36336 1577.74768
601.00000 0.36336 1577.74341
602.00000 0.36336 1577.74768
