0.00000 0.97516 883.86718
1.00000 0.97516 879.59635
2.00000 0.97517 875.32552
3.00000 0.97519 888.13802
4.00000 0.97520 871.05468
5.00000 0.97524 892.40885
6.00000 0.97527 866.78385
7.00000 0.97531 896.67968
8.00000 0.97531 864.64843
9.00000 0.97536 862.51302
10.00000 0.97539 900.95052
11.00000 0.97542 860.37760
12.00000 0.97545 859.30989
13.00000 0.97549 905.22135
14.00000 0.97549 858.24218
15.00000 0.97551 857.70833
16.00000 0.97554 857.17447
17.00000 0.97556 856.64062
18.00000 0.97559 856.10677
19.00000 0.97560 909.49218
20.00000 0.97562 855.57291
21.00000 0.97564 855.03906
22.00000 0.97567 854.50520
23.00000 0.97574 913.76302
24.00000 0.97574 853.43749
25.00000 0.97580 852.36979
26.00000 0.97587 851.30208
27.00000 0.97588 918.03385
28.00000 0.97601 849.16666
29.00000 0.97605 922.30468
30.00000 0.97615 847.03124
31.00000 0.97622 926.57552
32.00000 0.97629 844.89583
33.00000 0.97641 930.84635
34.00000 0.97659 840.62500
35.00000 0.97662 935.11718
36.00000 0.97683 939.38802
37.00000 0.97690 836.35416
38.00000 0.97706 943.65885
39.00000 0.97721 832.08333
40.00000 0.97731 947.92968
41.00000 0.97753 827.81250
42.00000 0.97756 952.20051
43.00000 0.97783 956.47135
44.00000 0.97785 823.54166
45.00000 0.97811 960.74218
46.00000 0.97818 819.27083
47.00000 0.97841 965.01301
48.00000 0.97850 815.00000
49.00000 0.97871 969.28385
50.00000 0.97883 810.72916
51.00000 0.97902 973.55468
52.00000 0.97917 806.45833
53.00000 0.97935 977.82551
54.00000 0.97950 802.18750
55.00000 0.97969 982.09635
56.00000 0.97983 797.91666
57.00000 0.98004 986.36718
58.00000 0.98017 793.64583
59.00000 0.98039 990.63801
60.00000 0.98050 789.37500
61.00000 0.98076 994.90885
62.00000 0.98084 785.10416
63.00000 0.98114 999.17968
64.00000 0.98117 780.83333
65.00000 0.98151 776.56250
66.00000 0.98153 1003.45051
67.00000 0.98184 772.29166
68.00000 0.98193 1007.72135
69.00000 0.98218 768.02083
70.00000 0.98233 1011.99218
71.00000 0.98251 763.75000
72.00000 0.98275 1016.26301
73.00000 0.98284 759.47916
74.00000 0.98317 755.20833
75.00000 0.98317 1020.53385
76.00000 0.98350 750.93750
77.00000 0.98361 1024.80468
78.00000 0.98383 746.66666
79.00000 0.98405 1029.07551
80.00000 0.98415 742.39583
81.00000 0.98448 738.12500
82.00000 0.98450 1033.34635
83.00000 0.98480 733.85416
84.00000 0.98496 1037.61718
85.00000 0.98512 729.58333
86.00000 0.98542 1041.88801
87.00000 0.98544 725.31250
88.00000 0.98575 721.04166
89.00000 0.98590 1046.15885
90.00000 0.98607 716.77083
91.00000 0.98638 1050.42968
92.00000 0.98638 712.50000
93.00000 0.98668 708.22916
94.00000 0.98687 1054.70051
95.00000 0.98699 703.95833
96.00000 0.98729 699.68750
97.00000 0.98736 1058.97135
98.00000 0.98759 695.41666
99.00000 0.98787 1063.24218
100.00000 0.98789 691.14583
101.00000 0.98819 686.87500
102.00000 0.98838 1067.51301
103.00000 0.98848 682.60416
104.00000 0.98876 678.33333
105.00000 0.98889 1071.78385
106.00000 0.98905 674.06250
107.00000 0.98933 669.79166
108.00000 0.98941 1076.05468
109.00000 0.98961 665.52083
110.00000 0.98988 661.25000
111.00000 0.98994 1080.32551
112.00000 0.99016 656.97916
113.00000 0.99042 652.70833
114.00000 0.99048 1084.59635
115.00000 0.99069 648.43750
116.00000 0.99095 644.16666
117.00000 0.99102 1088.86718
118.00000 0.99121 639.89583
119.00000 0.99146 635.62500
120.00000 0.99156 1093.13801
121.00000 0.99171 631.35416
122.00000 0.99195 627.08333
123.00000 0.99211 1097.40885
124.00000 0.99220 622.81250
125.00000 0.99243 618.54166
126.00000 0.99267 614.27083
127.00000 0.99267 1101.67968
128.00000 0.99290 610.00000
129.00000 0.99312 605.72916
130.00000 0.99323 1105.95051
131.00000 0.99335 601.45833
132.00000 0.99357 597.18750
133.00000 0.99378 592.91666
134.00000 0.99380 1110.22135
135.00000 0.99399 588.64583
136.00000 0.99420 584.37500
137.00000 0.99437 1114.49218
138.00000 0.99440 580.10416
139.00000 0.99460 575.83333
140.00000 0.99479 571.56250
141.00000 0.99495 1118.76301
142.00000 0.99498 567.29166
143.00000 0.99517 563.02083
144.00000 0.99535 558.75000
145.00000 0.99553 1123.03385
146.00000 0.99553 554.47916
147.00000 0.99570 550.20833
148.00000 0.99587 545.93750
149.00000 0.99603 541.66666
150.00000 0.99611 1127.30468
151.00000 0.99619 537.39583
152.00000 0.99635 533.12500
153.00000 0.99650 528.85416
154.00000 0.99665 524.58333
155.00000 0.99670 1131.57551
156.00000 0.99680 520.31250
157.00000 0.99694 516.04166
158.00000 0.99708 511.77083
159.00000 0.99721 507.50000
160.00000 0.99729 1135.84635
161.00000 0.99734 503.22916
162.00000 0.99746 498.95833
163.00000 0.99759 494.68750
164.00000 0.99770 490.41666
165.00000 0.99782 486.14583
166.00000 0.99789 1140.11718
167.00000 0.99793 481.87500
168.00000 0.99803 477.60416
169.00000 0.99814 473.33333
170.00000 0.99823 469.06250
171.00000 0.99833 464.79166
172.00000 0.99842 460.52083
173.00000 0.99849 1144.38801
174.00000 0.99851 456.25000
175.00000 0.99860 451.97916
176.00000 0.99868 447.70833
177.00000 0.99876 443.43750
178.00000 0.99883 439.16666
179.00000 0.99890 434.89583
180.00000 0.99897 430.62500
181.00000 0.99904 426.35416
182.00000 0.99910 1148.65885
183.00000 0.99910 422.08333
184.00000 0.99916 417.81250
185.00000 0.99922 413.54166
186.00000 0.99927 409.27083
187.00000 0.99932 405.00000
188.00000 0.99937 400.72917
189.00000 0.99942 396.45833
190.00000 0.99946 392.18750
191.00000 0.99950 387.91667
192.00000 0.99954 383.64583
193.00000 0.99958 379.37500
194.00000 0.99961 375.10417
195.00000 0.99964 370.83333
196.00000 0.99968 366.56250
197.00000 0.99970 362.29167
198.00000 0.99971 1152.92968
199.00000 0.99973 358.02083
200.00000 0.99975 353.75000
201.00000 0.99976 1153.31794
202.00000 0.99978 349.47917
203.00000 0.99980 345.20833
204.00000 0.99982 340.93750
205.00000 0.99984 336.66667
206.00000 0.99985 332.39583
207.00000 0.99987 328.12500
208.00000 0.99987 1154.09445
209.00000 0.99988 323.85417
210.00000 0.99989 1154.23564
211.00000 0.99990 319.58333
212.00000 0.99991 315.31250
213.00000 0.99992 311.04167
214.00000 0.99993 1154.51801
215.00000 0.99993 306.77083
216.00000 0.99994 302.50000
217.00000 0.99994 1154.56935
218.00000 0.99994 298.22917
219.00000 0.99995 1154.67203
220.00000 0.99995 293.95833
221.00000 0.99996 289.68750
222.00000 0.99996 285.41667
223.00000 0.99997 281.14583
224.00000 0.99997 276.87500
225.00000 0.99998 272.60417
226.00000 0.99998 1154.87739
227.00000 0.99998 264.06250
228.00000 0.99998 268.33333
229.00000 0.99999 1154.93509
230.00000 0.99999 1154.92151
231.00000 0.99999 238.43750
232.00000 0.99999 1154.91472
233.00000 0.99999 246.97917
234.00000 0.99999 251.25000
235.00000 0.99999 255.52083
236.00000 0.99999 259.79167
237.00000 0.99999 242.70833
238.00000 1.00000 824.00000
239.00000 1.00000 818.00000
240.00000 1.00000 815.00000
241.00000 1.00000 812.00000
242.00000 1.00000 809.00000
243.00000 1.00000 806.00000
244.00000 1.00000 821.00000
245.00000 1.00000 782.00000
246.00000 1.00000 776.00000
247.00000 1.00000 779.00000
248.00000 1.00000 785.00000
249.00000 1.00000 800.00000
250.00000 1.00000 797.00000
251.00000 1.00000 788.00000
252.00000 1.00000 791.00000
253.00000 1.00000 794.00000
254.00000 1.00000 827.00000
255.00000 1.00000 803.00000
256.00000 1.00000 830.00000
257.00000 1.00000 866.00000
258.00000 1.00000 836.00000
259.00000 1.00000 869.00000
260.00000 1.00000 872.00000
261.00000 1.00000 875.00000
262.00000 1.00000 878.00000
263.00000 1.00000 881.00000
264.00000 1.00000 884.00000
265.00000 1.00000 887.00000
266.00000 1.00000 773.00000
267.00000 1.00000 833.00000
268.00000 1.00000 890.00000
269.00000 1.00000 860.00000
270.00000 1.00000 857.00000
271.00000 1.00000 854.00000
272.00000 1.00000 851.00000
273.00000 1.00000 848.00000
274.00000 1.00000 845.00000
275.00000 1.00000 842.00000
276.00000 1.00000 839.00000
277.00000 1.00000 863.00000
278.00000 1.00000 770.00000
279.00000 1.00000 668.00000
280.00000 1.00000 764.00000
281.00000 1.00000 695.00000
282.00000 1.00000 692.00000
283.00000 1.00000 689.00000
284.00000 1.00000 686.00000
285.00000 1.00000 683.00000
286.00000 1.00000 680.00000
287.00000 1.00000 677.00000
288.00000 1.00000 674.00000
289.00000 1.00000 647.00000
290.00000 1.00000 650.00000
291.00000 1.00000 653.00000
292.00000 1.00000 656.00000
293.00000 1.00000 659.00000
294.00000 1.00000 662.00000
295.00000 1.00000 665.00000
296.00000 1.00000 671.00000
297.00000 1.00000 893.00000
298.00000 1.00000 698.00000
299.00000 1.00000 701.00000
300.00000 1.00000 704.00000
301.00000 1.00000 707.00000
302.00000 1.00000 761.00000
303.00000 1.00000 758.00000
304.00000 1.00000 755.00000
305.00000 1.00000 752.00000
306.00000 1.00000 749.00000
307.00000 1.00000 746.00000
308.00000 1.00000 743.00000
309.00000 1.00000 740.00000
310.00000 1.00000 767.00000
311.00000 1.00000 737.00000
312.00000 1.00000 731.00000
313.00000 1.00000 728.00000
314.00000 1.00000 725.00000
315.00000 1.00000 722.00000
316.00000 1.00000 719.00000
317.00000 1.00000 716.00000
318.00000 1.00000 713.00000
319.00000 1.00000 710.00000
320.00000 1.00000 734.00000
321.00000 1.00000 896.00000
322.00000 1.00000 200.00000
323.00000 1.00000 902.00000
324.00000 1.00000 1082.00000
325.00000 1.00000 1079.00000
326.00000 1.00000 1076.00000
327.00000 1.00000 1073.00000
328.00000 1.00000 1070.00000
329.00000 1.00000 1067.00000
330.00000 1.00000 1064.00000
331.00000 1.00000 1061.00000
332.00000 1.00000 1058.00000
333.00000 1.00000 1055.00000
334.00000 1.00000 1052.00000
335.00000 1.00000 1049.00000
336.00000 1.00000 1046.00000
337.00000 1.00000 1043.00000
338.00000 1.00000 1040.00000
339.00000 1.00000 1037.00000
340.00000 1.00000 1034.00000
341.00000 1.00000 1085.00000
342.00000 1.00000 1088.00000
343.00000 1.00000 1091.00000
344.00000 1.00000 1094.00000
345.00000 1.00000 1145.00000
346.00000 1.00000 1142.00000
347.00000 1.00000 1139.00000
348.00000 1.00000 1136.00000
349.00000 1.00000 1133.00000
350.00000 1.00000 1130.00000
351.00000 1.00000 1127.00000
352.00000 1.00000 1124.00000
353.00000 1.00000 1031.00000
354.00000 1.00000 1121.00000
355.00000 1.00000 1118.00000
356.00000 1.00000 1115.00000
357.00000 1.00000 1112.00000
358.00000 1.00000 1109.00000
359.00000 1.00000 1106.00000
360.00000 1.00000 1103.00000
361.00000 1.00000 1100.00000
362.00000 1.00000 1097.00000
363.00000 1.00000 644.00000
364.00000 1.00000 899.00000
365.00000 1.00000 1028.00000
366.00000 1.00000 1022.00000
367.00000 1.00000 953.00000
368.00000 1.00000 950.00000
369.00000 1.00000 947.00000
370.00000 1.00000 944.00000
371.00000 1.00000 941.00000
372.00000 1.00000 938.00000
373.00000 1.00000 935.00000
374.00000 1.00000 932.00000
375.00000 1.00000 929.00000
376.00000 1.00000 926.00000
377.00000 1.00000 923.00000
378.00000 1.00000 920.00000
379.00000 1.00000 917.00000
380.00000 1.00000 914.00000
381.00000 1.00000 911.00000
382.00000 1.00000 908.00000
383.00000 1.00000 905.00000
384.00000 1.00000 956.00000
385.00000 1.00000 959.00000
386.00000 1.00000 962.00000
387.00000 1.00000 965.00000
388.00000 1.00000 1019.00000
389.00000 1.00000 1016.00000
390.00000 1.00000 1013.00000
391.00000 1.00000 1010.00000
392.00000 1.00000 1007.00000
393.00000 1.00000 1004.00000
394.00000 1.00000 1001.00000
395.00000 1.00000 998.00000
396.00000 1.00000 1025.00000
397.00000 1.00000 995.00000
398.00000 1.00000 989.00000
399.00000 1.00000 986.00000
400.00000 1.00000 983.00000
401.00000 1.00000 980.00000
402.00000 1.00000 977.00000
403.00000 1.00000 974.00000
404.00000 1.00000 971.00000
405.00000 1.00000 968.00000
406.00000 1.00000 992.00000
407.00000 1.00000 641.00000
408.00000 1.00000 281.00000
409.00000 1.00000 635.00000
410.00000 1.00000 308.00000
411.00000 1.00000 305.00000
412.00000 1.00000 302.00000
413.00000 1.00000 299.00000
414.00000 1.00000 296.00000
415.00000 1.00000 293.00000
416.00000 1.00000 290.00000
417.00000 1.00000 287.00000
418.00000 1.00000 284.00000
419.00000 1.00000 1148.00000
420.00000 1.00000 278.00000
421.00000 1.00000 275.00000
422.00000 1.00000 272.00000
423.00000 1.00000 269.00000
424.00000 1.00000 266.00000
425.00000 1.00000 263.00000
426.00000 1.00000 260.00000
427.00000 1.00000 311.00000
428.00000 1.00000 314.00000
429.00000 1.00000 317.00000
430.00000 1.00000 320.00000
431.00000 1.00000 374.00000
432.00000 1.00000 371.00000
433.00000 1.00000 368.00000
434.00000 1.00000 365.00000
435.00000 1.00000 362.00000
436.00000 1.00000 359.00000
437.00000 1.00000 356.00000
438.00000 1.00000 353.00000
439.00000 1.00000 257.00000
440.00000 1.00000 350.00000
441.00000 1.00000 344.00000
442.00000 1.00000 341.00000
443.00000 1.00000 338.00000
444.00000 1.00000 335.00000
445.00000 1.00000 332.00000
446.00000 1.00000 329.00000
447.00000 1.00000 326.00000
448.00000 1.00000 323.00000
449.00000 1.00000 347.00000
450.00000 1.00000 377.00000
451.00000 1.00000 254.00000
452.00000 1.00000 248.00000
453.00000 1.00000 1154.98701
454.00000 1.00000 1154.98440
455.00000 1.00000 1154.98310
456.00000 1.00000 1154.98244
457.00000 1.00000 1154.97885
458.00000 1.00000 1154.97706
459.00000 1.00000 1154.96718
460.00000 1.00000 1154.96225
461.00000 1.00000 234.16667
462.00000 1.00000 229.89583
463.00000 1.00000 225.62500
464.00000 1.00000 221.35417
465.00000 1.00000 217.08333
466.00000 1.00000 212.81250
467.00000 1.00000 208.54167
468.00000 1.00000 204.27083
469.00000 1.00000 200.00427
470.00000 1.00000 1154.98749
471.00000 1.00000 1154.98757
472.00000 1.00000 1154.98775
473.00000 1.00000 1154.98809
474.00000 1.00000 245.00000
475.00000 1.00000 242.00000
476.00000 1.00000 239.00000
477.00000 1.00000 236.00000
478.00000 1.00000 233.00000
479.00000 1.00000 230.00000
480.00000 1.00000 227.00000
481.00000 1.00000 224.00000
482.00000 1.00000 251.00000
483.00000 1.00000 221.00000
484.00000 1.00000 215.00000
485.00000 1.00000 212.00000
486.00000 1.00000 209.00000
487.00000 1.00000 206.00000
488.00000 1.00000 203.00000
489.00000 1.00000 200.00000
490.00000 1.00000 1154.98810
491.00000 1.00000 1154.98810
492.00000 1.00000 218.00000
493.00000 1.00000 638.00000
494.00000 1.00000 380.00000
495.00000 1.00000 386.00000
496.00000 1.00000 566.00000
497.00000 1.00000 563.00000
498.00000 1.00000 560.00000
499.00000 1.00000 557.00000
500.00000 1.00000 554.00000
501.00000 1.00000 551.00000
502.00000 1.00000 548.00000
503.00000 1.00000 545.00000
504.00000 1.00000 542.00000
505.00000 1.00000 539.00000
506.00000 1.00000 536.00000
507.00000 1.00000 533.00000
508.00000 1.00000 530.00000
509.00000 1.00000 527.00000
510.00000 1.00000 524.00000
511.00000 1.00000 521.00000
512.00000 1.00000 518.00000
513.00000 1.00000 569.00000
514.00000 1.00000 572.00000
515.00000 1.00000 575.00000
516.00000 1.00000 578.00000
517.00000 1.00000 632.00000
518.00000 1.00000 629.00000
519.00000 1.00000 626.00000
520.00000 1.00000 623.00000
521.00000 1.00000 620.00000
522.00000 1.00000 617.00000
523.00000 1.00000 614.00000
524.00000 1.00000 611.00000
525.00000 1.00000 515.00000
526.00000 1.00000 608.00000
527.00000 1.00000 602.00000
528.00000 1.00000 599.00000
529.00000 1.00000 596.00000
530.00000 1.00000 593.00000
531.00000 1.00000 590.00000
532.00000 1.00000 587.00000
533.00000 1.00000 584.00000
534.00000 1.00000 581.00000
535.00000 1.00000 605.00000
536.00000 1.00000 383.00000
537.00000 1.00000 512.00000
538.00000 1.00000 506.00000
539.00000 1.00000 437.00000
540.00000 1.00000 434.00000
541.00000 1.00000 431.00000
542.00000 1.00000 428.00000
543.00000 1.00000 425.00000
544.00000 1.00000 422.00000
545.00000 1.00000 419.00000
546.00000 1.00000 416.00000
547.00000 1.00000 413.00000
548.00000 1.00000 410.00000
549.00000 1.00000 407.00000
550.00000 1.00000 404.00000
551.00000 1.00000 401.00000
552.00000 1.00000 398.00000
553.00000 1.00000 395.00000
554.00000 1.00000 392.00000
555.00000 1.00000 389.00000
556.00000 1.00000 440.00000
557.00000 1.00000 443.00000
558.00000 1.00000 446.00000
559.00000 1.00000 449.00000
560.00000 1.00000 503.00000
561.00000 1.00000 500.00000
562.00000 1.00000 497.00000
563.00000 1.00000 494.00000
564.00000 1.00000 491.00000
565.00000 1.00000 488.00000
566.00000 1.00000 485.00000
567.00000 1.00000 482.00000
568.00000 1.00000 509.00000
569.00000 1.00000 479.00000
570.00000 1.00000 473.00000
571.00000 1.00000 470.00000
572.00000 1.00000 467.00000
573.00000 1.00000 464.00000
574.00000 1.00000 461.00000
575.00000 1.00000 458.00000
576.00000 1.00000 455.00000
577.00000 1.00000 452.00000
578.00000 1.00000 476.00000
579.00000 1.00000 1151.00000
