0.00000 0.00000 1082.00000
1.00000 0.00000 800.00000
2.00000 0.00000 803.00000
3.00000 0.00000 806.00000
4.00000 0.00000 809.00000
5.00000 0.00000 812.00000
6.00000 0.00000 815.00000
7.00000 0.00000 818.00000
8.00000 0.00000 821.00000
9.00000 0.00000 824.00000
10.00000 0.00000 827.00000
11.00000 0.00000 797.00000
12.00000 0.00000 830.00000
13.00000 0.00000 836.00000
14.00000 0.00000 839.00000
15.00000 0.00000 842.00000
16.00000 0.00000 845.00000
17.00000 0.00000 848.00000
18.00000 0.00000 851.00000
19.00000 0.00000 854.00000
20.00000 0.00000 857.00000
21.00000 0.00000 860.00000
22.00000 0.00000 863.00000
23.00000 0.00000 833.00000
24.00000 0.00000 866.00000
25.00000 0.00000 794.00000
26.00000 0.00000 788.00000
27.00000 0.00000 722.00000
28.00000 0.00000 725.00000
29.00000 0.00000 728.00000
30.00000 0.00000 731.00000
31.00000 0.00000 734.00000
32.00000 0.00000 737.00000
33.00000 0.00000 740.00000
34.00000 0.00000 743.00000
35.00000 0.00000 746.00000
36.00000 0.00000 749.00000
37.00000 0.00000 791.00000
38.00000 0.00000 752.00000
39.00000 0.00000 758.00000
40.00000 0.00000 761.00000
41.00000 0.00000 764.00000
42.00000 0.00000 767.00000
43.00000 0.00000 770.00000
44.00000 0.00000 773.00000
45.00000 0.00000 776.00000
46.00000 0.00000 779.00000
47.00000 0.00000 782.00000
48.00000 0.00000 785.00000
49.00000 0.00000 755.00000
50.00000 0.00000 869.00000
51.00000 0.00000 872.00000
52.00000 0.00000 875.00000
53.00000 0.00000 959.00000
54.00000 0.00000 962.00000
55.00000 0.00000 965.00000
56.00000 0.00000 968.00000
57.00000 0.00000 971.00000
58.00000 0.00000 974.00000
59.00000 0.00000 977.00000
60.00000 0.00000 980.00000
61.00000 0.00000 983.00000
62.00000 0.00000 986.00000
63.00000 0.00000 956.00000
64.00000 0.00000 989.00000
65.00000 0.00000 995.00000
66.00000 0.00000 998.00000
67.00000 0.00000 1001.00000
68.00000 0.00000 1004.00000
69.00000 0.00000 1007.00000
70.00000 0.00000 1010.00000
71.00000 0.00000 1013.00000
72.00000 0.00000 1016.00000
73.00000 0.00000 1019.00000
74.00000 0.00000 1022.00000
75.00000 0.00000 992.00000
76.00000 0.00000 953.00000
77.00000 0.00000 950.00000
78.00000 0.00000 947.00000
79.00000 0.00000 878.00000
80.00000 0.00000 881.00000
81.00000 0.00000 884.00000
82.00000 0.00000 887.00000
83.00000 0.00000 890.00000
84.00000 0.00000 893.00000
85.00000 0.00000 896.00000
86.00000 0.00000 899.00000
87.00000 0.00000 902.00000
88.00000 0.00000 905.00000
89.00000 0.00000 908.00000
90.00000 0.00000 911.00000
91.00000 0.00000 914.00000
92.00000 0.00000 917.00000
93.00000 0.00000 920.00000
94.00000 0.00000 923.00000
95.00000 0.00000 926.00000
96.00000 0.00000 929.00000
97.00000 0.00000 932.00000
98.00000 0.00000 935.00000
99.00000 0.00000 938.00000
100.00000 0.00000 941.00000
101.00000 0.00000 944.00000
102.00000 0.00000 719.00000
103.00000 0.00000 716.00000
104.00000 0.00000 713.00000
105.00000 0.00000 710.00000
106.00000 0.00000 485.00000
107.00000 0.00000 488.00000
108.00000 0.00000 491.00000
109.00000 0.00000 494.00000
110.00000 0.00000 497.00000
111.00000 0.00000 500.00000
112.00000 0.00000 503.00000
113.00000 0.00000 506.00000
114.00000 0.00000 509.00000
115.00000 0.00000 512.00000
116.00000 0.00000 482.00000
117.00000 0.00000 515.00000
118.00000 0.00000 521.00000
119.00000 0.00000 524.00000
120.00000 0.00000 527.00000
121.00000 0.00000 530.00000
122.00000 0.00000 533.00000
123.00000 0.00000 536.00000
124.00000 0.00000 539.00000
125.00000 0.00000 542.00000
126.00000 0.00000 545.00000
127.00000 0.00000 548.00000
128.00000 0.00000 518.00000
129.00000 0.00000 479.00000
130.00000 0.00000 476.00000
131.00000 0.00000 473.00000
132.00000 0.00000 404.00000
133.00000 0.00000 407.00000
134.00000 0.00000 410.00000
135.00000 0.00000 413.00000
136.00000 0.00000 416.00000
137.00000 0.00000 419.00000
138.00000 0.00000 422.00000
139.00000 0.00000 425.00000
140.00000 0.00000 428.00000
141.00000 0.00000 431.00000
142.00000 0.00000 434.00000
143.00000 0.00000 437.00000
144.00000 0.00000 440.00000
145.00000 0.00000 443.00000
146.00000 0.00000 446.00000
147.00000 0.00000 449.00000
148.00000 0.00000 452.00000
149.00000 0.00000 455.00000
150.00000 0.00000 458.00000
151.00000 0.00000 461.00000
152.00000 0.00000 464.00000
153.00000 0.00000 467.00000
154.00000 0.00000 470.00000
155.00000 0.00000 551.00000
156.00000 0.00000 1025.00000
157.00000 0.00000 554.00000
158.00000 0.00000 560.00000
159.00000 0.00000 644.00000
160.00000 0.00000 647.00000
161.00000 0.00000 650.00000
162.00000 0.00000 653.00000
163.00000 0.00000 656.00000
164.00000 0.00000 659.00000
165.00000 0.00000 662.00000
166.00000 0.00000 665.00000
167.00000 0.00000 668.00000
168.00000 0.00000 671.00000
169.00000 0.00000 641.00000
170.00000 0.00000 674.00000
171.00000 0.00000 680.00000
172.00000 0.00000 683.00000
173.00000 0.00000 686.00000
174.00000 0.00000 689.00000
175.00000 0.00000 692.00000
176.00000 0.00000 695.00000
177.00000 0.00000 698.00000
178.00000 0.00000 701.00000
179.00000 0.00000 704.00000
180.00000 0.00000 707.00000
181.00000 0.00000 677.00000
182.00000 0.00000 638.00000
183.00000 0.00000 635.00000
184.00000 0.00000 632.00000
185.00000 0.00000 563.00000
186.00000 0.00000 566.00000
187.00000 0.00000 569.00000
188.00000 0.00000 572.00000
189.00000 0.00000 575.00000
190.00000 0.00000 578.00000
191.00000 0.00000 581.00000
192.00000 0.00000 584.00000
193.00000 0.00000 587.00000
194.00000 0.00000 590.00000
195.00000 0.00000 593.00000
196.00000 0.00000 596.00000
197.00000 0.00000 599.00000
198.00000 0.00000 602.00000
199.00000 0.00000 605.00000
200.00000 0.00000 608.00000
201.00000 0.00000 611.00000
202.00000 0.00000 614.00000
203.00000 0.00000 617.00000
204.00000 0.00000 620.00000
205.00000 0.00000 623.00000
206.00000 0.00000 626.00000
207.00000 0.00000 629.00000
208.00000 0.00000 557.00000
209.00000 0.00000 401.00000
210.00000 0.00000 1028.00000
211.00000 0.00000 1034.00000
212.00000 0.00000 1433.00000
213.00000 0.00000 1436.00000
214.00000 0.00000 1439.00000
215.00000 0.00000 1442.00000
216.00000 0.00000 1445.00000
217.00000 0.00000 1448.00000
218.00000 0.00000 1451.00000
219.00000 0.00000 1454.00000
220.00000 0.00000 1457.00000
221.00000 0.00000 1460.00000
222.00000 0.00000 1430.00000
223.00000 0.00000 1463.00000
224.00000 0.00000 1469.00000
225.00000 0.00000 1472.00000
226.00000 0.00000 1475.00000
227.00000 0.00000 1478.00000
228.00000 0.00000 1481.00000
229.00000 0.00000 1484.00000
230.00000 0.00000 1487.00000
231.00000 0.00000 1490.00000
232.00000 0.00000 1493.00000
233.00000 0.00000 1496.00000
234.00000 0.00000 1466.00000
235.00000 0.00000 1499.00000
236.00000 0.00000 1427.00000
237.00000 0.00000 1421.00000
238.00000 0.00000 1355.00000
239.00000 0.00000 1358.00000
240.00000 0.00000 1361.00000
241.00000 0.00000 1364.00000
242.00000 0.00000 1367.00000
243.00000 0.00000 1370.00000
244.00000 0.00000 1373.00000
245.00000 0.00000 1376.00000
246.00000 0.00000 1379.00000
247.00000 0.00000 1382.00000
248.00000 0.00000 1424.00000
249.00000 0.00000 1385.00000
250.00000 0.00000 1391.00000
251.00000 0.00000 1394.00000
252.00000 0.00000 1397.00000
253.00000 0.00000 1400.00000
254.00000 0.00000 1403.00000
255.00000 0.00000 1406.00000
256.00000 0.00000 1409.00000
257.00000 0.00000 1412.00000
258.00000 0.00000 1415.00000
259.00000 0.00000 1418.00000
260.00000 0.00000 1388.00000
261.00000 0.00000 1502.00000
262.00000 0.00000 1505.00000
263.00000 0.00000 1508.00000
264.00000 0.00000 1592.00000
265.00000 0.00000 1595.00000
266.00000 0.00000 1598.00000
267.00000 0.00000 1601.00000
268.00000 0.00000 1604.00000
269.00000 0.00000 1607.00000
270.00000 0.00000 1610.00000
271.00000 0.00000 1613.00000
272.00000 0.00000 1616.00000
273.00000 0.00000 1619.00000
274.00000 0.00000 1589.00000
275.00000 0.00000 1622.00000
276.00000 0.00000 1628.00000
277.00000 0.00000 1631.00000
278.00000 0.00000 1634.00000
279.00000 0.00000 1637.00000
280.00000 0.00000 1640.00000
281.00000 0.00000 1643.00000
282.00000 0.00000 1646.00000
283.00000 0.00000 1649.00000
284.00000 0.00000 1652.00000
285.00000 0.00000 1655.00000
286.00000 0.00000 1625.00000
287.00000 0.00000 1586.00000
288.00000 0.00000 1583.00000
289.00000 0.00000 1580.00000
290.00000 0.00000 1511.00000
291.00000 0.00000 1514.00000
292.00000 0.00000 1517.00000
293.00000 0.00000 1520.00000
294.00000 0.00000 1523.00000
295.00000 0.00000 1526.00000
296.00000 0.00000 1529.00000
297.00000 0.00000 1532.00000
298.00000 0.00000 1535.00000
299.00000 0.00000 1538.00000
300.00000 0.00000 1541.00000
301.00000 0.00000 1544.00000
302.00000 0.00000 1547.00000
303.00000 0.00000 1550.00000
304.00000 0.00000 1553.00000
305.00000 0.00000 1556.00000
306.00000 0.00000 1559.00000
307.00000 0.00000 1562.00000
308.00000 0.00000 1565.00000
309.00000 0.00000 1568.00000
310.00000 0.00000 1571.00000
311.00000 0.00000 1574.00000
312.00000 0.00000 1577.00000
313.00000 0.00000 1352.00000
314.00000 0.00000 1349.00000
315.00000 0.00000 1346.00000
316.00000 0.00000 1343.00000
317.00000 0.00000 1118.00000
318.00000 0.00000 1121.00000
319.00000 0.00000 1124.00000
320.00000 0.00000 1127.00000
321.00000 0.00000 1130.00000
322.00000 0.00000 1133.00000
323.00000 0.00000 1136.00000
324.00000 0.00000 1139.00000
325.00000 0.00000 1142.00000
326.00000 0.00000 1145.00000
327.00000 0.00000 1115.00000
328.00000 0.00000 1148.00000
329.00000 0.00000 1154.00000
330.00000 0.00000 1157.00000
331.00000 0.00000 1160.00000
332.00000 0.00000 1163.00000
333.00000 0.00000 1166.00000
334.00000 0.00000 1169.00000
335.00000 0.00000 1172.00000
336.00000 0.00000 1175.00000
337.00000 0.00000 1178.00000
338.00000 0.00000 1181.00000
339.00000 0.00000 1151.00000
340.00000 0.00000 1112.00000
341.00000 0.00000 1109.00000
342.00000 0.00000 1106.00000
343.00000 0.00000 1037.00000
344.00000 0.00000 1040.00000
345.00000 0.00000 1043.00000
346.00000 0.00000 1046.00000
347.00000 0.00000 1049.00000
348.00000 0.00000 1052.00000
349.00000 0.00000 1055.00000
350.00000 0.00000 1058.00000
351.00000 0.00000 1061.00000
352.00000 0.00000 1064.00000
353.00000 0.00000 1067.00000
354.00000 0.00000 1070.00000
355.00000 0.00000 1073.00000
356.00000 0.00000 1076.00000
357.00000 0.00000 1079.00000
358.00000 0.00000 1664.00000
359.00000 0.00000 1085.00000
360.00000 0.00000 1088.00000
361.00000 0.00000 1091.00000
362.00000 0.00000 1094.00000
363.00000 0.00000 1097.00000
364.00000 0.00000 1100.00000
365.00000 0.00000 1103.00000
366.00000 0.00000 1184.00000
367.00000 0.00000 1031.00000
368.00000 0.00000 1187.00000
369.00000 0.00000 1193.00000
370.00000 0.00000 1277.00000
371.00000 0.00000 1280.00000
372.00000 0.00000 1283.00000
373.00000 0.00000 1286.00000
374.00000 0.00000 1289.00000
375.00000 0.00000 1292.00000
376.00000 0.00000 1295.00000
377.00000 0.00000 1298.00000
378.00000 0.00000 1301.00000
379.00000 0.00000 1304.00000
380.00000 0.00000 1274.00000
381.00000 0.00000 1307.00000
382.00000 0.00000 1313.00000
383.00000 0.00000 1316.00000
384.00000 0.00000 1319.00000
385.00000 0.00000 1322.00000
386.00000 0.00000 1325.00000
387.00000 0.00000 1328.00000
388.00000 0.00000 1331.00000
389.00000 0.00000 1334.00000
390.00000 0.00000 1337.00000
391.00000 0.00000 1340.00000
392.00000 0.00000 1310.00000
393.00000 0.00000 1271.00000
394.00000 0.00000 1268.00000
395.00000 0.00000 1265.00000
396.00000 0.00000 1196.00000
397.00000 0.00000 1199.00000
398.00000 0.00000 1202.00000
399.00000 0.00000 1205.00000
400.00000 0.00000 1208.00000
401.00000 0.00000 1211.00000
402.00000 0.00000 1214.00000
403.00000 0.00000 1217.00000
404.00000 0.00000 1220.00000
405.00000 0.00000 1223.00000
406.00000 0.00000 1226.00000
407.00000 0.00000 1229.00000
408.00000 0.00000 1232.00000
409.00000 0.00000 1235.00000
410.00000 0.00000 1238.00000
411.00000 0.00000 1241.00000
412.00000 0.00000 1244.00000
413.00000 0.00000 1247.00000
414.00000 0.00000 1250.00000
415.00000 0.00000 1253.00000
416.00000 0.00000 1256.00000
417.00000 0.00000 1259.00000
418.00000 0.00000 1262.00000
419.00000 0.00000 1190.00000
420.00000 0.00000 398.00000
421.00000 0.00000 395.00000
422.00000 0.00000 392.00000
423.00000 0.00000 1970.00000
424.00000 0.00000 1658.00000
425.00000 0.00000 1973.00000
426.00000 0.00000 1976.00000
427.00000 0.00000 1979.00000
428.00000 0.00000 1982.00000
429.00000 0.00000 1985.00000
430.00000 0.00000 1988.00000
431.00000 0.00000 1991.00000
432.00000 0.00000 1994.00000
433.00000 0.00000 1997.00000
434.00000 0.00000 2000.00000
435.00000 0.00000 2003.00000
436.00000 0.00000 2006.00000
437.00000 0.00000 2009.00000
438.00000 0.00000 2012.00000
439.00000 0.00000 2015.00000
440.00000 0.00000 2018.00000
441.00000 0.00000 2021.00000
442.00000 0.00000 2024.00000
443.00000 0.00000 2027.00000
444.00000 0.00000 2030.00000
445.00000 0.00000 2033.00000
446.00000 0.00000 2036.00000
447.00000 0.00000 2039.00000
448.00000 0.00000 2042.00000
449.00000 0.00000 2045.00000
450.00000 0.00000 2048.00000
451.00000 0.00000 2051.00000
452.00000 0.00000 1967.00000
453.00000 0.00000 2054.00000
454.00000 0.00000 1964.00000
455.00000 0.00000 1958.00000
456.00000 0.00000 1871.00000
457.00000 0.00000 1874.00000
458.00000 0.00000 1877.00000
459.00000 0.00000 1880.00000
460.00000 0.00000 1883.00000
461.00000 0.00000 1886.00000
462.00000 0.00000 1889.00000
463.00000 0.00000 1892.00000
464.00000 0.00000 1895.00000
465.00000 0.00000 1898.00000
466.00000 0.00000 1901.00000
467.00000 0.00000 1904.00000
468.00000 0.00000 1907.00000
469.00000 0.00000 1910.00000
470.00000 0.00000 1913.00000
471.00000 0.00000 1916.00000
472.00000 0.00000 1919.00000
473.00000 0.00000 1922.00000
474.00000 0.00000 1925.00000
475.00000 0.00000 1928.00000
476.00000 0.00000 1931.00000
477.00000 0.00000 1934.00000
478.00000 0.00000 1937.00000
479.00000 0.00000 1940.00000
480.00000 0.00000 1943.00000
481.00000 0.00000 1946.00000
482.00000 0.00000 1949.00000
483.00000 0.00000 1952.00000
484.00000 0.00000 1955.00000
485.00000 0.00000 1961.00000
486.00000 0.00000 1868.00000
487.00000 0.00000 2057.00000
488.00000 0.00000 2063.00000
489.00000 0.00000 2165.00000
490.00000 0.00000 2168.00000
491.00000 0.00000 2171.00000
492.00000 0.00000 2174.00000
493.00000 0.00000 2177.00000
494.00000 0.00000 2180.00000
495.00000 0.00000 2183.00000
496.00000 0.00000 2186.00000
497.00000 0.00000 2189.00000
498.00000 0.00000 2192.00000
499.00000 0.00000 2195.00000
500.00000 0.00000 2198.00000
501.00000 0.00000 2201.00000
502.00000 0.00000 2204.00000
503.00000 0.00000 2207.00000
504.00000 0.00000 2210.00000
505.00000 0.00000 2213.00000
506.00000 0.00000 2216.00000
507.00000 0.00000 2219.00000
508.00000 0.00000 2222.00000
509.00000 0.00000 2225.00000
510.00000 0.00000 2228.00000
511.00000 0.00000 2231.00000
512.00000 0.00000 2234.00000
513.00000 0.00000 2237.00000
514.00000 0.00000 2240.00000
515.00000 0.00000 2243.00000
516.00000 0.00000 2246.00000
517.00000 0.00000 2249.00000
518.00000 0.00000 2162.00000
519.00000 0.00000 2060.00000
520.00000 0.00000 2159.00000
521.00000 0.00000 2153.00000
522.00000 0.00000 2066.00000
523.00000 0.00000 2069.00000
524.00000 0.00000 2072.00000
525.00000 0.00000 2075.00000
526.00000 0.00000 2078.00000
527.00000 0.00000 2081.00000
528.00000 0.00000 2084.00000
529.00000 0.00000 2087.00000
530.00000 0.00000 2090.00000
531.00000 0.00000 2093.00000
532.00000 0.00000 2096.00000
533.00000 0.00000 2099.00000
534.00000 0.00000 2102.00000
535.00000 0.00000 2105.00000
536.00000 0.00000 2108.00000
537.00000 0.00000 2111.00000
538.00000 0.00000 2114.00000
539.00000 0.00000 2117.00000
540.00000 0.00000 2120.00000
541.00000 0.00000 2123.00000
542.00000 0.00000 2126.00000
543.00000 0.00000 2129.00000
544.00000 0.00000 2132.00000
545.00000 0.00000 2135.00000
546.00000 0.00000 2138.00000
547.00000 0.00000 2141.00000
548.00000 0.00000 2144.00000
549.00000 0.00000 2147.00000
550.00000 0.00000 2150.00000
551.00000 0.00000 2156.00000
552.00000 0.00000 1865.00000
553.00000 0.00000 1661.00000
554.00000 0.00000 1859.00000
555.00000 0.00000 209.00000
556.00000 0.00000 212.00000
557.00000 0.00000 215.00000
558.00000 0.00000 218.00000
559.00000 0.00000 221.00000
560.00000 0.00000 224.00000
561.00000 0.00000 227.00000
562.00000 0.00000 233.00000
563.00000 0.00000 236.00000
564.00000 0.00000 239.00000
565.00000 0.00000 242.00000
566.00000 0.00000 245.00000
567.00000 0.00000 248.00000
568.00000 0.00000 251.00000
569.00000 0.00000 254.00000
570.00000 0.00000 257.00000
571.00000 0.00000 260.00000
572.00000 0.00000 1754.00000
573.00000 0.00000 263.00000
574.00000 0.00000 266.00000
575.00000 0.00000 269.00000
576.00000 0.00000 272.00000
577.00000 0.00000 275.00000
578.00000 0.00000 278.00000
579.00000 0.00000 281.00000
580.00000 0.00000 284.00000
581.00000 0.00000 287.00000
582.00000 0.00000 290.00000
583.00000 0.00000 293.00000
584.00000 0.00000 206.00000
585.00000 0.00000 296.00000
586.00000 0.00000 203.00000
587.00000 0.00000 1667.00000
588.00000 0.00000 1862.00000
589.00000 0.00000 1751.00000
590.00000 0.00000 1748.00000
591.00000 0.00000 1745.00000
592.00000 0.00000 1742.00000
593.00000 0.00000 1739.00000
594.00000 0.00000 1736.00000
595.00000 0.00000 1733.00000
596.00000 0.00000 1730.00000
597.00000 0.00000 1727.00000
598.00000 0.00000 1724.00000
599.00000 0.00000 1721.00000
600.00000 0.00000 1718.00000
601.00000 0.00000 1715.00000
602.00000 0.00000 1712.00000
603.00000 0.00000 1709.00000
604.00000 0.00000 1706.00000
605.00000 0.00000 1703.00000
606.00000 0.00000 1700.00000
607.00000 0.00000 1697.00000
608.00000 0.00000 1694.00000
609.00000 0.00000 1691.00000
610.00000 0.00000 1688.00000
611.00000 0.00000 1685.00000
612.00000 0.00000 1682.00000
613.00000 0.00000 1679.00000
614.00000 0.00000 1676.00000
615.00000 0.00000 1673.00000
616.00000 0.00000 1670.00000
617.00000 0.00000 200.00000
618.00000 0.00000 299.00000
619.00000 0.00000 230.00000
620.00000 0.00000 305.00000
621.00000 0.00000 1772.00000
622.00000 0.00000 1775.00000
623.00000 0.00000 1778.00000
624.00000 0.00000 1781.00000
625.00000 0.00000 1784.00000
626.00000 0.00000 1787.00000
627.00000 0.00000 1790.00000
628.00000 0.00000 1793.00000
629.00000 0.00000 1796.00000
630.00000 0.00000 1799.00000
631.00000 0.00000 1802.00000
632.00000 0.00000 1805.00000
633.00000 0.00000 1808.00000
634.00000 0.00000 1811.00000
635.00000 0.00000 1814.00000
636.00000 0.00000 1817.00000
637.00000 0.00000 1820.00000
638.00000 0.00000 1823.00000
639.00000 0.00000 1826.00000
640.00000 0.00000 1829.00000
641.00000 0.00000 1832.00000
642.00000 0.00000 302.00000
643.00000 0.00000 1838.00000
644.00000 0.00000 1841.00000
645.00000 0.00000 1844.00000
646.00000 0.00000 1847.00000
647.00000 0.00000 1850.00000
648.00000 0.00000 1853.00000
649.00000 0.00000 1856.00000
650.00000 0.00000 1769.00000
651.00000 0.00000 1766.00000
652.00000 0.00000 1835.00000
653.00000 0.00000 1760.00000
654.00000 0.00000 311.00000
655.00000 0.00000 314.00000
656.00000 0.00000 317.00000
657.00000 0.00000 320.00000
658.00000 0.00000 323.00000
659.00000 0.00000 326.00000
660.00000 0.00000 329.00000
661.00000 0.00000 332.00000
662.00000 0.00000 335.00000
663.00000 0.00000 341.00000
664.00000 0.00000 344.00000
665.00000 0.00000 347.00000
666.00000 0.00000 350.00000
667.00000 0.00000 353.00000
668.00000 0.00000 338.00000
669.00000 0.00000 359.00000
670.00000 0.00000 1757.00000
671.00000 0.00000 356.00000
672.00000 0.00000 386.00000
673.00000 0.00000 383.00000
674.00000 0.00000 380.00000
675.00000 0.00000 377.00000
676.00000 0.00000 389.00000
677.00000 0.00000 308.00000
678.00000 0.00000 374.00000
679.00000 0.00000 362.00000
680.00000 0.00000 365.00000
681.00000 0.00000 1763.00000
682.00000 0.00000 371.00000
683.00000 0.00000 368.00000
684.00000 0.00001 200.00000
685.00000 0.00001 200.00427
686.00000 0.00001 204.27083
687.00000 0.00002 208.54167
688.00000 0.00002 212.81250
689.00000 0.00003 217.08333
690.00000 0.00003 221.35417
691.00000 0.00004 225.62500
692.00000 0.00005 229.89583
693.00000 0.00006 234.16667
694.00000 0.00007 238.43750
695.00000 0.00009 242.70833
696.00000 0.00010 246.97917
697.00000 0.00012 251.25000
698.00000 0.00014 255.52083
699.00000 0.00017 259.79167
700.00000 0.00019 264.06250
701.00000 0.00022 268.33333
702.00000 0.00026 272.60417
703.00000 0.00030 276.87500
704.00000 0.00034 281.14583
705.00000 0.00039 285.41667
706.00000 0.00044 289.68750
707.00000 0.00050 293.95833
708.00000 0.00056 298.22917
709.00000 0.00064 302.50000
710.00000 0.00071 306.77083
711.00000 0.00080 311.04167
712.00000 0.00089 315.31250
713.00000 0.00098 319.58333
714.00000 0.00109 323.85417
715.00000 0.00121 328.12500
716.00000 0.00133 332.39583
717.00000 0.00146 336.66667
718.00000 0.00160 340.93750
719.00000 0.00176 345.20833
720.00000 0.00192 349.47917
721.00000 0.00209 353.75000
722.00000 0.00228 358.02083
723.00000 0.00247 362.29167
724.00000 0.00268 366.56250
725.00000 0.00290 370.83333
726.00000 0.00314 375.10417
727.00000 0.00339 379.37500
728.00000 0.00365 383.64583
729.00000 0.00392 387.91667
730.00000 0.00421 392.18750
731.00000 0.00452 396.45833
732.00000 0.00484 400.72917
733.00000 0.00517 405.00000
734.00000 0.00552 409.27083
735.00000 0.00589 413.54166
736.00000 0.00628 417.81250
737.00000 0.00668 422.08333
738.00000 0.00710 426.35416
739.00000 0.00754 430.62500
740.00000 0.00800 434.89583
741.00000 0.00848 439.16666
742.00000 0.00897 443.43750
743.00000 0.00949 447.70833
744.00000 0.01003 451.97916
745.00000 0.01059 456.25000
746.00000 0.01117 460.52083
747.00000 0.01177 464.79166
748.00000 0.01240 469.06250
749.00000 0.01304 473.33333
750.00000 0.01371 477.60416
751.00000 0.01441 481.87500
752.00000 0.01513 486.14583
753.00000 0.01587 490.41666
754.00000 0.01664 494.68750
755.00000 0.01743 498.95833
756.00000 0.01825 503.22916
757.00000 0.01910 507.50000
758.00000 0.01997 511.77083
759.00000 0.02087 516.04166
760.00000 0.02181 520.31250
761.00000 0.02276 524.58333
762.00000 0.02375 528.85416
763.00000 0.02477 533.12500
764.00000 0.02582 537.39583
765.00000 0.02690 541.66666
766.00000 0.02801 545.93750
767.00000 0.02916 550.20833
768.00000 0.03033 554.47916
769.00000 0.03155 558.75000
770.00000 0.03279 563.02083
771.00000 0.03407 567.29166
772.00000 0.03539 571.56250
773.00000 0.03674 575.83333
774.00000 0.03813 580.10416
775.00000 0.03956 584.37500
776.00000 0.04103 588.64583
777.00000 0.04254 592.91666
778.00000 0.04409 597.18750
779.00000 0.04569 601.45833
780.00000 0.04732 605.72916
781.00000 0.04900 610.00000
782.00000 0.05072 614.27083
783.00000 0.05249 618.54166
784.00000 0.05431 622.81250
785.00000 0.05618 627.08333
786.00000 0.05810 631.35416
787.00000 0.06006 635.62500
788.00000 0.06208 639.89583
789.00000 0.06416 644.16666
790.00000 0.06629 648.43750
791.00000 0.06848 652.70833
792.00000 0.07072 656.97916
793.00000 0.07303 661.25000
794.00000 0.07540 665.52083
795.00000 0.07784 669.79166
796.00000 0.08034 674.06250
797.00000 0.08292 678.33333
798.00000 0.08556 682.60416
799.00000 0.08828 686.87500
800.00000 0.09108 691.14583
801.00000 0.09396 695.41666
802.00000 0.09692 699.68750
803.00000 0.09997 703.95833
804.00000 0.10311 708.22916
805.00000 0.10634 712.50000
806.00000 0.10968 716.77083
807.00000 0.11311 721.04166
808.00000 0.11666 725.31250
809.00000 0.12032 729.58333
810.00000 0.12410 733.85416
811.00000 0.12801 738.12500
812.00000 0.13206 742.39583
813.00000 0.13625 746.66666
814.00000 0.14058 750.93750
815.00000 0.14508 755.20833
816.00000 0.14976 759.47916
817.00000 0.15461 763.75000
818.00000 0.15967 768.02083
819.00000 0.16494 772.29166
820.00000 0.17044 776.56250
821.00000 0.17620 780.83333
822.00000 0.18223 785.10416
823.00000 0.18857 789.37500
824.00000 0.19524 793.64583
825.00000 0.20229 797.91666
826.00000 0.20976 802.18750
827.00000 0.21772 806.45833
828.00000 0.22622 810.72916
829.00000 0.23537 815.00000
830.00000 0.24527 819.27083
831.00000 0.25609 823.54166
832.00000 0.26802 827.81250
833.00000 0.28139 832.08333
834.00000 0.29665 836.35416
835.00000 0.31457 840.62500
836.00000 0.33655 844.89583
837.00000 0.34992 847.03124
838.00000 0.36577 849.16666
839.00000 0.38557 851.30208
840.00000 0.39786 852.36979
841.00000 0.41274 853.43749
842.00000 0.43187 854.50520
843.00000 0.44401 855.03906
844.00000 0.44614 2245.72917
845.00000 0.44614 2245.72490
846.00000 0.45170 2241.45833
847.00000 0.45731 2237.18750
848.00000 0.45881 855.57291
849.00000 0.46298 2232.91667
850.00000 0.46871 2228.64583
851.00000 0.47449 2224.37500
852.00000 0.47710 856.10677
853.00000 0.48032 2220.10417
854.00000 0.48622 2215.83333
855.00000 0.49217 2211.56250
856.00000 0.49818 2207.29167
857.00000 0.49851 856.64062
858.00000 0.50425 2203.02083
859.00000 0.51038 2198.75000
860.00000 0.51657 2194.47917
861.00000 0.51970 857.17447
862.00000 0.52282 2190.20833
863.00000 0.52913 2185.93750
864.00000 0.53551 2181.66667
865.00000 0.53760 857.70833
866.00000 0.54194 2177.39583
867.00000 0.54844 2173.12500
868.00000 0.55206 858.24218
869.00000 0.55501 2168.85417
870.00000 0.56163 2164.58333
871.00000 0.56832 2160.31250
872.00000 0.57399 859.30989
873.00000 0.57508 2156.04167
874.00000 0.58189 2151.77083
875.00000 0.58878 2147.50000
876.00000 0.59041 860.37760
877.00000 0.59573 2143.22917
878.00000 0.60274 2138.95833
879.00000 0.60982 2134.68750
880.00000 0.61480 862.51302
881.00000 0.61696 2130.41667
882.00000 0.62417 2126.14583
883.00000 0.63144 2121.87500
884.00000 0.63315 864.64843
885.00000 0.63878 2117.60417
886.00000 0.64618 2113.33333
887.00000 0.64809 866.78385
888.00000 0.65364 2109.06250
889.00000 0.66118 2104.79167
890.00000 0.66877 2100.52083
891.00000 0.67198 871.05468
892.00000 0.67643 2096.25000
893.00000 0.68416 2091.97917
894.00000 0.69103 875.32552
895.00000 0.69194 2087.70833
896.00000 0.69979 2083.43750
897.00000 0.70707 879.59635
898.00000 0.70771 2079.16667
899.00000 0.71569 2074.89583
900.00000 0.72103 883.86718
901.00000 0.72373 2070.62500
902.00000 0.73183 2066.35417
903.00000 0.73345 888.13802
904.00000 0.73999 2062.08333
905.00000 0.74469 892.40885
906.00000 0.74822 2057.81250
907.00000 0.75498 896.67968
908.00000 0.75651 2053.54167
909.00000 0.76449 900.95052
910.00000 0.76486 2049.27083
911.00000 0.77327 2045.00000
912.00000 0.77335 905.22135
913.00000 0.78166 909.49218
914.00000 0.78175 2040.72917
915.00000 0.78948 913.76302
916.00000 0.79029 2036.45833
917.00000 0.79689 918.03385
918.00000 0.79889 2032.18750
919.00000 0.80393 922.30468
920.00000 0.80755 2027.91667
921.00000 0.81064 926.57552
922.00000 0.81627 2023.64584
923.00000 0.81705 930.84635
924.00000 0.82320 935.11718
925.00000 0.82506 2019.37500
926.00000 0.82911 939.38802
927.00000 0.83392 2015.10417
928.00000 0.83480 943.65885
929.00000 0.84029 947.92968
930.00000 0.84284 2010.83334
931.00000 0.84559 952.20051
932.00000 0.85072 956.47135
933.00000 0.85183 2006.56250
934.00000 0.85569 960.74218
935.00000 0.86051 965.01301
936.00000 0.86088 2002.29167
937.00000 0.86520 969.28385
938.00000 0.86976 973.55468
939.00000 0.87001 1998.02084
940.00000 0.87419 977.82551
941.00000 0.87852 982.09635
942.00000 0.87920 1993.75000
943.00000 0.88273 986.36718
944.00000 0.88685 990.63801
945.00000 0.88848 1989.47917
946.00000 0.89086 994.90885
947.00000 0.89479 999.17968
948.00000 0.89782 1985.20834
949.00000 0.89863 1003.45051
950.00000 0.90239 1007.72135
951.00000 0.90608 1011.99218
952.00000 0.90725 1980.93750
953.00000 0.90968 1016.26301
954.00000 0.91322 1020.53385
955.00000 0.91669 1024.80468
956.00000 0.91676 1976.66667
957.00000 0.92010 1029.07551
958.00000 0.92344 1033.34635
959.00000 0.92635 1972.39584
960.00000 0.92672 1037.61718
961.00000 0.92995 1041.88801
962.00000 0.93312 1046.15885
963.00000 0.93604 1968.12500
964.00000 0.93624 1050.42968
965.00000 0.93930 1054.70051
966.00000 0.94232 1058.97135
967.00000 0.94529 1063.24218
968.00000 0.94582 1963.85417
969.00000 0.94822 1067.51301
970.00000 0.95110 1071.78385
971.00000 0.95393 1076.05468
972.00000 0.95570 1959.58334
973.00000 0.95673 1080.32551
974.00000 0.95948 1084.59635
975.00000 0.96220 1088.86718
976.00000 0.96488 1093.13801
977.00000 0.96569 1955.31250
978.00000 0.96752 1097.40885
979.00000 0.97013 1101.67968
980.00000 0.97270 1105.95051
981.00000 0.97524 1110.22135
982.00000 0.97580 1951.04167
983.00000 0.97774 1114.49218
984.00000 0.98021 1118.76301
985.00000 0.98265 1123.03385
986.00000 0.98506 1127.30468
987.00000 0.98602 1946.77084
988.00000 0.98745 1131.57551
989.00000 0.98980 1135.84635
990.00000 0.99212 1140.11718
991.00000 0.99442 1144.38801
992.00000 0.99638 1942.50000
993.00000 0.99669 1148.65885
994.00000 0.99733 1942.11174
995.00000 0.99893 1152.92968
996.00000 0.99913 1153.31794
997.00000 0.99923 1941.33523
998.00000 0.99954 1154.09445
999.00000 0.99957 1941.19404
1000.00000 0.99961 1154.23564
1001.00000 0.99964 1941.16838
1002.00000 0.99976 1941.11704
1003.00000 0.99976 1154.51801
1004.00000 0.99978 1154.56935
1005.00000 0.99979 1941.10770
1006.00000 0.99983 1941.08903
1007.00000 0.99984 1154.67203
1008.00000 0.99992 1941.05169
1009.00000 0.99994 1154.87739
1010.00000 0.99994 1941.04490
1011.00000 0.99996 1154.91472
1012.00000 0.99997 1941.03133
1013.00000 0.99997 1154.92151
1014.00000 0.99997 1154.93509
1015.00000 0.99998 1941.02886
1016.00000 0.99999 1154.97706
1017.00000 0.99999 1941.02302
1018.00000 0.99999 1941.02392
1019.00000 0.99999 1154.96718
1020.00000 0.99999 1154.96225
1021.00000 1.00000 1707.00000
1022.00000 1.00000 1668.00000
1023.00000 1.00000 1665.00000
1024.00000 1.00000 1662.00000
1025.00000 1.00000 1659.00000
1026.00000 1.00000 1656.00000
1027.00000 1.00000 1653.00000
1028.00000 1.00000 1650.00000
1029.00000 1.00000 1647.00000
1030.00000 1.00000 1644.00000
1031.00000 1.00000 1641.00000
1032.00000 1.00000 1638.00000
1033.00000 1.00000 1635.00000
1034.00000 1.00000 1632.00000
1035.00000 1.00000 1671.00000
1036.00000 1.00000 1674.00000
1037.00000 1.00000 1689.00000
1038.00000 1.00000 1680.00000
1039.00000 1.00000 1683.00000
1040.00000 1.00000 1686.00000
1041.00000 1.00000 1710.00000
1042.00000 1.00000 1692.00000
1043.00000 1.00000 1695.00000
1044.00000 1.00000 1629.00000
1045.00000 1.00000 1722.00000
1046.00000 1.00000 1719.00000
1047.00000 1.00000 1716.00000
1048.00000 1.00000 1713.00000
1049.00000 1.00000 1698.00000
1050.00000 1.00000 1701.00000
1051.00000 1.00000 1704.00000
1052.00000 1.00000 1677.00000
1053.00000 1.00000 1626.00000
1054.00000 1.00000 1587.00000
1055.00000 1.00000 1620.00000
1056.00000 1.00000 1539.00000
1057.00000 1.00000 1542.00000
1058.00000 1.00000 1545.00000
1059.00000 1.00000 1548.00000
1060.00000 1.00000 1551.00000
1061.00000 1.00000 1554.00000
1062.00000 1.00000 1536.00000
1063.00000 1.00000 1557.00000
1064.00000 1.00000 1563.00000
1065.00000 1.00000 1566.00000
1066.00000 1.00000 1569.00000
1067.00000 1.00000 1572.00000
1068.00000 1.00000 1575.00000
1069.00000 1.00000 1578.00000
1070.00000 1.00000 1560.00000
1071.00000 1.00000 1623.00000
1072.00000 1.00000 1533.00000
1073.00000 1.00000 1527.00000
1074.00000 1.00000 1617.00000
1075.00000 1.00000 1614.00000
1076.00000 1.00000 1611.00000
1077.00000 1.00000 1608.00000
1078.00000 1.00000 1605.00000
1079.00000 1.00000 1602.00000
1080.00000 1.00000 1530.00000
1081.00000 1.00000 1599.00000
1082.00000 1.00000 1593.00000
1083.00000 1.00000 1590.00000
1084.00000 1.00000 1725.00000
1085.00000 1.00000 1584.00000
1086.00000 1.00000 1581.00000
1087.00000 1.00000 1524.00000
1088.00000 1.00000 1596.00000
1089.00000 1.00000 1728.00000
1090.00000 1.00000 1154.98810
1091.00000 1.00000 1734.00000
1092.00000 1.00000 1845.00000
1093.00000 1.00000 1848.00000
1094.00000 1.00000 1851.00000
1095.00000 1.00000 1854.00000
1096.00000 1.00000 1857.00000
1097.00000 1.00000 1860.00000
1098.00000 1.00000 1863.00000
1099.00000 1.00000 1866.00000
1100.00000 1.00000 1869.00000
1101.00000 1.00000 1872.00000
1102.00000 1.00000 1875.00000
1103.00000 1.00000 1878.00000
1104.00000 1.00000 1521.00000
1105.00000 1.00000 1881.00000
1106.00000 1.00000 1884.00000
1107.00000 1.00000 1887.00000
1108.00000 1.00000 1890.00000
1109.00000 1.00000 1932.00000
1110.00000 1.00000 1929.00000
1111.00000 1.00000 1926.00000
1112.00000 1.00000 1923.00000
1113.00000 1.00000 1920.00000
1114.00000 1.00000 1917.00000
1115.00000 1.00000 1842.00000
1116.00000 1.00000 1914.00000
1117.00000 1.00000 1908.00000
1118.00000 1.00000 1905.00000
1119.00000 1.00000 1902.00000
1120.00000 1.00000 1899.00000
1121.00000 1.00000 1896.00000
1122.00000 1.00000 1893.00000
1123.00000 1.00000 1911.00000
1124.00000 1.00000 1839.00000
1125.00000 1.00000 1836.00000
1126.00000 1.00000 1833.00000
1127.00000 1.00000 1776.00000
1128.00000 1.00000 1773.00000
1129.00000 1.00000 1770.00000
1130.00000 1.00000 1767.00000
1131.00000 1.00000 1764.00000
1132.00000 1.00000 1761.00000
1133.00000 1.00000 1779.00000
1134.00000 1.00000 1758.00000
1135.00000 1.00000 1752.00000
1136.00000 1.00000 1749.00000
1137.00000 1.00000 1746.00000
1138.00000 1.00000 1743.00000
1139.00000 1.00000 1740.00000
1140.00000 1.00000 1737.00000
1141.00000 1.00000 1755.00000
1142.00000 1.00000 1731.00000
1143.00000 1.00000 1782.00000
1144.00000 1.00000 1788.00000
1145.00000 1.00000 1830.00000
1146.00000 1.00000 1827.00000
1147.00000 1.00000 1824.00000
1148.00000 1.00000 1821.00000
1149.00000 1.00000 1818.00000
1150.00000 1.00000 1815.00000
1151.00000 1.00000 1785.00000
1152.00000 1.00000 1812.00000
1153.00000 1.00000 1806.00000
1154.00000 1.00000 1803.00000
1155.00000 1.00000 1800.00000
1156.00000 1.00000 1797.00000
1157.00000 1.00000 1794.00000
1158.00000 1.00000 1791.00000
1159.00000 1.00000 1809.00000
1160.00000 1.00000 1518.00000
1161.00000 1.00000 1254.00000
1162.00000 1.00000 1512.00000
1163.00000 1.00000 1206.00000
1164.00000 1.00000 1209.00000
1165.00000 1.00000 1212.00000
1166.00000 1.00000 1215.00000
1167.00000 1.00000 1218.00000
1168.00000 1.00000 1221.00000
1169.00000 1.00000 1224.00000
1170.00000 1.00000 1227.00000
1171.00000 1.00000 1230.00000
1172.00000 1.00000 1233.00000
1173.00000 1.00000 1236.00000
1174.00000 1.00000 1239.00000
1175.00000 1.00000 1242.00000
1176.00000 1.00000 1245.00000
1177.00000 1.00000 1248.00000
1178.00000 1.00000 1251.00000
1179.00000 1.00000 1935.00000
1180.00000 1.00000 1296.00000
1181.00000 1.00000 1293.00000
1182.00000 1.00000 1290.00000
1183.00000 1.00000 1287.00000
1184.00000 1.00000 1284.00000
1185.00000 1.00000 1281.00000
1186.00000 1.00000 1203.00000
1187.00000 1.00000 1278.00000
1188.00000 1.00000 1272.00000
1189.00000 1.00000 1269.00000
1190.00000 1.00000 1266.00000
1191.00000 1.00000 1263.00000
1192.00000 1.00000 1260.00000
1193.00000 1.00000 1257.00000
1194.00000 1.00000 1275.00000
1195.00000 1.00000 1299.00000
1196.00000 1.00000 1200.00000
1197.00000 1.00000 1194.00000
1198.00000 1.00000 1154.98810
1199.00000 1.00000 1154.98809
1200.00000 1.00000 1154.98775
1201.00000 1.00000 1154.98757
1202.00000 1.00000 1154.98749
1203.00000 1.00000 1154.98701
1204.00000 1.00000 1154.98440
1205.00000 1.00000 1154.98310
1206.00000 1.00000 1154.98244
1207.00000 1.00000 1154.97885
1208.00000 1.00000 1941.02036
1209.00000 1.00000 1941.02036
1210.00000 1.00000 1941.02044
1211.00000 1.00000 1941.02049
1212.00000 1.00000 1941.02072
1213.00000 1.00000 1941.02084
1214.00000 1.00000 1941.02090
1215.00000 1.00000 1191.00000
1216.00000 1.00000 1188.00000
1217.00000 1.00000 1185.00000
1218.00000 1.00000 1182.00000
1219.00000 1.00000 1179.00000
1220.00000 1.00000 1176.00000
1221.00000 1.00000 1197.00000
1222.00000 1.00000 1173.00000
1223.00000 1.00000 1167.00000
1224.00000 1.00000 1164.00000
1225.00000 1.00000 1161.00000
1226.00000 1.00000 1158.00000
1227.00000 1.00000 1155.00000
1228.00000 1.00000 1941.02123
1229.00000 1.00000 1170.00000
1230.00000 1.00000 1302.00000
1231.00000 1.00000 1305.00000
1232.00000 1.00000 1308.00000
1233.00000 1.00000 1419.00000
1234.00000 1.00000 1422.00000
1235.00000 1.00000 1425.00000
1236.00000 1.00000 1428.00000
1237.00000 1.00000 1431.00000
1238.00000 1.00000 1434.00000
1239.00000 1.00000 1437.00000
1240.00000 1.00000 1440.00000
1241.00000 1.00000 1443.00000
1242.00000 1.00000 1446.00000
1243.00000 1.00000 1449.00000
1244.00000 1.00000 1452.00000
1245.00000 1.00000 1455.00000
1246.00000 1.00000 1458.00000
1247.00000 1.00000 1461.00000
1248.00000 1.00000 1464.00000
1249.00000 1.00000 1467.00000
1250.00000 1.00000 1509.00000
1251.00000 1.00000 1506.00000
1252.00000 1.00000 1503.00000
1253.00000 1.00000 1500.00000
1254.00000 1.00000 1497.00000
1255.00000 1.00000 1494.00000
1256.00000 1.00000 1416.00000
1257.00000 1.00000 1491.00000
1258.00000 1.00000 1485.00000
1259.00000 1.00000 1482.00000
1260.00000 1.00000 1479.00000
1261.00000 1.00000 1476.00000
1262.00000 1.00000 1473.00000
1263.00000 1.00000 1470.00000
1264.00000 1.00000 1488.00000
1265.00000 1.00000 1413.00000
1266.00000 1.00000 1410.00000
1267.00000 1.00000 1407.00000
1268.00000 1.00000 1350.00000
1269.00000 1.00000 1347.00000
1270.00000 1.00000 1344.00000
1271.00000 1.00000 1341.00000
1272.00000 1.00000 1338.00000
1273.00000 1.00000 1335.00000
1274.00000 1.00000 1353.00000
1275.00000 1.00000 1332.00000
1276.00000 1.00000 1326.00000
1277.00000 1.00000 1323.00000
1278.00000 1.00000 1320.00000
1279.00000 1.00000 1317.00000
1280.00000 1.00000 1314.00000
1281.00000 1.00000 1311.00000
1282.00000 1.00000 1329.00000
1283.00000 1.00000 1515.00000
1284.00000 1.00000 1356.00000
1285.00000 1.00000 1362.00000
1286.00000 1.00000 1404.00000
1287.00000 1.00000 1401.00000
1288.00000 1.00000 1398.00000
1289.00000 1.00000 1395.00000
1290.00000 1.00000 1392.00000
1291.00000 1.00000 1389.00000
1292.00000 1.00000 1359.00000
1293.00000 1.00000 1386.00000
1294.00000 1.00000 1380.00000
1295.00000 1.00000 1377.00000
1296.00000 1.00000 1374.00000
1297.00000 1.00000 1371.00000
1298.00000 1.00000 1368.00000
1299.00000 1.00000 1365.00000
1300.00000 1.00000 1383.00000
1301.00000 1.00000 1938.00000
