0.00000 0.00000 1727.00000
1.00000 0.00000 656.00000
2.00000 0.00000 659.00000
3.00000 0.00000 662.00000
4.00000 0.00000 665.00000
5.00000 0.00000 668.00000
6.00000 0.00000 671.00000
7.00000 0.00000 674.00000
8.00000 0.00000 677.00000
9.00000 0.00000 680.00000
10.00000 0.00000 683.00000
11.00000 0.00000 686.00000
12.00000 0.00000 689.00000
13.00000 0.00000 692.00000
14.00000 0.00000 653.00000
15.00000 0.00000 695.00000
16.00000 0.00000 701.00000
17.00000 0.00000 704.00000
18.00000 0.00000 707.00000
19.00000 0.00000 710.00000
20.00000 0.00000 713.00000
21.00000 0.00000 716.00000
22.00000 0.00000 719.00000
23.00000 0.00000 722.00000
24.00000 0.00000 725.00000
25.00000 0.00000 728.00000
26.00000 0.00000 731.00000
27.00000 0.00000 734.00000
28.00000 0.00000 737.00000
29.00000 0.00000 698.00000
30.00000 0.00000 650.00000
31.00000 0.00000 647.00000
32.00000 0.00000 1728.24763
33.00000 0.00000 590.00000
34.00000 0.00000 593.00000
35.00000 0.00000 596.00000
36.00000 0.00000 599.00000
37.00000 0.00000 602.00000
38.00000 0.00000 605.00000
39.00000 0.00000 608.00000
40.00000 0.00000 611.00000
41.00000 0.00000 614.00000
42.00000 0.00000 617.00000
43.00000 0.00000 620.00000
44.00000 0.00000 623.00000
45.00000 0.00000 626.00000
46.00000 0.00000 629.00000
47.00000 0.00000 632.00000
48.00000 0.00000 635.00000
49.00000 0.00000 638.00000
50.00000 0.00000 641.00000
51.00000 0.00000 644.00000
52.00000 0.00000 1728.25299
53.00000 0.00000 1728.25299
54.00000 0.00000 1728.25298
55.00000 0.00000 1728.25297
56.00000 0.00000 1728.25294
57.00000 0.00000 1728.25277
58.00000 0.00000 1728.25268
59.00000 0.00000 1728.25220
60.00000 0.00000 1728.24959
61.00000 0.00000 1728.24829
62.00000 0.00000 740.00000
63.00000 0.00000 587.00000
64.00000 0.00000 743.00000
65.00000 0.00000 749.00000
66.00000 0.00000 854.00000
67.00000 0.00000 857.00000
68.00000 0.00000 860.00000
69.00000 0.00000 863.00000
70.00000 0.00000 866.00000
71.00000 0.00000 869.00000
72.00000 0.00000 872.00000
73.00000 0.00000 875.00000
74.00000 0.00000 878.00000
75.00000 0.00000 881.00000
76.00000 0.00000 884.00000
77.00000 0.00000 887.00000
78.00000 0.00000 890.00000
79.00000 0.00000 851.00000
80.00000 0.00000 893.00000
81.00000 0.00000 899.00000
82.00000 0.00000 902.00000
83.00000 0.00000 905.00000
84.00000 0.00000 908.00000
85.00000 0.00000 911.00000
86.00000 0.00000 914.00000
87.00000 0.00000 917.00000
88.00000 0.00000 920.00000
89.00000 0.00000 923.00000
90.00000 0.00000 926.00000
91.00000 0.00000 929.00000
92.00000 0.00000 932.00000
93.00000 0.00000 935.00000
94.00000 0.00000 896.00000
95.00000 0.00000 848.00000
96.00000 0.00000 845.00000
97.00000 0.00000 842.00000
98.00000 0.00000 752.00000
99.00000 0.00000 755.00000
100.00000 0.00000 758.00000
101.00000 0.00000 761.00000
102.00000 0.00000 764.00000
103.00000 0.00000 767.00000
104.00000 0.00000 770.00000
105.00000 0.00000 773.00000
106.00000 0.00000 776.00000
107.00000 0.00000 779.00000
108.00000 0.00000 782.00000
109.00000 0.00000 785.00000
110.00000 0.00000 788.00000
111.00000 0.00000 791.00000
112.00000 0.00000 794.00000
113.00000 0.00000 797.00000
114.00000 0.00000 800.00000
115.00000 0.00000 803.00000
116.00000 0.00000 806.00000
117.00000 0.00000 809.00000
118.00000 0.00000 812.00000
119.00000 0.00000 815.00000
120.00000 0.00000 818.00000
121.00000 0.00000 821.00000
122.00000 0.00000 824.00000
123.00000 0.00000 827.00000
124.00000 0.00000 833.00000
125.00000 0.00000 836.00000
126.00000 0.00000 839.00000
127.00000 0.00000 746.00000
128.00000 0.00000 584.00000
129.00000 0.00000 581.00000
130.00000 0.00000 578.00000
131.00000 0.00000 296.00000
132.00000 0.00000 299.00000
133.00000 0.00000 302.00000
134.00000 0.00000 305.00000
135.00000 0.00000 308.00000
136.00000 0.00000 311.00000
137.00000 0.00000 314.00000
138.00000 0.00000 317.00000
139.00000 0.00000 320.00000
140.00000 0.00000 323.00000
141.00000 0.00000 326.00000
142.00000 0.00000 329.00000
143.00000 0.00000 332.00000
144.00000 0.00000 293.00000
145.00000 0.00000 335.00000
146.00000 0.00000 341.00000
147.00000 0.00000 344.00000
148.00000 0.00000 347.00000
149.00000 0.00000 350.00000
150.00000 0.00000 353.00000
151.00000 0.00000 356.00000
152.00000 0.00000 359.00000
153.00000 0.00000 362.00000
154.00000 0.00000 365.00000
155.00000 0.00000 368.00000
156.00000 0.00000 371.00000
157.00000 0.00000 374.00000
158.00000 0.00000 377.00000
159.00000 0.00000 338.00000
160.00000 0.00000 290.00000
161.00000 0.00000 287.00000
162.00000 0.00000 284.00000
163.00000 0.00000 1724.00000
164.00000 0.00000 200.00000
165.00000 0.00000 203.00000
166.00000 0.00000 206.00000
167.00000 0.00000 209.00000
168.00000 0.00000 212.00000
169.00000 0.00000 215.00000
170.00000 0.00000 218.00000
171.00000 0.00000 221.00000
172.00000 0.00000 224.00000
173.00000 0.00000 227.00000
174.00000 0.00000 230.00000
175.00000 0.00000 233.00000
176.00000 0.00000 236.00000
177.00000 0.00000 239.00000
178.00000 0.00000 242.00000
179.00000 0.00000 245.00000
180.00000 0.00000 248.00000
181.00000 0.00000 251.00000
182.00000 0.00000 254.00000
183.00000 0.00000 257.00000
184.00000 0.00000 260.00000
185.00000 0.00000 263.00000
186.00000 0.00000 266.00000
187.00000 0.00000 269.00000
188.00000 0.00000 272.00000
189.00000 0.00000 275.00000
190.00000 0.00000 278.00000
191.00000 0.00000 281.00000
192.00000 0.00000 380.00000
193.00000 0.00000 383.00000
194.00000 0.00000 386.00000
195.00000 0.00000 389.00000
196.00000 0.00000 491.00000
197.00000 0.00000 494.00000
198.00000 0.00000 497.00000
199.00000 0.00000 500.00000
200.00000 0.00000 503.00000
201.00000 0.00000 506.00000
202.00000 0.00000 509.00000
203.00000 0.00000 512.00000
204.00000 0.00000 515.00000
205.00000 0.00000 518.00000
206.00000 0.00000 521.00000
207.00000 0.00000 524.00000
208.00000 0.00000 527.00000
209.00000 0.00000 530.00000
210.00000 0.00000 533.00000
211.00000 0.00000 536.00000
212.00000 0.00000 539.00000
213.00000 0.00000 542.00000
214.00000 0.00000 545.00000
215.00000 0.00000 548.00000
216.00000 0.00000 551.00000
217.00000 0.00000 554.00000
218.00000 0.00000 557.00000
219.00000 0.00000 560.00000
220.00000 0.00000 563.00000
221.00000 0.00000 566.00000
222.00000 0.00000 569.00000
223.00000 0.00000 572.00000
224.00000 0.00000 575.00000
225.00000 0.00000 488.00000
226.00000 0.00000 938.00000
227.00000 0.00000 485.00000
228.00000 0.00000 479.00000
229.00000 0.00000 392.00000
230.00000 0.00000 395.00000
231.00000 0.00000 398.00000
232.00000 0.00000 401.00000
233.00000 0.00000 404.00000
234.00000 0.00000 407.00000
235.00000 0.00000 410.00000
236.00000 0.00000 413.00000
237.00000 0.00000 416.00000
238.00000 0.00000 419.00000
239.00000 0.00000 422.00000
240.00000 0.00000 425.00000
241.00000 0.00000 428.00000
242.00000 0.00000 431.00000
243.00000 0.00000 434.00000
244.00000 0.00000 437.00000
245.00000 0.00000 440.00000
246.00000 0.00000 443.00000
247.00000 0.00000 446.00000
248.00000 0.00000 449.00000
249.00000 0.00000 452.00000
250.00000 0.00000 455.00000
251.00000 0.00000 458.00000
252.00000 0.00000 461.00000
253.00000 0.00000 464.00000
254.00000 0.00000 467.00000
255.00000 0.00000 470.00000
256.00000 0.00000 473.00000
257.00000 0.00000 476.00000
258.00000 0.00000 482.00000
259.00000 0.00000 941.00000
260.00000 0.00000 830.00000
261.00000 0.00000 947.00000
262.00000 0.00000 1424.00000
263.00000 0.00000 1427.00000
264.00000 0.00000 1430.00000
265.00000 0.00000 1433.00000
266.00000 0.00000 1436.00000
267.00000 0.00000 1439.00000
268.00000 0.00000 1442.00000
269.00000 0.00000 1445.00000
270.00000 0.00000 1448.00000
271.00000 0.00000 1451.00000
272.00000 0.00000 1454.00000
273.00000 0.00000 1457.00000
274.00000 0.00000 1460.00000
275.00000 0.00000 1463.00000
276.00000 0.00000 1421.00000
277.00000 0.00000 1466.00000
278.00000 0.00000 1472.00000
279.00000 0.00000 1475.00000
280.00000 0.00000 1478.00000
281.00000 0.00000 1481.00000
282.00000 0.00000 1484.00000
283.00000 0.00000 1487.00000
284.00000 0.00000 1490.00000
285.00000 0.00000 1493.00000
286.00000 0.00000 1496.00000
287.00000 0.00000 1499.00000
288.00000 0.00000 1502.00000
289.00000 0.00000 1505.00000
290.00000 0.00000 1508.00000
291.00000 0.00000 1511.00000
292.00000 0.00000 1469.00000
293.00000 0.00000 1418.00000
294.00000 0.00000 1415.00000
295.00000 0.00000 1412.00000
296.00000 0.00000 1319.00000
297.00000 0.00000 1322.00000
298.00000 0.00000 1325.00000
299.00000 0.00000 1328.00000
300.00000 0.00000 1331.00000
301.00000 0.00000 1334.00000
302.00000 0.00000 1337.00000
303.00000 0.00000 1340.00000
304.00000 0.00000 1343.00000
305.00000 0.00000 1346.00000
306.00000 0.00000 1349.00000
307.00000 0.00000 1352.00000
308.00000 0.00000 1355.00000
309.00000 0.00000 1358.00000
310.00000 0.00000 1361.00000
311.00000 0.00000 1364.00000
312.00000 0.00000 1367.00000
313.00000 0.00000 1409.00000
314.00000 0.00000 1406.00000
315.00000 0.00000 1403.00000
316.00000 0.00000 944.00000
317.00000 0.00000 1397.00000
318.00000 0.00000 1394.00000
319.00000 0.00000 1514.00000
320.00000 0.00000 1391.00000
321.00000 0.00000 1385.00000
322.00000 0.00000 1382.00000
323.00000 0.00000 1379.00000
324.00000 0.00000 1376.00000
325.00000 0.00000 1373.00000
326.00000 0.00000 1370.00000
327.00000 0.00000 1388.00000
328.00000 0.00000 1517.00000
329.00000 0.00000 1520.00000
330.00000 0.00000 1523.00000
331.00000 0.00000 1631.00000
332.00000 0.00000 1634.00000
333.00000 0.00000 1637.00000
334.00000 0.00000 1640.00000
335.00000 0.00000 1643.00000
336.00000 0.00000 1646.00000
337.00000 0.00000 1649.00000
338.00000 0.00000 1652.00000
339.00000 0.00000 1655.00000
340.00000 0.00000 1658.00000
341.00000 0.00000 1661.00000
342.00000 0.00000 1664.00000
343.00000 0.00000 1667.00000
344.00000 0.00000 1670.00000
345.00000 0.00000 1673.00000
346.00000 0.00000 1676.00000
347.00000 0.00000 1679.00000
348.00000 0.00000 1721.00000
349.00000 0.00000 1718.00000
350.00000 0.00000 1715.00000
351.00000 0.00000 1712.00000
352.00000 0.00000 1709.00000
353.00000 0.00000 1706.00000
354.00000 0.00000 1628.00000
355.00000 0.00000 1703.00000
356.00000 0.00000 1697.00000
357.00000 0.00000 1694.00000
358.00000 0.00000 1691.00000
359.00000 0.00000 1688.00000
360.00000 0.00000 1685.00000
361.00000 0.00000 1682.00000
362.00000 0.00000 1700.00000
363.00000 0.00000 1316.00000
364.00000 0.00000 1625.00000
365.00000 0.00000 1619.00000
366.00000 0.00000 1526.00000
367.00000 0.00000 1529.00000
368.00000 0.00000 1532.00000
369.00000 0.00000 1535.00000
370.00000 0.00000 1538.00000
371.00000 0.00000 1541.00000
372.00000 0.00000 1544.00000
373.00000 0.00000 1547.00000
374.00000 0.00000 1550.00000
375.00000 0.00000 1553.00000
376.00000 0.00000 1556.00000
377.00000 0.00000 1559.00000
378.00000 0.00000 1562.00000
379.00000 0.00000 1565.00000
380.00000 0.00000 1568.00000
381.00000 0.00000 1571.00000
382.00000 0.00000 1574.00000
383.00000 0.00000 1616.00000
384.00000 0.00000 1613.00000
385.00000 0.00000 1610.00000
386.00000 0.00000 1607.00000
387.00000 0.00000 1604.00000
388.00000 0.00000 1601.00000
389.00000 0.00000 1622.00000
390.00000 0.00000 1598.00000
391.00000 0.00000 1592.00000
392.00000 0.00000 1589.00000
393.00000 0.00000 1586.00000
394.00000 0.00000 1583.00000
395.00000 0.00000 1580.00000
396.00000 0.00000 1577.00000
397.00000 0.00000 1595.00000
398.00000 0.00000 1313.00000
399.00000 0.00000 1400.00000
400.00000 0.00000 1307.00000
401.00000 0.00000 1055.00000
402.00000 0.00000 1058.00000
403.00000 0.00000 1310.00000
404.00000 0.00000 1064.00000
405.00000 0.00000 1067.00000
406.00000 0.00000 1070.00000
407.00000 0.00000 1073.00000
408.00000 0.00000 1076.00000
409.00000 0.00000 1079.00000
410.00000 0.00000 1082.00000
411.00000 0.00000 1085.00000
412.00000 0.00000 1088.00000
413.00000 0.00000 1091.00000
414.00000 0.00000 1094.00000
415.00000 0.00000 1052.00000
416.00000 0.00000 1097.00000
417.00000 0.00000 1103.00000
418.00000 0.00000 1106.00000
419.00000 0.00000 1109.00000
420.00000 0.00000 1112.00000
421.00000 0.00000 1115.00000
422.00000 0.00000 1118.00000
423.00000 0.00000 1121.00000
424.00000 0.00000 1124.00000
425.00000 0.00000 1127.00000
426.00000 0.00000 1130.00000
427.00000 0.00000 1133.00000
428.00000 0.00000 1136.00000
429.00000 0.00000 1139.00000
430.00000 0.00000 1142.00000
431.00000 0.00000 1100.00000
432.00000 0.00000 1049.00000
433.00000 0.00000 1046.00000
434.00000 0.00000 1043.00000
435.00000 0.00000 950.00000
436.00000 0.00000 953.00000
437.00000 0.00000 956.00000
438.00000 0.00000 959.00000
439.00000 0.00000 962.00000
440.00000 0.00000 965.00000
441.00000 0.00000 968.00000
442.00000 0.00000 971.00000
443.00000 0.00000 974.00000
444.00000 0.00000 977.00000
445.00000 0.00000 980.00000
446.00000 0.00000 983.00000
447.00000 0.00000 986.00000
448.00000 0.00000 989.00000
449.00000 0.00000 992.00000
450.00000 0.00000 995.00000
451.00000 0.00000 998.00000
452.00000 0.00000 1040.00000
453.00000 0.00000 1037.00000
454.00000 0.00000 1034.00000
455.00000 0.00000 1031.00000
456.00000 0.00000 1028.00000
457.00000 0.00000 1025.00000
458.00000 0.00000 1145.00000
459.00000 0.00000 1022.00000
460.00000 0.00000 1016.00000
461.00000 0.00000 1013.00000
462.00000 0.00000 1010.00000
463.00000 0.00000 1007.00000
464.00000 0.00000 1004.00000
465.00000 0.00000 1001.00000
466.00000 0.00000 1019.00000
467.00000 0.00000 1148.00000
468.00000 0.00000 1061.00000
469.00000 0.00000 1154.00000
470.00000 0.00000 1238.00000
471.00000 0.00000 1241.00000
472.00000 0.00000 1244.00000
473.00000 0.00000 1247.00000
474.00000 0.00000 1250.00000
475.00000 0.00000 1253.00000
476.00000 0.00000 1256.00000
477.00000 0.00000 1259.00000
478.00000 0.00000 1262.00000
479.00000 0.00000 1265.00000
480.00000 0.00000 1268.00000
481.00000 0.00000 1271.00000
482.00000 0.00000 1274.00000
483.00000 0.00000 1277.00000
484.00000 0.00000 1280.00000
485.00000 0.00000 1283.00000
486.00000 0.00000 1286.00000
487.00000 0.00000 1289.00000
488.00000 0.00000 1292.00000
489.00000 0.00000 1151.00000
490.00000 0.00000 1298.00000
491.00000 0.00000 1301.00000
492.00000 0.00000 1304.00000
493.00000 0.00000 1235.00000
494.00000 0.00000 1232.00000
495.00000 0.00000 1295.00000
496.00000 0.00000 1226.00000
497.00000 0.00000 1217.00000
498.00000 0.00000 1214.00000
499.00000 0.00000 1211.00000
500.00000 0.00000 1208.00000
501.00000 0.00000 1205.00000
502.00000 0.00000 1202.00000
503.00000 0.00000 1220.00000
504.00000 0.00000 1199.00000
505.00000 0.00000 1193.00000
506.00000 0.00000 1190.00000
507.00000 0.00000 1187.00000
508.00000 0.00000 1184.00000
509.00000 0.00000 1181.00000
510.00000 0.00000 1178.00000
511.00000 0.00000 1196.00000
512.00000 0.00000 1175.00000
513.00000 0.00000 1172.00000
514.00000 0.00000 1223.00000
515.00000 0.00000 1229.00000
516.00000 0.00000 1157.00000
517.00000 0.00000 1160.00000
518.00000 0.00000 1163.00000
519.00000 0.00000 1166.00000
520.00000 0.00000 1169.00000
521.00000 0.00001 1728.24404
522.00000 0.00001 1728.24225
523.00000 0.00002 1728.22744
524.00000 0.00002 1728.23237
525.00000 0.00004 1728.20028
526.00000 0.00005 1728.18670
527.00000 0.00011 1728.11203
528.00000 0.00014 1728.07469
529.00000 0.00030 1727.86933
530.00000 0.00038 1727.76665
531.00000 0.00042 1727.71531
532.00000 0.00060 200.00000
533.00000 0.00060 200.00427
534.00000 0.00065 1727.43294
535.00000 0.00066 204.27083
536.00000 0.00072 208.54167
537.00000 0.00076 1727.29176
538.00000 0.00079 212.81250
539.00000 0.00085 217.08333
540.00000 0.00092 221.35417
541.00000 0.00100 225.62500
542.00000 0.00107 229.89583
543.00000 0.00115 234.16667
544.00000 0.00123 238.43750
545.00000 0.00131 242.70833
546.00000 0.00139 1726.51524
547.00000 0.00140 246.97917
548.00000 0.00148 251.25000
549.00000 0.00157 255.52083
550.00000 0.00166 259.79167
551.00000 0.00171 1726.12698
552.00000 0.00175 264.06250
553.00000 0.00184 268.33333
554.00000 0.00194 272.60417
555.00000 0.00203 276.87500
556.00000 0.00213 281.14583
557.00000 0.00223 285.41667
558.00000 0.00232 289.68750
559.00000 0.00242 293.95833
560.00000 0.00252 298.22917
561.00000 0.00262 302.50000
562.00000 0.00272 306.77083
563.00000 0.00282 311.04167
564.00000 0.00293 315.31250
565.00000 0.00303 319.58333
566.00000 0.00313 323.85417
567.00000 0.00323 328.12500
568.00000 0.00333 332.39583
569.00000 0.00344 336.66667
570.00000 0.00354 340.93750
571.00000 0.00364 345.20833
572.00000 0.00374 349.47917
573.00000 0.00385 353.75000
574.00000 0.00395 358.02083
575.00000 0.00405 362.29167
576.00000 0.00416 366.56250
577.00000 0.00426 370.83333
578.00000 0.00436 375.10417
579.00000 0.00447 379.37500
580.00000 0.00457 383.64583
581.00000 0.00467 387.91667
582.00000 0.00478 392.18750
583.00000 0.00488 396.45833
584.00000 0.00498 400.72917
585.00000 0.00509 405.00000
586.00000 0.00519 409.27083
587.00000 0.00530 413.54166
588.00000 0.00540 1721.85615
589.00000 0.00540 417.81250
590.00000 0.00551 422.08333
591.00000 0.00562 426.35416
592.00000 0.00572 430.62500
593.00000 0.00583 434.89583
594.00000 0.00594 439.16666
595.00000 0.00605 443.43750
596.00000 0.00617 447.70833
597.00000 0.00628 451.97916
598.00000 0.00640 456.25000
599.00000 0.00651 460.52083
600.00000 0.00663 464.79166
601.00000 0.00675 469.06250
602.00000 0.00688 473.33333
603.00000 0.00700 477.60416
604.00000 0.00713 481.87500
605.00000 0.00726 486.14583
606.00000 0.00739 490.41666
607.00000 0.00753 494.68750
608.00000 0.00767 498.95833
609.00000 0.00781 503.22916
610.00000 0.00796 507.50000
611.00000 0.00811 511.77083
612.00000 0.00826 516.04166
613.00000 0.00841 520.31250
614.00000 0.00857 524.58333
615.00000 0.00872 528.85416
616.00000 0.00888 533.12500
617.00000 0.00903 537.39583
618.00000 0.00917 541.66666
619.00000 0.00931 545.93750
620.00000 0.00933 1717.58532
621.00000 0.00944 550.20833
622.00000 0.00955 554.47916
623.00000 0.00965 558.75000
624.00000 0.00974 563.02083
625.00000 0.00981 567.29166
626.00000 0.00982 567.67992
627.00000 0.00983 568.45644
628.00000 0.00986 570.00947
629.00000 0.00986 570.29184
630.00000 0.00987 570.85657
631.00000 0.00988 571.98605
632.00000 0.00989 572.19141
633.00000 0.00989 572.60213
634.00000 0.00990 573.42357
635.00000 0.00992 575.06644
636.00000 0.00992 575.36515
637.00000 0.00993 575.96256
638.00000 0.01055 577.54431
639.00000 0.01055 577.54750
640.00000 0.01055 577.54789
641.00000 0.01055 577.54789
642.00000 0.01055 577.54537
643.00000 0.01055 577.54378
644.00000 0.01055 577.54085
645.00000 0.01055 577.53939
646.00000 0.01055 577.53866
647.00000 0.01055 577.53829
648.00000 0.01056 577.49657
649.00000 0.01056 577.52768
650.00000 0.01056 577.52958
651.00000 0.01056 577.52993
652.00000 0.01056 577.53062
653.00000 0.01056 577.53200
654.00000 0.01056 577.53477
655.00000 0.01056 577.53527
656.00000 0.01056 577.49491
657.00000 0.01056 577.52673
658.00000 0.01056 577.49188
659.00000 0.01056 577.49036
660.00000 0.01056 577.48960
661.00000 0.01056 577.48922
662.00000 0.01056 577.48713
663.00000 0.01056 577.49918
664.00000 0.01056 577.53628
665.00000 0.01056 577.52625
666.00000 0.01056 577.52364
667.00000 0.01056 577.52233
668.00000 0.01056 577.49878
669.00000 0.01056 577.49878
670.00000 0.01056 577.49918
671.00000 0.01056 577.49999
672.00000 0.01056 577.50159
673.00000 0.01056 577.50481
674.00000 0.01056 577.50539
675.00000 0.01056 577.50656
676.00000 0.01056 577.50890
677.00000 0.01056 577.50932
678.00000 0.01056 577.51017
679.00000 0.01056 577.51187
680.00000 0.01056 577.51357
681.00000 0.01056 577.51388
682.00000 0.01056 577.51450
683.00000 0.01056 577.51573
684.00000 0.01056 577.51820
685.00000 0.01056 577.51865
686.00000 0.01056 577.51955
687.00000 0.01056 577.52135
688.00000 0.01056 577.52168
689.00000 0.01056 577.49547
690.00000 0.01056 577.49657
691.00000 0.01056 577.51820
692.00000 0.01056 577.50159
693.00000 0.01056 577.52364
694.00000 0.01056 577.52233
695.00000 0.01056 577.52168
696.00000 0.01056 577.52135
697.00000 0.01056 577.51955
698.00000 0.01056 577.51865
699.00000 0.01056 577.51573
700.00000 0.01056 577.52625
701.00000 0.01056 577.51450
702.00000 0.01056 577.51357
703.00000 0.01056 577.51187
704.00000 0.01056 577.51017
705.00000 0.01056 577.50932
706.00000 0.01056 577.50890
707.00000 0.01056 577.50656
708.00000 0.01056 577.50539
709.00000 0.01056 577.51388
710.00000 0.01056 577.50481
711.00000 0.01056 577.52673
712.00000 0.01056 577.52958
713.00000 0.01056 577.54789
714.00000 0.01056 577.54789
715.00000 0.01056 577.54750
716.00000 0.01056 577.54537
717.00000 0.01056 577.54431
718.00000 0.01056 577.54378
719.00000 0.01056 577.54085
720.00000 0.01056 577.52768
721.00000 0.01056 577.53939
722.00000 0.01056 577.53829
723.00000 0.01056 577.53628
724.00000 0.01056 577.53527
725.00000 0.01056 577.53477
726.00000 0.01056 577.53200
727.00000 0.01056 577.53062
728.00000 0.01056 577.52993
729.00000 0.01056 577.53866
730.00000 0.01056 577.49999
731.00000 0.01057 577.46179
732.00000 0.01057 577.44690
733.00000 0.01057 577.48060
734.00000 0.01057 577.47917
735.00000 0.01057 577.47845
736.00000 0.01057 577.47809
737.00000 0.01057 577.47612
738.00000 0.01057 577.47513
739.00000 0.01057 577.47464
740.00000 0.01057 577.48348
741.00000 0.01057 577.47192
742.00000 0.01057 577.46989
743.00000 0.01057 577.46955
744.00000 0.01057 577.46768
745.00000 0.01057 577.46675
746.00000 0.01057 577.46628
747.00000 0.01057 577.46372
748.00000 0.01057 577.46243
749.00000 0.01057 577.47057
750.00000 0.01057 577.46147
751.00000 0.01057 577.48400
752.00000 0.01057 577.48713
753.00000 0.01057 577.44748
754.00000 0.01057 577.44862
755.00000 0.01057 577.45092
756.00000 0.01057 577.45133
757.00000 0.01057 577.45217
758.00000 0.01057 577.45414
759.00000 0.01057 577.45474
760.00000 0.01057 577.48504
761.00000 0.01057 577.45596
762.00000 0.01057 577.45882
763.00000 0.01057 577.45971
764.00000 0.01057 577.49491
765.00000 0.01057 577.49188
766.00000 0.01057 577.49036
767.00000 0.01057 577.48960
768.00000 0.01057 577.48922
769.00000 0.01057 577.45838
770.00000 0.01057 577.45383
771.00000 0.01057 577.49547
772.00000 0.01057 577.48400
773.00000 0.01057 577.45838
774.00000 0.01057 577.45596
775.00000 0.01057 577.45474
776.00000 0.01057 577.45383
777.00000 0.01057 577.45217
778.00000 0.01057 577.45133
779.00000 0.01057 577.45092
780.00000 0.01057 577.44862
781.00000 0.01057 577.45882
782.00000 0.01057 577.44748
783.00000 0.01057 577.44375
784.00000 0.01057 577.44217
785.00000 0.01057 577.44139
786.00000 0.01057 577.44099
787.00000 0.01057 577.43882
788.00000 0.01057 577.43774
789.00000 0.01057 577.43720
790.00000 0.01057 577.43422
791.00000 0.01057 577.44690
792.00000 0.01057 577.45971
793.00000 0.01057 577.45414
794.00000 0.01057 577.46179
795.00000 0.01057 577.48348
796.00000 0.01057 577.48060
797.00000 0.01057 577.47917
798.00000 0.01057 577.47845
799.00000 0.01057 577.46147
800.00000 0.01057 577.47809
801.00000 0.01057 577.47612
802.00000 0.01057 577.47513
803.00000 0.01057 577.47464
804.00000 0.01057 577.48504
805.00000 0.01057 577.47057
806.00000 0.01057 577.46989
807.00000 0.01057 577.46955
808.00000 0.01057 577.46768
809.00000 0.01057 577.46675
810.00000 0.01057 577.46628
811.00000 0.01057 577.46372
812.00000 0.01057 577.46243
813.00000 0.01057 577.47192
814.00000 0.01058 577.43161
815.00000 0.01058 577.42956
816.00000 0.01058 577.42751
817.00000 0.01058 577.42649
818.00000 0.01058 577.42597
819.00000 0.01058 577.42597
820.00000 0.01058 577.42751
821.00000 0.01058 577.42649
822.00000 0.01058 577.42316
823.00000 0.01058 577.43198
824.00000 0.01058 577.42316
825.00000 0.01058 577.43273
826.00000 0.01058 577.43774
827.00000 0.01058 577.43720
828.00000 0.01058 577.43273
829.00000 0.01058 577.43198
830.00000 0.01058 577.43161
831.00000 0.01058 577.42956
832.00000 0.01058 577.44375
833.00000 0.01058 577.43422
834.00000 0.01058 577.44139
835.00000 0.01058 577.44099
836.00000 0.01058 577.43882
837.00000 0.01058 577.44217
838.00000 0.01059 577.35869
839.00000 0.01059 577.36341
840.00000 0.01059 577.35696
841.00000 0.01059 577.35900
842.00000 0.01059 577.35963
843.00000 0.01059 577.36089
844.00000 0.01059 577.33049
845.00000 0.01059 577.36761
846.00000 0.01059 577.36478
847.00000 0.01059 577.36661
848.00000 0.01059 577.36695
849.00000 0.01059 577.35609
850.00000 0.01059 577.36894
851.00000 0.01059 577.37161
852.00000 0.01059 577.37209
853.00000 0.01059 577.36387
854.00000 0.01059 577.35566
855.00000 0.01059 577.34874
856.00000 0.01059 577.35209
857.00000 0.01059 577.37306
858.00000 0.01059 577.33195
859.00000 0.01059 577.33487
860.00000 0.01059 577.33540
861.00000 0.01059 577.33647
862.00000 0.01059 577.33859
863.00000 0.01059 577.33898
864.00000 0.01059 577.35328
865.00000 0.01059 577.33975
866.00000 0.01059 577.34440
867.00000 0.01059 577.34496
868.00000 0.01059 577.34608
869.00000 0.01059 577.34833
870.00000 0.01059 577.34956
871.00000 0.01059 577.35120
872.00000 0.01059 577.35149
873.00000 0.01059 577.34130
874.00000 0.01059 577.37500
875.00000 0.01059 577.35149
876.00000 0.01059 577.37605
877.00000 0.01059 577.36478
878.00000 0.01059 577.36661
879.00000 0.01059 577.36695
880.00000 0.01059 577.36761
881.00000 0.01059 577.36894
882.00000 0.01059 577.37161
883.00000 0.01059 577.37209
884.00000 0.01059 577.37500
885.00000 0.01059 577.37535
886.00000 0.01059 577.37605
887.00000 0.01059 577.37746
888.00000 0.01059 577.38028
889.00000 0.01059 577.37746
890.00000 0.01059 577.38028
891.00000 0.01059 577.37535
892.00000 0.01059 577.36387
893.00000 0.01059 577.36341
894.00000 0.01059 577.37306
895.00000 0.01059 577.35963
896.00000 0.01059 577.36089
897.00000 0.01059 577.34130
898.00000 0.01059 577.34440
899.00000 0.01059 577.34496
900.00000 0.01059 577.34608
901.00000 0.01059 577.34874
902.00000 0.01059 577.34956
903.00000 0.01059 577.34833
904.00000 0.01059 577.35209
905.00000 0.01059 577.35328
906.00000 0.01059 577.35566
907.00000 0.01059 577.35609
908.00000 0.01059 577.35696
909.00000 0.01059 577.35869
910.00000 0.01059 577.35120
911.00000 0.01059 577.35900
912.00000 0.01060 577.30299
913.00000 0.01060 577.29733
914.00000 0.01060 577.29763
915.00000 0.01060 577.29821
916.00000 0.01060 577.30214
917.00000 0.01060 577.30171
918.00000 0.01060 577.29573
919.00000 0.01060 577.29938
920.00000 0.01060 577.29493
921.00000 0.01060 577.28497
922.00000 0.01060 577.29232
923.00000 0.01060 577.29121
924.00000 0.01060 577.29066
925.00000 0.01060 577.28763
926.00000 0.01060 577.28184
927.00000 0.01060 577.28611
928.00000 0.01060 577.28535
929.00000 0.01060 577.28288
930.00000 0.01060 577.30469
931.00000 0.01060 577.29452
932.00000 0.01060 577.30499
933.00000 0.01060 577.32637
934.00000 0.01060 577.30685
935.00000 0.01060 577.29121
936.00000 0.01060 577.28132
937.00000 0.01060 577.32975
938.00000 0.01060 577.32939
939.00000 0.01060 577.32738
940.00000 0.01060 577.32587
941.00000 0.01060 577.32311
942.00000 0.01060 577.32172
943.00000 0.01060 577.32103
944.00000 0.01060 577.30561
945.00000 0.01060 577.32069
946.00000 0.01060 577.31784
947.00000 0.01060 577.31736
948.00000 0.01060 577.31475
949.00000 0.01060 577.31344
950.00000 0.01060 577.31279
951.00000 0.01060 577.31246
952.00000 0.01060 577.31066
953.00000 0.01060 577.30977
954.00000 0.01060 577.30932
955.00000 0.01060 577.31879
956.00000 0.01060 577.27845
957.00000 0.01060 577.29232
958.00000 0.01060 577.29452
959.00000 0.01060 577.31879
960.00000 0.01060 577.32069
961.00000 0.01060 577.32103
962.00000 0.01060 577.32172
963.00000 0.01060 577.32311
964.00000 0.01060 577.32587
965.00000 0.01060 577.32637
966.00000 0.01060 577.32939
967.00000 0.01060 577.31784
968.00000 0.01060 577.32975
969.00000 0.01060 577.33195
970.00000 0.01060 577.33487
971.00000 0.01060 577.33540
972.00000 0.01060 577.33647
973.00000 0.01060 577.33859
974.00000 0.01060 577.33898
975.00000 0.01060 577.33975
976.00000 0.01060 577.29066
977.00000 0.01060 577.33049
978.00000 0.01060 577.31736
979.00000 0.01060 577.32738
980.00000 0.01060 577.31344
981.00000 0.01060 577.31475
982.00000 0.01060 577.29493
983.00000 0.01060 577.29573
984.00000 0.01060 577.29733
985.00000 0.01060 577.29763
986.00000 0.01060 577.29821
987.00000 0.01060 577.30171
988.00000 0.01060 577.30214
989.00000 0.01060 577.30299
990.00000 0.01060 577.29938
991.00000 0.01060 577.31246
992.00000 0.01060 577.30499
993.00000 0.01060 577.30561
994.00000 0.01060 577.30685
995.00000 0.01060 577.30932
996.00000 0.01060 577.30977
997.00000 0.01060 577.31066
998.00000 0.01060 577.30469
999.00000 0.01060 577.31279
1000.00000 0.01061 577.25200
1001.00000 0.01061 577.25261
1002.00000 0.01061 577.25382
1003.00000 0.01061 577.25933
1004.00000 0.01061 577.25668
1005.00000 0.01061 577.25757
1006.00000 0.01061 577.25170
1007.00000 0.01061 577.25624
1008.00000 0.01061 577.25003
1009.00000 0.01061 577.23956
1010.00000 0.01061 577.24878
1011.00000 0.01061 577.24649
1012.00000 0.01061 577.24534
1013.00000 0.01061 577.24477
1014.00000 0.01061 577.24449
1015.00000 0.01061 577.24291
1016.00000 0.01061 577.24212
1017.00000 0.01061 577.24173
1018.00000 0.01061 577.26029
1019.00000 0.01061 577.24920
1020.00000 0.01061 577.26157
1021.00000 0.01061 577.28763
1022.00000 0.01061 577.26460
1023.00000 0.01061 577.25668
1024.00000 0.01061 577.23848
1025.00000 0.01061 577.28611
1026.00000 0.01061 577.28535
1027.00000 0.01061 577.28497
1028.00000 0.01061 577.28288
1029.00000 0.01061 577.28184
1030.00000 0.01061 577.28132
1031.00000 0.01061 577.27845
1032.00000 0.01061 577.26414
1033.00000 0.01061 577.27701
1034.00000 0.01061 577.27594
1035.00000 0.01061 577.27397
1036.00000 0.01061 577.27298
1037.00000 0.01061 577.27249
1038.00000 0.01061 577.26977
1039.00000 0.01061 577.26842
1040.00000 0.01061 577.26774
1041.00000 0.01061 577.26740
1042.00000 0.01061 577.26553
1043.00000 0.01061 577.27630
1044.00000 0.01061 577.23794
1045.00000 0.01061 577.25757
1046.00000 0.01061 577.25170
1047.00000 0.01061 577.24920
1048.00000 0.01061 577.24878
1049.00000 0.01061 577.24649
1050.00000 0.01061 577.24534
1051.00000 0.01061 577.24477
1052.00000 0.01061 577.24449
1053.00000 0.01061 577.24291
1054.00000 0.01061 577.24212
1055.00000 0.01061 577.24173
1056.00000 0.01061 577.23956
1057.00000 0.01061 577.23848
1058.00000 0.01061 577.23794
1059.00000 0.01061 577.23496
1060.00000 0.01061 577.23347
1061.00000 0.01061 577.23273
1062.00000 0.01061 577.23235
1063.00000 0.01061 577.23031
1064.00000 0.01061 577.25003
1065.00000 0.01061 577.25200
1066.00000 0.01061 577.25261
1067.00000 0.01061 577.25382
1068.00000 0.01061 577.25933
1069.00000 0.01061 577.25965
1070.00000 0.01061 577.26029
1071.00000 0.01061 577.26157
1072.00000 0.01061 577.26414
1073.00000 0.01061 577.26460
1074.00000 0.01061 577.26553
1075.00000 0.01061 577.26740
1076.00000 0.01061 577.22928
1077.00000 0.01061 577.26774
1078.00000 0.01061 577.26977
1079.00000 0.01061 577.27249
1080.00000 0.01061 577.27298
1081.00000 0.01061 577.27397
1082.00000 0.01061 577.27594
1083.00000 0.01061 577.27630
1084.00000 0.01061 577.27701
1085.00000 0.01061 577.25624
1086.00000 0.01061 577.26842
1087.00000 0.01061 577.22877
1088.00000 0.01061 577.25965
1089.00000 0.01062 577.19277
1090.00000 0.01062 577.21145
1091.00000 0.01062 577.21328
1092.00000 0.01062 577.19164
1093.00000 0.01062 577.21545
1094.00000 0.01062 577.21611
1095.00000 0.01062 577.21744
1096.00000 0.01062 577.22010
1097.00000 0.01062 577.22059
1098.00000 0.01062 577.21054
1099.00000 0.01062 577.22156
1100.00000 0.01062 577.22384
1101.00000 0.01062 577.22455
1102.00000 0.01062 577.22595
1103.00000 0.01062 577.22877
1104.00000 0.01062 577.22928
1105.00000 0.01062 577.23031
1106.00000 0.01062 577.23235
1107.00000 0.01062 577.23273
1108.00000 0.01062 577.22349
1109.00000 0.01062 577.21008
1110.00000 0.01062 577.20757
1111.00000 0.01062 577.20631
1112.00000 0.01062 577.18529
1113.00000 0.01062 577.18567
1114.00000 0.01062 577.18644
1115.00000 0.01062 577.18799
1116.00000 0.01062 577.19108
1117.00000 0.01062 577.19164
1118.00000 0.01062 577.19277
1119.00000 0.01062 577.19502
1120.00000 0.01062 577.19543
1121.00000 0.01062 577.19624
1122.00000 0.01062 577.19788
1123.00000 0.01062 577.19818
1124.00000 0.01062 577.19877
1125.00000 0.01062 577.19996
1126.00000 0.01062 577.20234
1127.00000 0.01062 577.20277
1128.00000 0.01062 577.20363
1129.00000 0.01062 577.20536
1130.00000 0.01062 577.20568
1131.00000 0.01062 577.23347
1132.00000 0.01062 577.23496
1133.00000 0.01062 577.21511
1134.00000 0.01062 577.17609
1135.00000 0.01062 577.22059
1136.00000 0.01062 577.22010
1137.00000 0.01062 577.21744
1138.00000 0.01062 577.21611
1139.00000 0.01062 577.21545
1140.00000 0.01062 577.21511
1141.00000 0.01062 577.21328
1142.00000 0.01062 577.21145
1143.00000 0.01062 577.21054
1144.00000 0.01062 577.21008
1145.00000 0.01062 577.20757
1146.00000 0.01062 577.20631
1147.00000 0.01062 577.20568
1148.00000 0.01062 577.20536
1149.00000 0.01062 577.20363
1150.00000 0.01062 577.20277
1151.00000 0.01062 577.20234
1152.00000 0.01062 577.19996
1153.00000 0.01062 577.19877
1154.00000 0.01062 577.19818
1155.00000 0.01062 577.19624
1156.00000 0.01062 577.19543
1157.00000 0.01062 577.19502
1158.00000 0.01062 577.22156
1159.00000 0.01062 577.22349
1160.00000 0.01062 577.19788
1161.00000 0.01062 577.18644
1162.00000 0.01062 577.18567
1163.00000 0.01062 577.18799
1164.00000 0.01062 577.19108
1165.00000 0.01062 577.22595
1166.00000 0.01062 577.22455
1167.00000 0.01062 577.22384
1168.00000 0.01062 577.18529
1169.00000 0.01062 577.18210
1170.00000 0.01062 577.17864
1171.00000 0.01062 577.17718
1172.00000 0.01062 577.17645
1173.00000 0.01062 577.18157
1174.00000 0.01062 577.18316
1175.00000 0.01063 577.16843
1176.00000 0.01063 577.16843
1177.00000 0.01063 577.17257
1178.00000 0.01063 577.16774
1179.00000 0.01063 577.17307
1180.00000 0.01063 577.16774
1181.00000 0.01063 577.17408
1182.00000 0.01063 577.16549
1183.00000 0.01063 577.16454
1184.00000 0.01063 577.16407
1185.00000 0.01063 577.16146
1186.00000 0.01063 577.16015
1187.00000 0.01063 577.15950
1188.00000 0.01063 577.15917
1189.00000 0.01063 577.15738
1190.00000 0.01063 577.16981
1191.00000 0.01063 577.16739
1192.00000 0.01063 577.17609
1193.00000 0.01063 577.16981
1194.00000 0.01063 577.17718
1195.00000 0.01063 577.16739
1196.00000 0.01063 577.17645
1197.00000 0.01063 577.16549
1198.00000 0.01063 577.16454
1199.00000 0.01063 577.16407
1200.00000 0.01063 577.16146
1201.00000 0.01063 577.16015
1202.00000 0.01063 577.15950
1203.00000 0.01063 577.17257
1204.00000 0.01063 577.15738
1205.00000 0.01063 577.17307
1206.00000 0.01063 577.17864
1207.00000 0.01063 577.17408
1208.00000 0.01063 577.18316
1209.00000 0.01063 577.18210
1210.00000 0.01063 577.18157
1211.00000 0.01063 577.15917
1212.00000 0.01090 575.96256
1213.00000 0.01102 575.36515
1214.00000 0.01109 575.06644
1215.00000 0.01144 573.42357
1216.00000 0.01163 572.60213
1217.00000 0.01172 572.19141
1218.00000 0.01177 571.98605
1219.00000 0.01203 570.85657
1220.00000 0.01216 570.29184
1221.00000 0.01223 570.00947
1222.00000 0.01260 568.45644
1223.00000 0.01279 567.67992
1224.00000 0.01289 567.29166
1225.00000 0.01343 1713.31448
1226.00000 0.01402 563.02083
1227.00000 0.01528 558.75000
1228.00000 0.01668 554.47916
1229.00000 0.01764 1709.04365
1230.00000 0.01823 550.20833
1231.00000 0.01993 545.93750
1232.00000 0.02177 541.66666
1233.00000 0.02193 1704.77282
1234.00000 0.02372 537.39583
1235.00000 0.02575 533.12500
1236.00000 0.02629 1700.50198
1237.00000 0.02783 528.85416
1238.00000 0.02993 524.58333
1239.00000 0.03069 1696.23115
1240.00000 0.03203 520.31250
1241.00000 0.03413 516.04166
1242.00000 0.03512 1691.96032
1243.00000 0.03619 511.77083
1244.00000 0.03823 507.50000
1245.00000 0.03956 1687.68948
1246.00000 0.04024 503.22916
1247.00000 0.04220 498.95833
1248.00000 0.04403 1683.41865
1249.00000 0.04414 494.68750
1250.00000 0.04603 490.41666
1251.00000 0.04789 486.14583
1252.00000 0.04850 1679.14782
1253.00000 0.04971 481.87500
1254.00000 0.05150 477.60416
1255.00000 0.05297 1674.87698
1256.00000 0.05326 473.33333
1257.00000 0.05498 469.06250
1258.00000 0.05668 464.79166
1259.00000 0.05744 1670.60615
1260.00000 0.05834 460.52083
1261.00000 0.05998 456.25000
1262.00000 0.06159 451.97916
1263.00000 0.06191 1666.33532
1264.00000 0.06318 447.70833
1265.00000 0.06474 443.43750
1266.00000 0.06627 439.16666
1267.00000 0.06637 1662.06448
1268.00000 0.06779 434.89583
1269.00000 0.06928 430.62500
1270.00000 0.07075 426.35416
1271.00000 0.07082 1657.79365
1272.00000 0.07221 422.08333
1273.00000 0.07364 417.81250
1274.00000 0.07505 413.54166
1275.00000 0.07526 1653.52282
1276.00000 0.07645 409.27083
1277.00000 0.07783 405.00000
1278.00000 0.07919 400.72917
1279.00000 0.07968 1649.25198
1280.00000 0.08054 396.45833
1281.00000 0.08187 392.18750
1282.00000 0.08318 387.91667
1283.00000 0.08409 1644.98115
1284.00000 0.08448 383.64583
1285.00000 0.08577 379.37500
1286.00000 0.08704 375.10417
1287.00000 0.08830 370.83333
1288.00000 0.08848 1640.71032
1289.00000 0.08955 366.56250
1290.00000 0.09078 362.29167
1291.00000 0.09200 358.02083
1292.00000 0.09285 1636.43948
1293.00000 0.09321 353.75000
1294.00000 0.09440 349.47917
1295.00000 0.09559 345.20833
1296.00000 0.09676 340.93750
1297.00000 0.09719 1632.16865
1298.00000 0.09793 336.66667
1299.00000 0.09908 332.39583
1300.00000 0.10022 328.12500
1301.00000 0.10135 323.85417
1302.00000 0.10152 1627.89782
1303.00000 0.10247 319.58333
1304.00000 0.10358 315.31250
1305.00000 0.10469 311.04167
1306.00000 0.10578 306.77083
1307.00000 0.10581 1623.62698
1308.00000 0.10686 302.50000
1309.00000 0.10794 298.22917
1310.00000 0.10900 293.95833
1311.00000 0.11006 289.68750
1312.00000 0.11008 1619.35615
1313.00000 0.11111 285.41667
1314.00000 0.11215 281.14583
1315.00000 0.11318 276.87500
1316.00000 0.11420 272.60417
1317.00000 0.11431 1615.08532
1318.00000 0.11522 268.33333
1319.00000 0.11623 264.06250
1320.00000 0.11723 259.79167
1321.00000 0.11822 255.52083
1322.00000 0.11851 1610.81448
1323.00000 0.11921 251.25000
1324.00000 0.12019 246.97917
1325.00000 0.12116 242.70833
1326.00000 0.12212 238.43750
1327.00000 0.12268 1606.54365
1328.00000 0.12308 234.16667
1329.00000 0.12403 229.89583
1330.00000 0.12498 225.62500
1331.00000 0.12592 221.35417
1332.00000 0.12680 1602.27282
1333.00000 0.12685 217.08333
1334.00000 0.12778 212.81250
1335.00000 0.12870 208.54167
1336.00000 0.12961 204.27083
1337.00000 0.13052 200.00427
1338.00000 0.13052 200.00000
1339.00000 0.13089 1598.00199
1340.00000 0.13493 1593.73115
1341.00000 0.13893 1589.46032
1342.00000 0.14288 1585.18949
1343.00000 0.14678 1580.91865
1344.00000 0.15064 1576.64782
1345.00000 0.15444 1572.37699
1346.00000 0.15819 1568.10615
1347.00000 0.16188 1563.83532
1348.00000 0.16552 1559.56449
1349.00000 0.16911 1555.29365
1350.00000 0.17264 1551.02282
1351.00000 0.17612 1546.75199
1352.00000 0.17954 1542.48115
1353.00000 0.18291 1538.21032
1354.00000 0.18623 1533.93949
1355.00000 0.18949 1529.66865
1356.00000 0.19270 1525.39782
1357.00000 0.19586 1521.12699
1358.00000 0.19897 1516.85615
1359.00000 0.20204 1512.58532
1360.00000 0.20505 1508.31449
1361.00000 0.20802 1504.04365
1362.00000 0.21094 1499.77282
1363.00000 0.21382 1495.50199
1364.00000 0.21666 1491.23115
1365.00000 0.21945 1486.96032
1366.00000 0.22221 1482.68949
1367.00000 0.22493 1478.41865
1368.00000 0.22761 1474.14782
1369.00000 0.23025 1469.87699
1370.00000 0.23286 1465.60615
1371.00000 0.23543 1461.33532
1372.00000 0.23798 1457.06449
1373.00000 0.24049 1452.79365
1374.00000 0.24297 1448.52282
1375.00000 0.24542 1444.25199
1376.00000 0.24784 1439.98115
1377.00000 0.25023 1435.71032
1378.00000 0.25260 1431.43949
1379.00000 0.25494 1427.16865
1380.00000 0.25726 1422.89782
1381.00000 0.25955 1418.62699
1382.00000 0.26182 1414.35615
1383.00000 0.26407 1410.08532
1384.00000 0.26629 1405.81449
1385.00000 0.26849 1401.54365
1386.00000 0.27068 1397.27282
1387.00000 0.27284 1393.00199
1388.00000 0.27498 1388.73115
1389.00000 0.27710 1384.46032
1390.00000 0.27921 1380.18949
1391.00000 0.28130 1375.91865
1392.00000 0.28337 1371.64782
1393.00000 0.28542 1367.37699
1394.00000 0.28745 1363.10615
1395.00000 0.28947 1358.83532
1396.00000 0.29148 1354.56449
1397.00000 0.29347 1350.29365
1398.00000 0.29544 1346.02282
1399.00000 0.29740 1341.75199
1400.00000 0.29935 1337.48115
1401.00000 0.30128 1333.21032
1402.00000 0.30320 1328.93949
1403.00000 0.30510 1324.66865
1404.00000 0.30700 1320.39782
1405.00000 0.30888 1316.12699
1406.00000 0.31074 1311.85615
1407.00000 0.31260 1307.58532
1408.00000 0.31394 200.00427
1409.00000 0.31394 200.00000
1410.00000 0.31415 204.27083
1411.00000 0.31436 208.54167
1412.00000 0.31444 1303.31449
1413.00000 0.31458 212.81250
1414.00000 0.31480 217.08333
1415.00000 0.31503 221.35417
1416.00000 0.31525 225.62500
1417.00000 0.31547 229.89583
1418.00000 0.31569 234.16667
1419.00000 0.31591 238.43750
1420.00000 0.31613 242.70833
1421.00000 0.31627 1299.04365
1422.00000 0.31634 246.97917
1423.00000 0.31656 251.25000
1424.00000 0.31676 255.52083
1425.00000 0.31696 259.79167
1426.00000 0.31716 264.06250
1427.00000 0.31735 268.33333
1428.00000 0.31754 272.60417
1429.00000 0.31760 802.18750
1430.00000 0.31760 797.91666
1431.00000 0.31760 793.64583
1432.00000 0.31760 776.56250
1433.00000 0.31760 789.37500
1434.00000 0.31760 785.10416
1435.00000 0.31760 780.83333
1436.00000 0.31760 806.45833
1437.00000 0.31760 772.29166
1438.00000 0.31761 815.00000
1439.00000 0.31761 763.75000
1440.00000 0.31761 759.47916
1441.00000 0.31761 810.72916
1442.00000 0.31761 768.02083
1443.00000 0.31762 755.20833
1444.00000 0.31762 819.27083
1445.00000 0.31762 823.54166
1446.00000 0.31763 827.81250
1447.00000 0.31763 746.66666
1448.00000 0.31763 750.93750
1449.00000 0.31764 832.08333
1450.00000 0.31764 836.35416
1451.00000 0.31764 742.39583
1452.00000 0.31765 738.12500
1453.00000 0.31765 840.62500
1454.00000 0.31766 733.85416
1455.00000 0.31766 844.89583
1456.00000 0.31767 849.16666
1457.00000 0.31767 729.58333
1458.00000 0.31768 725.31250
1459.00000 0.31768 853.43749
1460.00000 0.31769 721.04166
1461.00000 0.31770 857.70833
1462.00000 0.31770 716.77083
1463.00000 0.31771 861.97916
1464.00000 0.31771 712.50000
1465.00000 0.31772 276.87500
1466.00000 0.31772 866.24999
1467.00000 0.31773 708.22916
1468.00000 0.31774 870.52083
1469.00000 0.31774 703.95833
1470.00000 0.31775 874.79166
1471.00000 0.31775 699.68750
1472.00000 0.31777 695.41666
1473.00000 0.31777 879.06249
1474.00000 0.31778 691.14583
1475.00000 0.31779 883.33333
1476.00000 0.31780 686.87500
1477.00000 0.31780 887.60416
1478.00000 0.31782 682.60416
1479.00000 0.31782 891.87499
1480.00000 0.31783 678.33333
1481.00000 0.31784 896.14583
1482.00000 0.31785 674.06250
1483.00000 0.31786 900.41666
1484.00000 0.31787 669.79166
1485.00000 0.31788 904.68749
1486.00000 0.31789 665.52083
1487.00000 0.31790 281.14583
1488.00000 0.31791 908.95833
1489.00000 0.31791 661.25000
1490.00000 0.31793 656.97916
1491.00000 0.31793 913.22916
1492.00000 0.31795 917.49999
1493.00000 0.31795 652.70833
1494.00000 0.31797 648.43750
1495.00000 0.31798 921.77083
1496.00000 0.31799 644.16666
1497.00000 0.31800 926.04166
1498.00000 0.31802 639.89583
1499.00000 0.31803 930.31249
1500.00000 0.31804 635.62500
1501.00000 0.31806 631.35416
1502.00000 0.31806 934.58333
1503.00000 0.31807 285.41667
1504.00000 0.31808 938.85416
1505.00000 0.31809 627.08333
1506.00000 0.31809 1294.77282
1507.00000 0.31811 943.12499
1508.00000 0.31811 622.81250
1509.00000 0.31814 947.39583
1510.00000 0.31814 618.54166
1511.00000 0.31816 614.27083
1512.00000 0.31817 951.66666
1513.00000 0.31819 610.00000
1514.00000 0.31820 955.93749
1515.00000 0.31822 605.72916
1516.00000 0.31823 289.68750
1517.00000 0.31824 601.45833
1518.00000 0.31824 960.20833
1519.00000 0.31827 597.18750
1520.00000 0.31827 964.47916
1521.00000 0.31830 592.91666
1522.00000 0.31830 968.74999
1523.00000 0.31833 588.64583
1524.00000 0.31834 973.02083
1525.00000 0.31836 584.37500
1526.00000 0.31838 580.10416
1527.00000 0.31838 293.95833
1528.00000 0.31838 977.29166
1529.00000 0.31841 575.83333
1530.00000 0.31841 981.56249
1531.00000 0.31844 571.56250
1532.00000 0.31845 985.83333
1533.00000 0.31847 567.29166
1534.00000 0.31849 990.10416
1535.00000 0.31850 563.02083
1536.00000 0.31853 298.22917
1537.00000 0.31853 994.37499
1538.00000 0.31854 558.75000
1539.00000 0.31857 998.64583
1540.00000 0.31857 554.47916
1541.00000 0.31860 550.20833
1542.00000 0.31861 1002.91666
1543.00000 0.31863 545.93750
1544.00000 0.31865 1007.18749
1545.00000 0.31866 541.66666
1546.00000 0.31867 302.50000
1547.00000 0.31869 537.39583
1548.00000 0.31870 1011.45833
1549.00000 0.31873 533.12500
1550.00000 0.31874 1015.72916
1551.00000 0.31876 528.85416
1552.00000 0.31879 1019.99999
1553.00000 0.31879 524.58333
1554.00000 0.31880 306.77083
1555.00000 0.31882 520.31250
1556.00000 0.31883 1024.27083
1557.00000 0.31886 516.04166
1558.00000 0.31888 1028.54166
1559.00000 0.31889 511.77083
1560.00000 0.31892 507.50000
1561.00000 0.31893 311.04167
1562.00000 0.31893 1032.81249
1563.00000 0.31895 503.22916
1564.00000 0.31898 1037.08333
1565.00000 0.31899 498.95833
1566.00000 0.31902 494.68750
1567.00000 0.31903 1041.35416
1568.00000 0.31904 315.31250
1569.00000 0.31905 490.41666
1570.00000 0.31908 1045.62499
1571.00000 0.31908 486.14583
1572.00000 0.31912 481.87500
1573.00000 0.31913 1049.89583
1574.00000 0.31915 477.60416
1575.00000 0.31915 319.58333
1576.00000 0.31918 473.33333
1577.00000 0.31918 1054.16666
1578.00000 0.31921 469.06250
1579.00000 0.31923 1058.43749
1580.00000 0.31924 464.79166
1581.00000 0.31924 323.85417
1582.00000 0.31927 460.52083
1583.00000 0.31929 1062.70833
1584.00000 0.31930 456.25000
1585.00000 0.31933 451.97916
1586.00000 0.31933 328.12500
1587.00000 0.31935 1066.97916
1588.00000 0.31936 447.70833
1589.00000 0.31939 443.43750
1590.00000 0.31940 1071.24999
1591.00000 0.31940 332.39583
1592.00000 0.31942 439.16666
1593.00000 0.31945 434.89583
1594.00000 0.31946 1075.52083
1595.00000 0.31947 336.66667
1596.00000 0.31947 430.62500
1597.00000 0.31950 426.35416
1598.00000 0.31952 340.93750
1599.00000 0.31952 1079.79166
1600.00000 0.31952 422.08333
1601.00000 0.31954 417.81250
1602.00000 0.31956 413.54166
1603.00000 0.31956 345.20833
1604.00000 0.31958 1084.06249
1605.00000 0.31958 409.27083
1606.00000 0.31959 349.47917
1607.00000 0.31960 405.00000
1608.00000 0.31962 353.75000
1609.00000 0.31962 400.72917
1610.00000 0.31963 396.45833
1611.00000 0.31964 392.18750
1612.00000 0.31964 358.02083
1613.00000 0.31964 1088.33333
1614.00000 0.31965 387.91667
1615.00000 0.31965 362.29167
1616.00000 0.31966 366.56250
1617.00000 0.31966 383.64583
1618.00000 0.31967 370.83333
1619.00000 0.31967 375.10417
1620.00000 0.31967 379.37500
1621.00000 0.31970 1092.60416
1622.00000 0.31976 1096.87499
1623.00000 0.31983 1101.14583
1624.00000 0.31989 1105.41666
1625.00000 0.31990 1290.50199
1626.00000 0.31996 1109.68749
1627.00000 0.32002 1113.95833
1628.00000 0.32009 1118.22916
1629.00000 0.32016 1122.49999
1630.00000 0.32023 1126.77083
1631.00000 0.32030 1131.04166
1632.00000 0.32037 1135.31249
1633.00000 0.32044 1139.58333
1634.00000 0.32052 1143.85416
1635.00000 0.32059 1148.12499
1636.00000 0.32067 1152.39583
1637.00000 0.32075 1156.66666
1638.00000 0.32082 1160.93749
1639.00000 0.32090 1165.20833
1640.00000 0.32098 1169.47916
1641.00000 0.32106 1173.74999
1642.00000 0.32115 1178.02083
1643.00000 0.32123 1182.29166
1644.00000 0.32131 1186.56249
1645.00000 0.32140 1190.83333
1646.00000 0.32148 1195.10416
1647.00000 0.32157 1199.37499
1648.00000 0.32166 1203.64583
1649.00000 0.32170 1286.23115
1650.00000 0.32175 1207.91666
1651.00000 0.32184 1212.18749
1652.00000 0.32193 1216.45833
1653.00000 0.32203 1220.72916
1654.00000 0.32212 1224.99999
1655.00000 0.32222 1229.27083
1656.00000 0.32231 1233.54166
1657.00000 0.32241 1237.81249
1658.00000 0.32251 1242.08333
1659.00000 0.32261 1246.35416
1660.00000 0.32271 1250.62499
1661.00000 0.32281 1254.89583
1662.00000 0.32291 1259.16666
1663.00000 0.32302 1263.43749
1664.00000 0.32312 1267.70833
1665.00000 0.32323 1271.97916
1666.00000 0.32334 1276.24999
1667.00000 0.32345 1280.52082
1668.00000 0.32348 1281.96032
1669.00000 0.32348 1281.96032
1670.00000 0.32348 1281.96459
