0.00000 0.87962 1079.02463
1.00000 0.87962 1079.02463
2.00000 0.87962 1079.02036
3.00000 0.87962 1079.02891
4.00000 0.87996 1083.29547
5.00000 0.88030 1087.56630
6.00000 0.88064 1091.83713
7.00000 0.88067 1074.75380
8.00000 0.88100 1096.10797
9.00000 0.88136 1100.37880
10.00000 0.88173 1104.64963
11.00000 0.88173 1070.48297
12.00000 0.88210 1108.92047
13.00000 0.88249 1113.19130
14.00000 0.88278 1066.21213
15.00000 0.88288 1117.46213
16.00000 0.88327 1121.73297
17.00000 0.88368 1126.00380
18.00000 0.88383 1061.94130
19.00000 0.88409 1130.27463
20.00000 0.88451 1134.54547
21.00000 0.88488 1057.67047
22.00000 0.88493 1138.81630
23.00000 0.88537 1143.08713
24.00000 0.88581 1147.35797
25.00000 0.88593 1053.39963
26.00000 0.88626 1151.62880
27.00000 0.88671 1155.89963
28.00000 0.88698 1049.12880
29.00000 0.88717 1160.17047
30.00000 0.88764 1164.44130
31.00000 0.88803 1044.85797
32.00000 0.88812 1168.71213
33.00000 0.88860 1172.98297
34.00000 0.88908 1040.58713
35.00000 0.88910 1177.25380
36.00000 0.88959 1181.52463
37.00000 0.89010 1185.79547
38.00000 0.89013 1036.31630
39.00000 0.89061 1190.06630
40.00000 0.89113 1194.33713
41.00000 0.89118 1032.04547
42.00000 0.89166 1198.60797
43.00000 0.89220 1202.87880
44.00000 0.89223 1027.77463
45.00000 0.89274 1207.14963
46.00000 0.89328 1023.50380
47.00000 0.89329 1211.42047
48.00000 0.89385 1215.69130
49.00000 0.89433 1019.23297
50.00000 0.89441 1219.96213
51.00000 0.89498 1224.23297
52.00000 0.89538 1014.96213
53.00000 0.89556 1228.50380
54.00000 0.89614 1232.77463
55.00000 0.89643 1010.69130
56.00000 0.89673 1237.04547
57.00000 0.89733 1241.31630
58.00000 0.89747 1006.42047
59.00000 0.89794 1245.58713
60.00000 0.89852 1002.14963
61.00000 0.89855 1249.85797
62.00000 0.89917 1254.12880
63.00000 0.89956 997.87880
64.00000 0.89980 1258.39963
65.00000 0.90043 1262.67047
66.00000 0.90061 993.60797
67.00000 0.90107 1266.94130
68.00000 0.90165 989.33713
69.00000 0.90171 1271.21213
70.00000 0.90236 1275.48297
71.00000 0.90269 985.06630
72.00000 0.90302 1279.75380
73.00000 0.90369 1284.02463
74.00000 0.90373 980.79547
75.00000 0.90436 1288.29547
76.00000 0.90477 976.52464
77.00000 0.90504 1292.56630
78.00000 0.90572 1296.83713
79.00000 0.90581 972.25380
80.00000 0.90641 1301.10797
81.00000 0.90685 967.98297
82.00000 0.90711 1305.37880
83.00000 0.90771 964.40203
84.00000 0.90771 964.40203
85.00000 0.90772 964.40630
86.00000 0.90781 1309.64963
87.00000 0.90851 1313.92047
88.00000 0.90922 1318.19130
89.00000 0.90990 968.67287
90.00000 0.90994 1322.46213
91.00000 0.91066 1326.73297
92.00000 0.91139 1331.00380
93.00000 0.91209 972.94370
94.00000 0.91212 1335.27463
95.00000 0.91286 1339.54547
96.00000 0.91360 1343.81630
97.00000 0.91429 977.21453
98.00000 0.91435 1348.08713
99.00000 0.91510 1352.35797
100.00000 0.91586 1356.62880
101.00000 0.91650 981.48537
102.00000 0.91662 1360.89963
103.00000 0.91738 1365.17047
104.00000 0.91815 1369.44130
105.00000 0.91871 985.75620
106.00000 0.91892 1373.71213
107.00000 0.91970 1377.98297
108.00000 0.92048 1382.25380
109.00000 0.92093 990.02703
110.00000 0.92126 1386.52463
111.00000 0.92205 1390.79547
112.00000 0.92284 1395.06630
113.00000 0.92315 994.29787
114.00000 0.92363 1399.33713
115.00000 0.92443 1403.60797
116.00000 0.92522 1407.87880
117.00000 0.92537 998.56870
118.00000 0.92602 1412.14963
119.00000 0.92683 1416.42046
120.00000 0.92760 1002.83953
121.00000 0.92763 1420.69130
122.00000 0.92844 1424.96213
123.00000 0.92925 1429.23296
124.00000 0.92982 1007.11037
125.00000 0.93006 1433.50380
126.00000 0.93087 1437.77463
127.00000 0.93168 1442.04546
128.00000 0.93205 1011.38120
129.00000 0.93249 1446.31630
130.00000 0.93331 1450.58713
131.00000 0.93412 1454.85796
132.00000 0.93427 1015.65203
133.00000 0.93494 1459.12880
134.00000 0.93576 1463.39963
135.00000 0.93649 1019.92287
136.00000 0.93657 1467.67046
137.00000 0.93739 1471.94130
138.00000 0.93820 1476.21213
139.00000 0.93871 1024.19370
140.00000 0.93902 1480.48296
141.00000 0.93984 1484.75380
142.00000 0.94065 1489.02463
143.00000 0.94093 1028.46453
144.00000 0.94146 1493.29546
145.00000 0.94228 1497.56630
146.00000 0.94309 1501.83713
147.00000 0.94313 1032.73537
148.00000 0.94390 1506.10796
149.00000 0.94471 1510.37880
150.00000 0.94533 1037.00620
151.00000 0.94551 1514.64963
152.00000 0.94632 1518.92046
153.00000 0.94712 1523.19130
154.00000 0.94753 1041.27703
155.00000 0.94792 1527.46213
156.00000 0.94872 1531.73296
157.00000 0.94951 1536.00380
158.00000 0.94971 1045.54787
159.00000 0.95030 1540.27463
160.00000 0.95109 1544.54546
161.00000 0.95188 1548.81630
162.00000 0.95189 1049.81870
163.00000 0.95266 1553.08713
164.00000 0.95344 1557.35796
165.00000 0.95405 1054.08953
166.00000 0.95422 1561.62880
167.00000 0.95499 1565.89963
168.00000 0.95576 1570.17046
169.00000 0.95620 1058.36037
170.00000 0.95652 1574.44130
171.00000 0.95728 1578.71213
172.00000 0.95804 1582.98296
173.00000 0.95834 1062.63120
174.00000 0.95879 1587.25380
175.00000 0.95954 1591.52463
176.00000 0.96028 1595.79546
177.00000 0.96047 1066.90203
178.00000 0.96102 1600.06630
179.00000 0.96175 1604.33713
180.00000 0.96248 1608.60796
181.00000 0.96257 1071.17287
182.00000 0.96321 1612.87880
183.00000 0.96393 1617.14963
184.00000 0.96464 1621.42046
185.00000 0.96467 1075.44370
186.00000 0.96535 1625.69130
187.00000 0.96605 1629.96213
188.00000 0.96675 1634.23296
189.00000 0.96675 1079.71453
190.00000 0.96744 1638.50380
191.00000 0.96812 1642.77463
192.00000 0.96880 1647.04546
193.00000 0.96881 1083.98536
194.00000 0.96948 1651.31630
195.00000 0.97015 1655.58713
196.00000 0.97081 1659.85796
197.00000 0.97085 1088.25620
198.00000 0.97146 1664.12880
199.00000 0.97211 1668.39963
200.00000 0.97276 1672.67046
201.00000 0.97287 1092.52703
202.00000 0.97340 1676.94130
203.00000 0.97403 1681.21213
204.00000 0.97465 1685.48296
205.00000 0.97487 1096.79786
206.00000 0.97527 1689.75380
207.00000 0.97589 1694.02463
208.00000 0.97649 1698.29546
209.00000 0.97686 1101.06870
210.00000 0.97709 1702.56630
211.00000 0.97768 1706.83713
212.00000 0.97827 1711.10796
213.00000 0.97882 1105.33953
214.00000 0.97885 1715.37880
215.00000 0.97942 1719.64963
216.00000 0.97999 1723.92046
217.00000 0.98055 1728.19130
218.00000 0.98076 1109.61036
219.00000 0.98111 1732.46213
220.00000 0.98165 1736.73296
221.00000 0.98219 1741.00380
222.00000 0.98268 1113.88120
223.00000 0.98273 1745.27463
224.00000 0.98325 1749.54546
225.00000 0.98377 1753.81630
226.00000 0.98429 1758.08713
227.00000 0.98458 1118.15203
228.00000 0.98479 1762.35796
229.00000 0.98529 1766.62880
230.00000 0.98578 1770.89963
231.00000 0.98627 1775.17046
232.00000 0.98645 1122.42286
233.00000 0.98675 1779.44130
234.00000 0.98722 1783.71213
235.00000 0.98769 1787.98296
236.00000 0.98815 1792.25380
237.00000 0.98831 1126.69370
238.00000 0.98860 1796.52463
239.00000 0.98904 1800.79546
240.00000 0.98948 1805.06630
241.00000 0.98992 1809.33713
242.00000 0.99014 1130.96453
243.00000 0.99034 1813.60796
244.00000 0.99076 1817.87880
245.00000 0.99117 1822.14963
246.00000 0.99158 1826.42046
247.00000 0.99194 1135.23536
248.00000 0.99197 1830.69130
249.00000 0.99237 1834.96213
250.00000 0.99275 1839.23296
251.00000 0.99313 1843.50379
252.00000 0.99350 1847.77463
253.00000 0.99373 1139.50620
254.00000 0.99387 1852.04546
255.00000 0.99423 1856.31629
256.00000 0.99458 1860.58713
257.00000 0.99492 1864.85796
258.00000 0.99526 1869.12879
259.00000 0.99549 1143.77703
260.00000 0.99559 1873.39963
261.00000 0.99592 1877.67046
262.00000 0.99624 1881.94129
263.00000 0.99655 1886.21213
264.00000 0.99686 1890.48296
265.00000 0.99716 1894.75379
266.00000 0.99723 1148.04786
267.00000 0.99745 1899.02463
268.00000 0.99774 1903.29546
269.00000 0.99802 1907.56629
270.00000 0.99830 1911.83713
271.00000 0.99856 1916.10796
272.00000 0.99883 1920.37879
273.00000 0.99894 1152.31870
274.00000 0.99908 1924.64963
275.00000 0.99910 1152.70696
276.00000 0.99933 1928.92046
277.00000 0.99940 1153.48347
278.00000 0.99946 1153.62466
279.00000 0.99957 1153.90702
280.00000 0.99957 1933.19129
281.00000 0.99980 1154.47176
282.00000 0.99981 1937.46213
283.00000 0.99984 1154.57444
284.00000 0.99992 1154.77980
285.00000 0.99992 1939.59754
286.00000 0.99993 1154.81714
287.00000 0.99996 1154.89182
288.00000 0.99997 1154.90539
289.00000 0.99998 1940.66525
290.00000 0.99998 1154.93255
291.00000 1.00000 1154.98808
292.00000 1.00000 1176.00000
293.00000 1.00000 1179.00000
294.00000 1.00000 1182.00000
295.00000 1.00000 1185.00000
296.00000 1.00000 1299.00000
297.00000 1.00000 1191.00000
298.00000 1.00000 1154.98809
299.00000 1.00000 1154.98804
300.00000 1.00000 1173.00000
301.00000 1.00000 1940.93218
302.00000 1.00000 1188.00000
303.00000 1.00000 1167.00000
304.00000 1.00000 1170.00000
305.00000 1.00000 1161.00000
306.00000 1.00000 1158.00000
307.00000 1.00000 1155.00000
308.00000 1.00000 1154.98809
309.00000 1.00000 1941.02033
310.00000 1.00000 1515.00000
311.00000 1.00000 1302.00000
312.00000 1.00000 1308.00000
313.00000 1.00000 1419.00000
314.00000 1.00000 1422.00000
315.00000 1.00000 1425.00000
316.00000 1.00000 1428.00000
317.00000 1.00000 1431.00000
318.00000 1.00000 1164.00000
319.00000 1.00000 1941.02031
320.00000 1.00000 1935.00000
321.00000 1.00000 1941.01977
322.00000 1.00000 1254.00000
323.00000 1.00000 1296.00000
324.00000 1.00000 1293.00000
325.00000 1.00000 1290.00000
326.00000 1.00000 1287.00000
327.00000 1.00000 1284.00000
328.00000 1.00000 1281.00000
329.00000 1.00000 1203.00000
330.00000 1.00000 1278.00000
331.00000 1.00000 1272.00000
332.00000 1.00000 1269.00000
333.00000 1.00000 1266.00000
334.00000 1.00000 1263.00000
335.00000 1.00000 1260.00000
336.00000 1.00000 1257.00000
337.00000 1.00000 1275.00000
338.00000 1.00000 1200.00000
339.00000 1.00000 1197.00000
340.00000 1.00000 1194.00000
341.00000 1.00000 1154.98801
342.00000 1.00000 1154.98795
343.00000 1.00000 1154.98792
344.00000 1.00000 1154.98776
345.00000 1.00000 1154.98686
346.00000 1.00000 1941.02034
347.00000 1.00000 1154.98802
348.00000 1.00000 1434.00000
349.00000 1.00000 1940.99891
350.00000 1.00000 1941.01559
351.00000 1.00000 1941.02029
352.00000 1.00000 1437.00000
353.00000 1.00000 1452.00000
354.00000 1.00000 1443.00000
355.00000 1.00000 1353.00000
356.00000 1.00000 1332.00000
357.00000 1.00000 1326.00000
358.00000 1.00000 1323.00000
359.00000 1.00000 1320.00000
360.00000 1.00000 1317.00000
361.00000 1.00000 1314.00000
362.00000 1.00000 1311.00000
363.00000 1.00000 1329.00000
364.00000 1.00000 1305.00000
365.00000 1.00000 1356.00000
366.00000 1.00000 1362.00000
367.00000 1.00000 1404.00000
368.00000 1.00000 1335.00000
369.00000 1.00000 1401.00000
370.00000 1.00000 1395.00000
371.00000 1.00000 1392.00000
372.00000 1.00000 1389.00000
373.00000 1.00000 1359.00000
374.00000 1.00000 1386.00000
375.00000 1.00000 1380.00000
376.00000 1.00000 1377.00000
377.00000 1.00000 1374.00000
378.00000 1.00000 1371.00000
379.00000 1.00000 1368.00000
380.00000 1.00000 1365.00000
381.00000 1.00000 1383.00000
382.00000 1.00000 1938.00000
383.00000 1.00000 1398.00000
384.00000 1.00000 1440.00000
385.00000 1.00000 1338.00000
386.00000 1.00000 1344.00000
387.00000 1.00000 1446.00000
388.00000 1.00000 1449.00000
389.00000 1.00000 1455.00000
390.00000 1.00000 1458.00000
391.00000 1.00000 1461.00000
392.00000 1.00000 1464.00000
393.00000 1.00000 1467.00000
394.00000 1.00000 1509.00000
395.00000 1.00000 1506.00000
396.00000 1.00000 1503.00000
397.00000 1.00000 1500.00000
398.00000 1.00000 1497.00000
399.00000 1.00000 1494.00000
400.00000 1.00000 1341.00000
401.00000 1.00000 1416.00000
402.00000 1.00000 1485.00000
403.00000 1.00000 1482.00000
404.00000 1.00000 1479.00000
405.00000 1.00000 1476.00000
406.00000 1.00000 1473.00000
407.00000 1.00000 1470.00000
408.00000 1.00000 1488.00000
409.00000 1.00000 1251.00000
410.00000 1.00000 1413.00000
411.00000 1.00000 1410.00000
412.00000 1.00000 1407.00000
413.00000 1.00000 1350.00000
414.00000 1.00000 1347.00000
415.00000 1.00000 1491.00000
416.00000 1.00000 1248.00000
417.00000 1.00000 1578.00000
418.00000 1.00000 1242.00000
419.00000 1.00000 1611.00000
420.00000 1.00000 1614.00000
421.00000 1.00000 1572.00000
422.00000 1.00000 1566.00000
423.00000 1.00000 1620.00000
424.00000 1.00000 1542.00000
425.00000 1.00000 1524.00000
426.00000 1.00000 1527.00000
427.00000 1.00000 1530.00000
428.00000 1.00000 1533.00000
429.00000 1.00000 1536.00000
430.00000 1.00000 1539.00000
431.00000 1.00000 1545.00000
432.00000 1.00000 1563.00000
433.00000 1.00000 1722.00000
434.00000 1.00000 1608.00000
435.00000 1.00000 1548.00000
436.00000 1.00000 1605.00000
437.00000 1.00000 1599.00000
438.00000 1.00000 1848.00000
439.00000 1.00000 1845.00000
440.00000 1.00000 1842.00000
441.00000 1.00000 1839.00000
442.00000 1.00000 1731.00000
443.00000 1.00000 1806.00000
444.00000 1.00000 1725.00000
445.00000 1.00000 1593.00000
446.00000 1.00000 1575.00000
447.00000 1.00000 1581.00000
448.00000 1.00000 1584.00000
449.00000 1.00000 1587.00000
450.00000 1.00000 1590.00000
451.00000 1.00000 1596.00000
452.00000 1.00000 1569.00000
453.00000 1.00000 1602.00000
454.00000 1.00000 1551.00000
455.00000 1.00000 1554.00000
456.00000 1.00000 1557.00000
457.00000 1.00000 1668.00000
458.00000 1.00000 1629.00000
459.00000 1.00000 1632.00000
460.00000 1.00000 1635.00000
461.00000 1.00000 1638.00000
462.00000 1.00000 1641.00000
463.00000 1.00000 1644.00000
464.00000 1.00000 1647.00000
465.00000 1.00000 1650.00000
466.00000 1.00000 1653.00000
467.00000 1.00000 1656.00000
468.00000 1.00000 1659.00000
469.00000 1.00000 1662.00000
470.00000 1.00000 1665.00000
471.00000 1.00000 1701.00000
472.00000 1.00000 1671.00000
473.00000 1.00000 1674.00000
474.00000 1.00000 1677.00000
475.00000 1.00000 1680.00000
476.00000 1.00000 1560.00000
477.00000 1.00000 1617.00000
478.00000 1.00000 1917.00000
479.00000 1.00000 1623.00000
480.00000 1.00000 1698.00000
481.00000 1.00000 1626.00000
482.00000 1.00000 1704.00000
483.00000 1.00000 1851.00000
484.00000 1.00000 1707.00000
485.00000 1.00000 1713.00000
486.00000 1.00000 1716.00000
487.00000 1.00000 1719.00000
488.00000 1.00000 1692.00000
489.00000 1.00000 1689.00000
490.00000 1.00000 1686.00000
491.00000 1.00000 1683.00000
492.00000 1.00000 1710.00000
493.00000 1.00000 1854.00000
494.00000 1.00000 1857.00000
495.00000 1.00000 1860.00000
496.00000 1.00000 1797.00000
497.00000 1.00000 1800.00000
498.00000 1.00000 1914.00000
499.00000 1.00000 1830.00000
500.00000 1.00000 1809.00000
501.00000 1.00000 1812.00000
502.00000 1.00000 1815.00000
503.00000 1.00000 1818.00000
504.00000 1.00000 1821.00000
505.00000 1.00000 1824.00000
506.00000 1.00000 1782.00000
507.00000 1.00000 1779.00000
508.00000 1.00000 1776.00000
509.00000 1.00000 1773.00000
510.00000 1.00000 1770.00000
511.00000 1.00000 1794.00000
512.00000 1.00000 1791.00000
513.00000 1.00000 1788.00000
514.00000 1.00000 1785.00000
515.00000 1.00000 1239.00000
516.00000 1.00000 1236.00000
517.00000 1.00000 1233.00000
518.00000 1.00000 1230.00000
519.00000 1.00000 1227.00000
520.00000 1.00000 1224.00000
521.00000 1.00000 1221.00000
522.00000 1.00000 1767.00000
523.00000 1.00000 1218.00000
524.00000 1.00000 1212.00000
525.00000 1.00000 1209.00000
526.00000 1.00000 1206.00000
527.00000 1.00000 1512.00000
528.00000 1.00000 1941.02034
529.00000 1.00000 1518.00000
530.00000 1.00000 1803.00000
531.00000 1.00000 1215.00000
532.00000 1.00000 1245.00000
533.00000 1.00000 1764.00000
534.00000 1.00000 1758.00000
535.00000 1.00000 1908.00000
536.00000 1.00000 1932.00000
537.00000 1.00000 1929.00000
538.00000 1.00000 1926.00000
539.00000 1.00000 1923.00000
540.00000 1.00000 1920.00000
541.00000 1.00000 1887.00000
542.00000 1.00000 1884.00000
543.00000 1.00000 1881.00000
544.00000 1.00000 1878.00000
545.00000 1.00000 1875.00000
546.00000 1.00000 1872.00000
547.00000 1.00000 1869.00000
548.00000 1.00000 1866.00000
549.00000 1.00000 1863.00000
550.00000 1.00000 1836.00000
551.00000 1.00000 1911.00000
552.00000 1.00000 1905.00000
553.00000 1.00000 1902.00000
554.00000 1.00000 1755.00000
555.00000 1.00000 1752.00000
556.00000 1.00000 1749.00000
557.00000 1.00000 1746.00000
558.00000 1.00000 1743.00000
559.00000 1.00000 1740.00000
560.00000 1.00000 1737.00000
561.00000 1.00000 1761.00000
562.00000 1.00000 1734.00000
563.00000 1.00000 1833.00000
564.00000 1.00000 1728.00000
565.00000 1.00000 1521.00000
566.00000 1.00000 1890.00000
567.00000 1.00000 1893.00000
568.00000 1.00000 1896.00000
569.00000 1.00000 1899.00000
570.00000 1.00000 1827.00000
571.00000 1.00000 1695.00000
