0.00000 0.39454 200.00427
1.00000 0.39454 200.00000
2.00000 0.39496 204.27083
3.00000 0.39538 208.54167
4.00000 0.39581 212.81250
5.00000 0.39623 217.08333
6.00000 0.39665 221.35417
7.00000 0.39706 225.62500
8.00000 0.39747 229.89583
9.00000 0.39788 234.16667
10.00000 0.39829 238.43750
11.00000 0.39869 242.70833
12.00000 0.39909 246.97917
13.00000 0.39948 251.25000
14.00000 0.39987 255.52083
15.00000 0.40025 259.79167
16.00000 0.40039 1028.54166
17.00000 0.40039 1041.35416
18.00000 0.40039 1049.89583
19.00000 0.40039 1037.08333
20.00000 0.40039 1045.62499
21.00000 0.40039 1032.81249
22.00000 0.40040 1019.99999
23.00000 0.40040 1058.43749
24.00000 0.40040 1054.16666
25.00000 0.40040 1024.27083
26.00000 0.40041 1011.45833
27.00000 0.40041 1062.70833
28.00000 0.40041 1015.72916
29.00000 0.40041 1066.97916
30.00000 0.40042 1071.24999
31.00000 0.40042 1007.18749
32.00000 0.40043 1075.52083
33.00000 0.40043 1002.91666
34.00000 0.40044 998.64583
35.00000 0.40044 1079.79166
36.00000 0.40045 1084.06249
37.00000 0.40045 994.37499
38.00000 0.40046 990.10416
39.00000 0.40047 1088.33333
40.00000 0.40048 985.83333
41.00000 0.40048 1092.60416
42.00000 0.40049 1096.87499
43.00000 0.40049 981.56249
44.00000 0.40051 1101.14583
45.00000 0.40051 977.29166
46.00000 0.40052 973.02083
47.00000 0.40053 1105.41666
48.00000 0.40054 968.74999
49.00000 0.40055 1109.68749
50.00000 0.40056 964.47916
51.00000 0.40057 1113.95833
52.00000 0.40058 960.20833
53.00000 0.40059 1118.22916
54.00000 0.40060 955.93749
55.00000 0.40061 1122.49999
56.00000 0.40062 951.66666
57.00000 0.40063 264.06250
58.00000 0.40063 1126.77083
59.00000 0.40064 947.39583
60.00000 0.40066 943.12499
61.00000 0.40066 1131.04166
62.00000 0.40069 938.85416
63.00000 0.40069 1135.31249
64.00000 0.40071 1139.58333
65.00000 0.40071 934.58333
66.00000 0.40074 1143.85416
67.00000 0.40074 930.31249
68.00000 0.40076 926.04166
69.00000 0.40077 1148.12499
70.00000 0.40079 921.77083
71.00000 0.40080 1152.39583
72.00000 0.40082 917.49999
73.00000 0.40084 1156.66666
74.00000 0.40085 913.22916
75.00000 0.40087 1160.93749
76.00000 0.40088 908.95833
77.00000 0.40091 904.68749
78.00000 0.40091 1165.20833
79.00000 0.40094 1169.47916
80.00000 0.40095 900.41666
81.00000 0.40098 1173.74999
82.00000 0.40098 896.14583
83.00000 0.40101 891.87499
84.00000 0.40101 268.33333
85.00000 0.40102 1178.02083
86.00000 0.40105 887.60416
87.00000 0.40106 1182.29166
88.00000 0.40108 883.33333
89.00000 0.40110 1186.56249
90.00000 0.40112 879.06249
91.00000 0.40115 1190.83333
92.00000 0.40116 874.79166
93.00000 0.40119 1195.10416
94.00000 0.40120 870.52083
95.00000 0.40124 866.24999
96.00000 0.40124 1199.37499
97.00000 0.40128 1203.64583
98.00000 0.40128 861.97916
99.00000 0.40132 857.70833
100.00000 0.40133 1207.91666
101.00000 0.40136 853.43749
102.00000 0.40138 272.60417
103.00000 0.40138 1212.18749
104.00000 0.40140 849.16666
105.00000 0.40143 1216.45833
106.00000 0.40145 844.89583
107.00000 0.40149 840.62500
108.00000 0.40149 1220.72916
109.00000 0.40154 1224.99999
110.00000 0.40154 836.35416
111.00000 0.40158 832.08333
112.00000 0.40160 1229.27083
113.00000 0.40163 827.81250
114.00000 0.40166 1233.54166
115.00000 0.40168 823.54166
116.00000 0.40171 1237.81249
117.00000 0.40173 819.27083
118.00000 0.40174 276.87500
119.00000 0.40177 1242.08333
120.00000 0.40178 815.00000
121.00000 0.40183 810.72916
122.00000 0.40184 1246.35416
123.00000 0.40188 806.45833
124.00000 0.40190 1250.62499
125.00000 0.40193 802.18750
126.00000 0.40196 1254.89583
127.00000 0.40198 797.91666
128.00000 0.40203 1259.16666
129.00000 0.40203 793.64583
130.00000 0.40209 789.37500
131.00000 0.40210 1263.43749
132.00000 0.40210 281.14583
133.00000 0.40214 785.10416
134.00000 0.40217 1267.70833
135.00000 0.40220 780.83333
136.00000 0.40224 1271.97916
137.00000 0.40225 776.56250
138.00000 0.40231 1276.24999
139.00000 0.40231 772.29166
140.00000 0.40237 768.02083
141.00000 0.40238 1280.52082
142.00000 0.40241 1281.96032
143.00000 0.40241 1281.96032
144.00000 0.40241 1281.96459
145.00000 0.40243 763.75000
146.00000 0.40246 285.41667
147.00000 0.40249 759.47916
148.00000 0.40254 755.20833
149.00000 0.40260 750.93750
150.00000 0.40267 746.66666
151.00000 0.40273 742.39583
152.00000 0.40279 738.12500
153.00000 0.40281 289.68750
154.00000 0.40285 733.85416
155.00000 0.40292 729.58333
156.00000 0.40298 725.31250
157.00000 0.40304 721.04166
158.00000 0.40311 716.77083
159.00000 0.40315 293.95833
160.00000 0.40317 712.50000
161.00000 0.40324 708.22916
162.00000 0.40331 703.95833
163.00000 0.40337 699.68750
164.00000 0.40344 695.41666
165.00000 0.40349 298.22917
166.00000 0.40351 691.14583
167.00000 0.40357 1286.23115
168.00000 0.40358 686.87500
169.00000 0.40365 682.60416
170.00000 0.40372 678.33333
171.00000 0.40379 674.06250
172.00000 0.40382 302.50000
173.00000 0.40386 669.79166
174.00000 0.40393 665.52083
175.00000 0.40400 661.25000
176.00000 0.40407 656.97916
177.00000 0.40414 652.70833
178.00000 0.40414 306.77083
179.00000 0.40422 648.43750
180.00000 0.40429 644.16666
181.00000 0.40436 639.89583
182.00000 0.40444 635.62500
183.00000 0.40447 311.04167
184.00000 0.40451 631.35416
185.00000 0.40458 627.08333
186.00000 0.40466 622.81250
187.00000 0.40473 618.54166
188.00000 0.40475 1290.50199
189.00000 0.40478 315.31250
190.00000 0.40481 614.27083
191.00000 0.40488 610.00000
192.00000 0.40496 605.72916
193.00000 0.40503 601.45833
194.00000 0.40509 319.58333
195.00000 0.40511 597.18750
196.00000 0.40518 592.91666
197.00000 0.40526 588.64583
198.00000 0.40533 584.37500
199.00000 0.40539 323.85417
200.00000 0.40541 580.10416
201.00000 0.40548 575.83333
202.00000 0.40556 571.56250
203.00000 0.40563 567.29166
204.00000 0.40569 328.12500
205.00000 0.40571 563.02083
206.00000 0.40578 558.75000
207.00000 0.40586 554.47916
208.00000 0.40593 550.20833
209.00000 0.40594 1294.77282
210.00000 0.40599 332.39583
211.00000 0.40600 545.93750
212.00000 0.40608 541.66666
213.00000 0.40615 537.39583
214.00000 0.40622 533.12500
215.00000 0.40628 336.66667
216.00000 0.40629 528.85416
217.00000 0.40636 524.58333
218.00000 0.40643 520.31250
219.00000 0.40650 516.04166
220.00000 0.40656 340.93750
221.00000 0.40657 511.77083
222.00000 0.40664 507.50000
223.00000 0.40671 503.22916
224.00000 0.40676 345.20833
225.00000 0.40677 498.95833
226.00000 0.40684 494.68750
227.00000 0.40690 490.41666
228.00000 0.40693 349.47917
229.00000 0.40696 486.14583
230.00000 0.40702 481.87500
231.00000 0.40708 353.75000
232.00000 0.40708 477.60416
233.00000 0.40714 473.33333
234.00000 0.40715 1299.04365
235.00000 0.40720 469.06250
236.00000 0.40720 358.02083
237.00000 0.40725 464.79166
238.00000 0.40730 362.29167
239.00000 0.40730 460.52083
240.00000 0.40735 456.25000
241.00000 0.40739 366.56250
242.00000 0.40740 451.97916
243.00000 0.40744 447.70833
244.00000 0.40747 370.83333
245.00000 0.40748 443.43750
246.00000 0.40752 439.16666
247.00000 0.40753 375.10417
248.00000 0.40756 434.89583
249.00000 0.40758 379.37500
250.00000 0.40759 430.62500
251.00000 0.40762 383.64583
252.00000 0.40762 426.35416
253.00000 0.40764 422.08333
254.00000 0.40765 387.91667
255.00000 0.40766 417.81250
256.00000 0.40767 392.18750
257.00000 0.40768 413.54166
258.00000 0.40768 396.45833
259.00000 0.40769 400.72917
260.00000 0.40769 409.27083
261.00000 0.40769 405.00000
262.00000 0.40837 1303.31449
263.00000 0.40961 1307.58532
264.00000 0.41087 1311.85615
265.00000 0.41214 1316.12699
266.00000 0.41342 1320.39782
267.00000 0.41472 1324.66865
268.00000 0.41604 1328.93949
269.00000 0.41738 1333.21032
270.00000 0.41873 1337.48115
271.00000 0.42009 1341.75199
272.00000 0.42148 1346.02282
273.00000 0.42288 1350.29365
274.00000 0.42429 1354.56449
275.00000 0.42573 1358.83532
276.00000 0.42717 1363.10615
277.00000 0.42864 1367.37699
278.00000 0.43012 1371.64782
279.00000 0.43161 1375.91865
280.00000 0.43312 1380.18949
281.00000 0.43464 1384.46032
282.00000 0.43617 1388.73115
283.00000 0.43772 1393.00199
284.00000 0.43927 1397.27282
285.00000 0.44084 1401.54365
286.00000 0.44241 1405.81449
287.00000 0.44399 1410.08532
288.00000 0.44557 1414.35615
289.00000 0.44715 1418.62699
290.00000 0.44874 1422.89782
291.00000 0.45032 1427.16865
292.00000 0.45190 1431.43949
293.00000 0.45347 1435.71032
294.00000 0.45504 1439.98115
295.00000 0.45659 1444.25199
296.00000 0.45813 1448.52282
297.00000 0.45965 1452.79365
298.00000 0.46115 1457.06449
299.00000 0.46262 1461.33532
300.00000 0.46408 1465.60615
301.00000 0.46551 1469.87699
302.00000 0.46691 1474.14782
303.00000 0.46828 1478.41865
304.00000 0.46962 1482.68949
305.00000 0.47093 1486.96032
306.00000 0.47221 1491.23115
307.00000 0.47346 1495.50199
308.00000 0.47468 1499.77282
309.00000 0.47586 1504.04365
310.00000 0.47702 1508.31449
311.00000 0.47814 1512.58532
312.00000 0.47924 1516.85615
313.00000 0.48031 1521.12699
314.00000 0.48135 1525.39782
315.00000 0.48237 1529.66865
316.00000 0.48337 1533.93949
317.00000 0.48435 1538.21032
318.00000 0.48532 1542.48115
319.00000 0.48627 1546.75199
320.00000 0.48721 1551.02282
321.00000 0.48815 1555.29365
322.00000 0.48910 1559.56449
323.00000 0.49006 1563.83532
324.00000 0.49105 1568.10615
325.00000 0.49210 1572.37699
326.00000 0.49326 1576.64782
327.00000 0.49470 1580.91865
328.00000 0.49486 1581.30691
329.00000 0.49522 1582.08342
330.00000 0.49635 1583.63646
331.00000 0.49638 1583.66213
332.00000 0.49647 1583.71346
333.00000 0.49673 1583.81614
334.00000 0.49674 1583.81784
335.00000 0.49676 1583.82124
336.00000 0.49677 1583.82264
337.00000 0.49679 1583.82510
338.00000 0.49682 1583.82861
339.00000 0.49689 1583.83002
340.00000 0.49704 1583.81038
341.00000 0.49731 1583.68118
342.00000 0.49759 1583.43200
343.00000 0.49811 1582.57331
344.00000 0.49911 1579.41307
345.00000 0.49958 1577.11100
346.00000 0.49974 1576.24204
347.00000 0.50000 375.02704
348.00000 0.50000 370.75620
349.00000 0.50000 366.48537
350.00000 0.50000 362.21454
351.00000 0.50000 357.94370
352.00000 0.50000 353.67287
353.00000 0.50000 349.40204
354.00000 0.50000 345.13120
355.00000 0.50000 340.86037
356.00000 0.50000 319.50620
357.00000 0.50000 332.31870
358.00000 0.50000 328.04787
359.00000 0.50000 323.77704
360.00000 0.50000 293.88120
361.00000 0.50000 315.23537
362.00000 0.50000 310.96454
363.00000 0.50000 306.69370
364.00000 0.50000 302.42287
365.00000 0.50000 298.15204
366.00000 0.50000 336.58954
367.00000 0.50000 575.75620
368.00000 0.50000 208.46454
369.00000 0.50000 281.06870
370.00000 0.50000 285.33954
371.00000 0.50000 276.79787
372.00000 0.50000 272.52704
373.00000 0.50000 268.25620
374.00000 0.50000 263.98537
375.00000 0.50000 259.71454
376.00000 0.50000 255.44370
377.00000 0.50000 251.17287
378.00000 0.50000 246.90204
379.00000 0.50000 242.63120
380.00000 0.50000 238.36037
381.00000 0.50000 234.08954
382.00000 0.50000 229.81870
383.00000 0.50000 225.54787
384.00000 0.50000 221.27704
385.00000 0.50000 217.00621
386.00000 0.50000 289.61037
387.00000 0.50000 204.19371
388.00000 0.50000 200.00000
389.00000 0.50000 580.02704
390.00000 0.50000 387.83954
391.00000 0.50000 212.73537
392.00000 0.50000 396.38120
393.00000 0.50000 409.19370
394.00000 0.50000 413.46454
395.00000 0.50000 392.11037
396.00000 0.50000 417.73537
397.00000 0.50000 422.00620
398.00000 0.50000 426.27704
399.00000 0.50000 430.54787
400.00000 0.50000 439.08954
401.00000 0.50000 477.52704
402.00000 0.50000 443.36037
403.00000 0.50000 447.63120
404.00000 0.50000 451.90204
405.00000 0.50000 456.17287
406.00000 0.50000 460.44370
407.00000 0.50000 464.71454
408.00000 0.50000 468.98537
409.00000 0.50000 473.25620
410.00000 0.50000 571.48537
411.00000 0.50000 379.29787
412.00000 0.50000 404.92287
413.00000 0.50000 434.81870
414.00000 0.50000 400.65204
415.00000 0.50000 486.06870
416.00000 0.50000 494.61037
417.00000 0.50000 498.88120
418.00000 0.50000 503.15204
419.00000 0.50000 507.42287
420.00000 0.50000 511.69370
421.00000 0.50000 515.96454
422.00000 0.50000 520.23537
423.00000 0.50000 524.50620
424.00000 0.50000 481.79787
425.00000 0.50000 533.04787
426.00000 0.50000 528.77704
427.00000 0.50000 383.56870
428.00000 0.50000 541.58954
429.00000 0.50000 545.86037
430.00000 0.50000 550.13120
431.00000 0.50000 554.40204
432.00000 0.50000 558.67287
433.00000 0.50000 562.94370
434.00000 0.50000 567.21454
435.00000 0.50000 490.33954
436.00000 0.50000 537.31870
437.00000 0.50001 601.38120
438.00000 0.50001 614.19370
439.00000 0.50001 609.92287
440.00000 0.50001 605.65204
441.00000 0.50001 597.11037
442.00000 0.50001 622.73537
443.00000 0.50001 588.56870
444.00000 0.50001 584.29787
445.00000 0.50001 618.46454
446.00000 0.50001 1574.50412
447.00000 0.50001 592.83954
448.00000 0.50002 648.36037
449.00000 0.50002 644.08954
450.00000 0.50002 639.81870
451.00000 0.50002 635.54787
452.00000 0.50002 631.27704
453.00000 0.50002 627.00620
454.00000 0.50003 652.63120
455.00000 0.50003 656.90203
456.00000 0.50003 661.17287
457.00000 0.50004 673.98537
458.00000 0.50004 665.44370
459.00000 0.50004 669.71453
460.00000 0.50005 682.52703
461.00000 0.50005 686.79787
462.00000 0.50005 678.25620
463.00000 0.50006 691.06870
464.00000 0.50006 695.33953
465.00000 0.50007 699.61037
466.00000 0.50007 703.88120
467.00000 0.50008 708.15203
468.00000 0.50009 712.42287
469.00000 0.50009 716.69370
470.00000 0.50010 720.96453
471.00000 0.50011 725.23537
472.00000 0.50011 729.50620
473.00000 0.50012 733.77703
474.00000 0.50013 738.04787
475.00000 0.50014 742.31870
476.00000 0.50015 746.58953
477.00000 0.50016 750.86037
478.00000 0.50017 755.13120
479.00000 0.50018 759.40203
480.00000 0.50020 763.67287
481.00000 0.50021 767.94370
482.00000 0.50022 772.21453
483.00000 0.50024 776.48537
484.00000 0.50025 780.75620
485.00000 0.50027 785.02703
486.00000 0.50029 789.29787
487.00000 0.50030 793.56870
488.00000 0.50032 797.83953
489.00000 0.50034 802.11037
490.00000 0.50036 806.38120
491.00000 0.50038 810.65203
492.00000 0.50041 814.92287
493.00000 0.50043 819.19370
494.00000 0.50045 823.46453
495.00000 0.50048 827.73537
496.00000 0.50048 1571.02828
497.00000 0.50051 832.00620
498.00000 0.50054 836.27703
499.00000 0.50057 840.54787
500.00000 0.50060 844.81870
501.00000 0.50063 849.08953
502.00000 0.50066 853.36037
503.00000 0.50070 857.63120
504.00000 0.50074 861.90203
505.00000 0.50077 866.17287
506.00000 0.50081 870.44370
507.00000 0.50086 874.71453
508.00000 0.50090 878.98537
509.00000 0.50094 883.25620
510.00000 0.50096 1566.75745
511.00000 0.50099 887.52703
512.00000 0.50104 891.79787
513.00000 0.50109 896.06870
514.00000 0.50114 900.33953
515.00000 0.50120 904.61037
516.00000 0.50126 908.88120
517.00000 0.50132 913.15203
518.00000 0.50137 1562.48662
519.00000 0.50138 917.42287
520.00000 0.50144 921.69370
521.00000 0.50151 925.96453
522.00000 0.50158 930.23537
523.00000 0.50165 934.50620
524.00000 0.50173 938.77703
525.00000 0.50173 1558.21578
526.00000 0.50180 943.04787
527.00000 0.50188 947.31870
528.00000 0.50197 951.58953
529.00000 0.50205 955.86037
530.00000 0.50205 1553.94495
531.00000 0.50214 960.13120
532.00000 0.50223 964.40203
533.00000 0.50223 964.39776
534.00000 0.50230 967.98297
535.00000 0.50235 1549.67412
536.00000 0.50237 972.25380
537.00000 0.50245 976.52464
538.00000 0.50253 980.79547
539.00000 0.50261 1545.40328
540.00000 0.50262 985.06630
541.00000 0.50270 989.33713
542.00000 0.50279 993.60797
543.00000 0.50286 1541.13245
544.00000 0.50288 997.87880
545.00000 0.50297 1002.14963
546.00000 0.50306 1006.42047
547.00000 0.50309 1536.86162
548.00000 0.50316 1010.69130
549.00000 0.50326 1014.96213
550.00000 0.50331 1532.59078
551.00000 0.50336 1019.23297
552.00000 0.50346 1023.50380
553.00000 0.50351 1528.31995
554.00000 0.50357 1027.77463
555.00000 0.50367 1032.04547
556.00000 0.50370 1524.04912
557.00000 0.50378 1036.31630
558.00000 0.50388 1519.77828
559.00000 0.50389 1040.58713
560.00000 0.50401 1044.85797
561.00000 0.50405 1515.50745
562.00000 0.50412 1049.12880
563.00000 0.50421 1511.23662
564.00000 0.50424 1053.39963
565.00000 0.50437 1057.67047
566.00000 0.50437 1506.96578
567.00000 0.50449 1061.94130
568.00000 0.50451 1502.69495
569.00000 0.50462 1066.21213
570.00000 0.50465 1498.42412
571.00000 0.50475 1070.48297
572.00000 0.50479 1494.15329
573.00000 0.50488 1074.75380
574.00000 0.50492 1489.88245
575.00000 0.50501 1079.02463
576.00000 0.50501 1079.02036
577.00000 0.50503 1079.88245
578.00000 0.50504 1485.61162
579.00000 0.50509 1084.15329
580.00000 0.50515 1088.42412
581.00000 0.50516 1481.34079
582.00000 0.50521 1092.69495
583.00000 0.50527 1096.96579
584.00000 0.50527 1477.06995
585.00000 0.50533 1101.23662
586.00000 0.50537 1472.79912
587.00000 0.50539 1105.50745
588.00000 0.50545 1109.77829
589.00000 0.50548 1468.52829
590.00000 0.50550 1114.04912
591.00000 0.50556 1118.31995
592.00000 0.50557 1464.25745
593.00000 0.50562 1122.59079
594.00000 0.50567 1126.86162
595.00000 0.50567 1459.98662
596.00000 0.50573 1131.13245
597.00000 0.50576 1455.71579
598.00000 0.50578 1135.40329
599.00000 0.50584 1139.67412
600.00000 0.50584 1451.44495
601.00000 0.50589 1143.94495
602.00000 0.50592 1447.17412
603.00000 0.50594 1148.21579
604.00000 0.50599 1152.48662
605.00000 0.50600 1442.90329
606.00000 0.50604 1156.75745
607.00000 0.50608 1438.63245
608.00000 0.50609 1161.02829
609.00000 0.50614 1165.29912
610.00000 0.50615 1434.36162
611.00000 0.50619 1169.56995
612.00000 0.50622 1430.09079
613.00000 0.50624 1173.84079
614.00000 0.50628 1178.11162
615.00000 0.50628 1425.81995
616.00000 0.50633 1182.38245
617.00000 0.50634 1421.54912
618.00000 0.50637 1186.65329
619.00000 0.50640 1417.27829
620.00000 0.50641 1190.92412
621.00000 0.50645 1195.19495
622.00000 0.50646 1413.00745
623.00000 0.50649 1199.46579
624.00000 0.50651 1408.73662
625.00000 0.50653 1203.73662
626.00000 0.50656 1404.46579
627.00000 0.50657 1208.00745
628.00000 0.50661 1400.19495
629.00000 0.50661 1212.27829
630.00000 0.50664 1216.54912
631.00000 0.50666 1395.92412
632.00000 0.50668 1220.81995
633.00000 0.50670 1391.65329
634.00000 0.50671 1225.09079
635.00000 0.50674 1229.36162
636.00000 0.50674 1387.38245
637.00000 0.50677 1233.63245
638.00000 0.50677 1383.11162
639.00000 0.50680 1237.90329
640.00000 0.50681 1378.84079
641.00000 0.50683 1242.17412
642.00000 0.50684 1374.56995
643.00000 0.50686 1246.44495
644.00000 0.50687 1370.29912
645.00000 0.50688 1250.71579
646.00000 0.50690 1366.02829
647.00000 0.50690 1254.98662
648.00000 0.50692 1361.75745
649.00000 0.50693 1259.25745
650.00000 0.50695 1357.48662
651.00000 0.50695 1263.52829
652.00000 0.50696 1267.79912
653.00000 0.50697 1353.21579
654.00000 0.50698 1348.94495
655.00000 0.50698 1272.06995
656.00000 0.50700 1344.67412
657.00000 0.50700 1276.34079
658.00000 0.50701 1280.61162
659.00000 0.50702 1340.40329
660.00000 0.50702 1284.88245
661.00000 0.50703 1336.13245
662.00000 0.50703 1289.15329
663.00000 0.50704 1293.42412
664.00000 0.50704 1331.86162
665.00000 0.50705 1301.96579
666.00000 0.50705 1327.59079
667.00000 0.50705 1323.31995
668.00000 0.50705 1297.69495
669.00000 0.50706 1310.50745
670.00000 0.50706 1314.77829
671.00000 0.50706 1306.23662
672.00000 0.50706 1319.04912
