0.00000 0.97459 887.60416
1.00000 0.97459 891.87499
2.00000 0.97460 896.14583
3.00000 0.97460 883.33333
4.00000 0.97462 879.06249
5.00000 0.97463 900.41666
6.00000 0.97466 874.79166
7.00000 0.97467 904.68749
8.00000 0.97471 870.52083
9.00000 0.97472 908.95833
10.00000 0.97478 866.24999
11.00000 0.97479 913.22916
12.00000 0.97486 861.97916
13.00000 0.97487 917.49999
14.00000 0.97495 857.70833
15.00000 0.97497 921.77083
16.00000 0.97505 853.43749
17.00000 0.97507 926.04166
18.00000 0.97516 849.16666
19.00000 0.97519 930.31249
20.00000 0.97529 844.89583
21.00000 0.97533 934.58333
22.00000 0.97543 840.62500
23.00000 0.97548 938.85416
24.00000 0.97558 836.35416
25.00000 0.97564 943.12499
26.00000 0.97575 832.08333
27.00000 0.97581 947.39583
28.00000 0.97592 827.81250
29.00000 0.97600 951.66666
30.00000 0.97611 823.54166
31.00000 0.97620 955.93749
32.00000 0.97631 819.27083
33.00000 0.97642 960.20833
34.00000 0.97652 815.00000
35.00000 0.97665 964.47916
36.00000 0.97674 810.72916
37.00000 0.97689 968.74999
38.00000 0.97697 806.45833
39.00000 0.97715 973.02083
40.00000 0.97721 802.18750
41.00000 0.97741 977.29166
42.00000 0.97746 797.91666
43.00000 0.97770 981.56249
44.00000 0.97773 793.64583
45.00000 0.97799 985.83333
46.00000 0.97800 789.37500
47.00000 0.97828 785.10416
48.00000 0.97830 990.10416
49.00000 0.97857 780.83333
50.00000 0.97862 994.37499
51.00000 0.97887 776.56250
52.00000 0.97896 998.64583
53.00000 0.97917 772.29166
54.00000 0.97931 1002.91666
55.00000 0.97949 768.02083
56.00000 0.97967 1007.18749
57.00000 0.97981 763.75000
58.00000 0.98004 1011.45833
59.00000 0.98014 759.47916
60.00000 0.98043 1015.72916
61.00000 0.98048 755.20833
62.00000 0.98082 750.93750
63.00000 0.98083 1019.99999
64.00000 0.98117 746.66666
65.00000 0.98124 1024.27083
66.00000 0.98152 742.39583
67.00000 0.98167 1028.54166
68.00000 0.98187 738.12500
69.00000 0.98211 1032.81249
70.00000 0.98224 733.85416
71.00000 0.98256 1037.08333
72.00000 0.98260 729.58333
73.00000 0.98297 725.31250
74.00000 0.98303 1041.35416
75.00000 0.98334 721.04166
76.00000 0.98350 1045.62499
77.00000 0.98371 716.77083
78.00000 0.98399 1049.89583
79.00000 0.98408 712.50000
80.00000 0.98446 708.22916
81.00000 0.98450 1054.16666
82.00000 0.98483 703.95833
83.00000 0.98501 1058.43749
84.00000 0.98520 699.68750
85.00000 0.98554 1062.70833
86.00000 0.98558 695.41666
87.00000 0.98595 691.14583
88.00000 0.98608 1066.97916
89.00000 0.98632 686.87500
90.00000 0.98664 1071.24999
91.00000 0.98669 682.60416
92.00000 0.98706 678.33333
93.00000 0.98720 1075.52083
94.00000 0.98742 674.06250
95.00000 0.98778 669.79166
96.00000 0.98778 1079.79166
97.00000 0.98814 665.52083
98.00000 0.98837 1084.06249
99.00000 0.98849 661.25000
100.00000 0.98884 656.97916
101.00000 0.98898 1088.33333
102.00000 0.98919 652.70833
103.00000 0.98953 648.43750
104.00000 0.98959 1092.60416
105.00000 0.98987 644.16666
106.00000 0.99020 639.89583
107.00000 0.99022 1096.87499
108.00000 0.99053 635.62500
109.00000 0.99085 631.35416
110.00000 0.99086 1101.14583
111.00000 0.99117 627.08333
112.00000 0.99148 622.81250
113.00000 0.99152 1105.41666
114.00000 0.99178 618.54166
115.00000 0.99208 614.27083
116.00000 0.99218 1109.68749
117.00000 0.99238 610.00000
118.00000 0.99267 605.72916
119.00000 0.99286 1113.95833
120.00000 0.99295 601.45833
121.00000 0.99322 597.18750
122.00000 0.99349 592.91666
123.00000 0.99355 1118.22916
124.00000 0.99376 588.64583
125.00000 0.99401 584.37500
126.00000 0.99425 1122.49999
127.00000 0.99426 580.10416
128.00000 0.99451 575.83333
129.00000 0.99475 571.56250
130.00000 0.99497 1126.77083
131.00000 0.99498 567.29166
132.00000 0.99520 563.02083
133.00000 0.99542 558.75000
134.00000 0.99563 554.47916
135.00000 0.99570 1131.04166
136.00000 0.99584 550.20833
137.00000 0.99604 545.93750
138.00000 0.99623 541.66666
139.00000 0.99642 537.39583
140.00000 0.99644 1135.31249
141.00000 0.99660 533.12500
142.00000 0.99677 528.85416
143.00000 0.99694 524.58333
144.00000 0.99710 520.31250
145.00000 0.99719 1139.58333
146.00000 0.99726 516.04166
147.00000 0.99741 511.77083
148.00000 0.99755 507.50000
149.00000 0.99769 503.22916
150.00000 0.99783 498.95833
151.00000 0.99795 1143.85416
152.00000 0.99795 494.68750
153.00000 0.99808 490.41666
154.00000 0.99819 486.14583
155.00000 0.99831 481.87500
156.00000 0.99841 477.60416
157.00000 0.99852 473.33333
158.00000 0.99861 469.06250
159.00000 0.99871 464.79166
160.00000 0.99873 1148.12499
161.00000 0.99879 460.52083
162.00000 0.99888 456.25000
163.00000 0.99896 451.97916
164.00000 0.99903 447.70833
165.00000 0.99910 443.43750
166.00000 0.99917 439.16666
167.00000 0.99923 434.89583
168.00000 0.99929 430.62500
169.00000 0.99935 426.35416
170.00000 0.99940 422.08333
171.00000 0.99945 417.81250
172.00000 0.99950 413.54166
173.00000 0.99952 1152.39583
174.00000 0.99954 409.27083
175.00000 0.99958 405.00000
176.00000 0.99959 1152.78408
177.00000 0.99962 400.72917
178.00000 0.99965 396.45833
179.00000 0.99969 392.18750
180.00000 0.99972 387.91667
181.00000 0.99973 1153.56060
182.00000 0.99974 383.64583
183.00000 0.99976 1153.70178
184.00000 0.99977 379.37500
185.00000 0.99979 375.10417
186.00000 0.99981 370.83333
187.00000 0.99981 1153.98415
188.00000 0.99983 366.56250
189.00000 0.99985 362.29167
190.00000 0.99987 358.02083
191.00000 0.99988 353.75000
192.00000 0.99990 349.47917
193.00000 0.99991 345.20833
194.00000 0.99992 1154.54889
195.00000 0.99992 340.93750
196.00000 0.99993 336.66667
197.00000 0.99994 1154.65157
198.00000 0.99994 332.39583
199.00000 0.99995 328.12500
200.00000 0.99995 323.85417
201.00000 0.99996 319.58333
202.00000 0.99997 315.31250
203.00000 0.99997 311.04167
204.00000 0.99998 1154.89427
205.00000 0.99998 306.77083
206.00000 0.99998 302.50000
207.00000 0.99998 298.22917
208.00000 0.99998 1154.85693
209.00000 0.99999 293.95833
210.00000 0.99999 289.68750
211.00000 0.99999 285.41667
212.00000 0.99999 276.87500
213.00000 0.99999 281.14583
214.00000 0.99999 272.60417
215.00000 1.00000 815.00000
216.00000 1.00000 773.00000
217.00000 1.00000 776.00000
218.00000 1.00000 824.00000
219.00000 1.00000 821.00000
220.00000 1.00000 779.00000
221.00000 1.00000 782.00000
222.00000 1.00000 818.00000
223.00000 1.00000 785.00000
224.00000 1.00000 788.00000
225.00000 1.00000 794.00000
226.00000 1.00000 797.00000
227.00000 1.00000 800.00000
228.00000 1.00000 803.00000
229.00000 1.00000 806.00000
230.00000 1.00000 809.00000
231.00000 1.00000 812.00000
232.00000 1.00000 791.00000
233.00000 1.00000 827.00000
234.00000 1.00000 839.00000
235.00000 1.00000 833.00000
236.00000 1.00000 842.00000
237.00000 1.00000 845.00000
238.00000 1.00000 848.00000
239.00000 1.00000 851.00000
240.00000 1.00000 854.00000
241.00000 1.00000 857.00000
242.00000 1.00000 860.00000
243.00000 1.00000 863.00000
244.00000 1.00000 830.00000
245.00000 1.00000 866.00000
246.00000 1.00000 872.00000
247.00000 1.00000 875.00000
248.00000 1.00000 878.00000
249.00000 1.00000 881.00000
250.00000 1.00000 884.00000
251.00000 1.00000 836.00000
252.00000 1.00000 770.00000
253.00000 1.00000 887.00000
254.00000 1.00000 869.00000
255.00000 1.00000 767.00000
256.00000 1.00000 674.00000
257.00000 1.00000 761.00000
258.00000 1.00000 692.00000
259.00000 1.00000 641.00000
260.00000 1.00000 644.00000
261.00000 1.00000 647.00000
262.00000 1.00000 650.00000
263.00000 1.00000 653.00000
264.00000 1.00000 656.00000
265.00000 1.00000 659.00000
266.00000 1.00000 695.00000
267.00000 1.00000 662.00000
268.00000 1.00000 668.00000
269.00000 1.00000 671.00000
270.00000 1.00000 677.00000
271.00000 1.00000 680.00000
272.00000 1.00000 683.00000
273.00000 1.00000 686.00000
274.00000 1.00000 689.00000
275.00000 1.00000 890.00000
276.00000 1.00000 665.00000
277.00000 1.00000 764.00000
278.00000 1.00000 698.00000
279.00000 1.00000 704.00000
280.00000 1.00000 758.00000
281.00000 1.00000 755.00000
282.00000 1.00000 752.00000
283.00000 1.00000 749.00000
284.00000 1.00000 746.00000
285.00000 1.00000 743.00000
286.00000 1.00000 740.00000
287.00000 1.00000 737.00000
288.00000 1.00000 701.00000
289.00000 1.00000 734.00000
290.00000 1.00000 728.00000
291.00000 1.00000 725.00000
292.00000 1.00000 722.00000
293.00000 1.00000 719.00000
294.00000 1.00000 716.00000
295.00000 1.00000 713.00000
296.00000 1.00000 710.00000
297.00000 1.00000 707.00000
298.00000 1.00000 731.00000
299.00000 1.00000 893.00000
300.00000 1.00000 200.00000
301.00000 1.00000 899.00000
302.00000 1.00000 1082.00000
303.00000 1.00000 1079.00000
304.00000 1.00000 1076.00000
305.00000 1.00000 1073.00000
306.00000 1.00000 1070.00000
307.00000 1.00000 1067.00000
308.00000 1.00000 1064.00000
309.00000 1.00000 1061.00000
310.00000 1.00000 1058.00000
311.00000 1.00000 1055.00000
312.00000 1.00000 1052.00000
313.00000 1.00000 1049.00000
314.00000 1.00000 1046.00000
315.00000 1.00000 1043.00000
316.00000 1.00000 1040.00000
317.00000 1.00000 1037.00000
318.00000 1.00000 1034.00000
319.00000 1.00000 1085.00000
320.00000 1.00000 1088.00000
321.00000 1.00000 1091.00000
322.00000 1.00000 1094.00000
323.00000 1.00000 1145.00000
324.00000 1.00000 1142.00000
325.00000 1.00000 1139.00000
326.00000 1.00000 1136.00000
327.00000 1.00000 1133.00000
328.00000 1.00000 1130.00000
329.00000 1.00000 1127.00000
330.00000 1.00000 1124.00000
331.00000 1.00000 1031.00000
332.00000 1.00000 1121.00000
333.00000 1.00000 1115.00000
334.00000 1.00000 1112.00000
335.00000 1.00000 1109.00000
336.00000 1.00000 1106.00000
337.00000 1.00000 1103.00000
338.00000 1.00000 1100.00000
339.00000 1.00000 1097.00000
340.00000 1.00000 638.00000
341.00000 1.00000 1118.00000
342.00000 1.00000 1028.00000
343.00000 1.00000 1025.00000
344.00000 1.00000 1022.00000
345.00000 1.00000 953.00000
346.00000 1.00000 950.00000
347.00000 1.00000 947.00000
348.00000 1.00000 944.00000
349.00000 1.00000 941.00000
350.00000 1.00000 938.00000
351.00000 1.00000 935.00000
352.00000 1.00000 932.00000
353.00000 1.00000 956.00000
354.00000 1.00000 929.00000
355.00000 1.00000 923.00000
356.00000 1.00000 920.00000
357.00000 1.00000 917.00000
358.00000 1.00000 914.00000
359.00000 1.00000 911.00000
360.00000 1.00000 908.00000
361.00000 1.00000 905.00000
362.00000 1.00000 902.00000
363.00000 1.00000 926.00000
364.00000 1.00000 896.00000
365.00000 1.00000 959.00000
366.00000 1.00000 965.00000
367.00000 1.00000 1019.00000
368.00000 1.00000 1016.00000
369.00000 1.00000 1013.00000
370.00000 1.00000 1010.00000
371.00000 1.00000 1007.00000
372.00000 1.00000 1004.00000
373.00000 1.00000 1001.00000
374.00000 1.00000 998.00000
375.00000 1.00000 962.00000
376.00000 1.00000 995.00000
377.00000 1.00000 989.00000
378.00000 1.00000 986.00000
379.00000 1.00000 983.00000
380.00000 1.00000 980.00000
381.00000 1.00000 977.00000
382.00000 1.00000 974.00000
383.00000 1.00000 971.00000
384.00000 1.00000 968.00000
385.00000 1.00000 992.00000
386.00000 1.00000 635.00000
387.00000 1.00000 311.00000
388.00000 1.00000 629.00000
389.00000 1.00000 299.00000
390.00000 1.00000 296.00000
391.00000 1.00000 293.00000
392.00000 1.00000 290.00000
393.00000 1.00000 287.00000
394.00000 1.00000 284.00000
395.00000 1.00000 281.00000
396.00000 1.00000 278.00000
397.00000 1.00000 275.00000
398.00000 1.00000 272.00000
399.00000 1.00000 269.00000
400.00000 1.00000 266.00000
401.00000 1.00000 263.00000
402.00000 1.00000 260.00000
403.00000 1.00000 257.00000
404.00000 1.00000 254.00000
405.00000 1.00000 251.00000
406.00000 1.00000 302.00000
407.00000 1.00000 305.00000
408.00000 1.00000 308.00000
409.00000 1.00000 1148.00000
410.00000 1.00000 365.00000
411.00000 1.00000 362.00000
412.00000 1.00000 359.00000
413.00000 1.00000 356.00000
414.00000 1.00000 353.00000
415.00000 1.00000 350.00000
416.00000 1.00000 347.00000
417.00000 1.00000 344.00000
418.00000 1.00000 248.00000
419.00000 1.00000 341.00000
420.00000 1.00000 335.00000
421.00000 1.00000 332.00000
422.00000 1.00000 329.00000
423.00000 1.00000 326.00000
424.00000 1.00000 323.00000
425.00000 1.00000 320.00000
426.00000 1.00000 317.00000
427.00000 1.00000 314.00000
428.00000 1.00000 338.00000
429.00000 1.00000 368.00000
430.00000 1.00000 245.00000
431.00000 1.00000 239.00000
432.00000 1.00000 268.33333
433.00000 1.00000 264.06250
434.00000 1.00000 259.79167
435.00000 1.00000 255.52083
436.00000 1.00000 251.25000
437.00000 1.00000 246.97917
438.00000 1.00000 242.70833
439.00000 1.00000 238.43750
440.00000 1.00000 234.16667
441.00000 1.00000 229.89583
442.00000 1.00000 225.62500
443.00000 1.00000 221.35417
444.00000 1.00000 217.08333
445.00000 1.00000 212.81250
446.00000 1.00000 208.54167
447.00000 1.00000 204.27083
448.00000 1.00000 200.00427
449.00000 1.00000 1154.96894
450.00000 1.00000 1154.98252
451.00000 1.00000 1154.98499
452.00000 1.00000 1154.98746
453.00000 1.00000 236.00000
454.00000 1.00000 233.00000
455.00000 1.00000 230.00000
456.00000 1.00000 227.00000
457.00000 1.00000 224.00000
458.00000 1.00000 221.00000
459.00000 1.00000 218.00000
460.00000 1.00000 215.00000
461.00000 1.00000 242.00000
462.00000 1.00000 212.00000
463.00000 1.00000 206.00000
464.00000 1.00000 203.00000
465.00000 1.00000 200.00000
466.00000 1.00000 1154.98809
467.00000 1.00000 1154.98809
468.00000 1.00000 1154.98807
469.00000 1.00000 1154.98799
470.00000 1.00000 1154.98791
471.00000 1.00000 209.00000
472.00000 1.00000 371.00000
473.00000 1.00000 374.00000
474.00000 1.00000 377.00000
475.00000 1.00000 560.00000
476.00000 1.00000 557.00000
477.00000 1.00000 554.00000
478.00000 1.00000 551.00000
479.00000 1.00000 548.00000
480.00000 1.00000 545.00000
481.00000 1.00000 542.00000
482.00000 1.00000 539.00000
483.00000 1.00000 536.00000
484.00000 1.00000 533.00000
485.00000 1.00000 530.00000
486.00000 1.00000 527.00000
487.00000 1.00000 524.00000
488.00000 1.00000 521.00000
489.00000 1.00000 518.00000
490.00000 1.00000 515.00000
491.00000 1.00000 512.00000
492.00000 1.00000 563.00000
493.00000 1.00000 566.00000
494.00000 1.00000 569.00000
495.00000 1.00000 572.00000
496.00000 1.00000 626.00000
497.00000 1.00000 623.00000
498.00000 1.00000 620.00000
499.00000 1.00000 617.00000
500.00000 1.00000 614.00000
501.00000 1.00000 611.00000
502.00000 1.00000 608.00000
503.00000 1.00000 605.00000
504.00000 1.00000 509.00000
505.00000 1.00000 602.00000
506.00000 1.00000 596.00000
507.00000 1.00000 593.00000
508.00000 1.00000 590.00000
509.00000 1.00000 587.00000
510.00000 1.00000 584.00000
511.00000 1.00000 581.00000
512.00000 1.00000 578.00000
513.00000 1.00000 575.00000
514.00000 1.00000 599.00000
515.00000 1.00000 506.00000
516.00000 1.00000 503.00000
517.00000 1.00000 500.00000
518.00000 1.00000 431.00000
519.00000 1.00000 428.00000
520.00000 1.00000 425.00000
521.00000 1.00000 422.00000
522.00000 1.00000 419.00000
523.00000 1.00000 416.00000
524.00000 1.00000 413.00000
525.00000 1.00000 410.00000
526.00000 1.00000 434.00000
527.00000 1.00000 407.00000
528.00000 1.00000 401.00000
529.00000 1.00000 398.00000
530.00000 1.00000 395.00000
531.00000 1.00000 392.00000
532.00000 1.00000 389.00000
533.00000 1.00000 386.00000
534.00000 1.00000 383.00000
535.00000 1.00000 380.00000
536.00000 1.00000 404.00000
537.00000 1.00000 632.00000
538.00000 1.00000 437.00000
539.00000 1.00000 443.00000
540.00000 1.00000 497.00000
541.00000 1.00000 494.00000
542.00000 1.00000 491.00000
543.00000 1.00000 488.00000
544.00000 1.00000 485.00000
545.00000 1.00000 482.00000
546.00000 1.00000 479.00000
547.00000 1.00000 476.00000
548.00000 1.00000 440.00000
549.00000 1.00000 473.00000
550.00000 1.00000 467.00000
551.00000 1.00000 464.00000
552.00000 1.00000 461.00000
553.00000 1.00000 458.00000
554.00000 1.00000 455.00000
555.00000 1.00000 452.00000
556.00000 1.00000 449.00000
557.00000 1.00000 446.00000
558.00000 1.00000 470.00000
559.00000 1.00000 1151.00000
