0.00000 0.00000 251.00000
1.00000 0.00000 905.00000
2.00000 0.00000 902.00000
3.00000 0.00000 899.00000
4.00000 0.00000 896.00000
5.00000 0.00000 893.00000
6.00000 0.00000 890.00000
7.00000 0.00000 887.00000
8.00000 0.00000 908.00000
9.00000 0.00000 884.00000
10.00000 0.00000 878.00000
11.00000 0.00000 875.00000
12.00000 0.00000 872.00000
13.00000 0.00000 869.00000
14.00000 0.00000 866.00000
15.00000 0.00000 863.00000
16.00000 0.00000 860.00000
17.00000 0.00000 881.00000
18.00000 0.00000 857.00000
19.00000 0.00000 911.00000
20.00000 0.00000 917.00000
21.00000 0.00000 965.00000
22.00000 0.00000 962.00000
23.00000 0.00000 959.00000
24.00000 0.00000 956.00000
25.00000 0.00000 953.00000
26.00000 0.00000 950.00000
27.00000 0.00000 947.00000
28.00000 0.00000 914.00000
29.00000 0.00000 944.00000
30.00000 0.00000 938.00000
31.00000 0.00000 935.00000
32.00000 0.00000 932.00000
33.00000 0.00000 929.00000
34.00000 0.00000 926.00000
35.00000 0.00000 923.00000
36.00000 0.00000 920.00000
37.00000 0.00000 941.00000
38.00000 0.00000 968.00000
39.00000 0.00000 854.00000
40.00000 0.00000 848.00000
41.00000 0.00000 785.00000
42.00000 0.00000 782.00000
43.00000 0.00000 779.00000
44.00000 0.00000 776.00000
45.00000 0.00000 773.00000
46.00000 0.00000 770.00000
47.00000 0.00000 767.00000
48.00000 0.00000 788.00000
49.00000 0.00000 764.00000
50.00000 0.00000 758.00000
51.00000 0.00000 755.00000
52.00000 0.00000 752.00000
53.00000 0.00000 749.00000
54.00000 0.00000 746.00000
55.00000 0.00000 743.00000
56.00000 0.00000 740.00000
57.00000 0.00000 761.00000
58.00000 0.00000 851.00000
59.00000 0.00000 791.00000
60.00000 0.00000 797.00000
61.00000 0.00000 845.00000
62.00000 0.00000 842.00000
63.00000 0.00000 839.00000
64.00000 0.00000 836.00000
65.00000 0.00000 833.00000
66.00000 0.00000 830.00000
67.00000 0.00000 827.00000
68.00000 0.00000 794.00000
69.00000 0.00000 824.00000
70.00000 0.00000 818.00000
71.00000 0.00000 815.00000
72.00000 0.00000 812.00000
73.00000 0.00000 809.00000
74.00000 0.00000 806.00000
75.00000 0.00000 803.00000
76.00000 0.00000 800.00000
77.00000 0.00000 821.00000
78.00000 0.00000 737.00000
79.00000 0.00000 971.00000
80.00000 0.00000 977.00000
81.00000 0.00000 1145.00000
82.00000 0.00000 1142.00000
83.00000 0.00000 1139.00000
84.00000 0.00000 1136.00000
85.00000 0.00000 1133.00000
86.00000 0.00000 1130.00000
87.00000 0.00000 1127.00000
88.00000 0.00000 1148.00000
89.00000 0.00000 1124.00000
90.00000 0.00000 1118.00000
91.00000 0.00000 1115.00000
92.00000 0.00000 1112.00000
93.00000 0.00000 1109.00000
94.00000 0.00000 1106.00000
95.00000 0.00000 1103.00000
96.00000 0.00000 1100.00000
97.00000 0.00000 1121.00000
98.00000 0.00000 1097.00000
99.00000 0.00000 1151.00000
100.00000 0.00000 1157.00000
101.00000 0.00000 1205.00000
102.00000 0.00000 1202.00000
103.00000 0.00000 1199.00000
104.00000 0.00000 1196.00000
105.00000 0.00000 1193.00000
106.00000 0.00000 1190.00000
107.00000 0.00000 1187.00000
108.00000 0.00000 1154.00000
109.00000 0.00000 1184.00000
110.00000 0.00000 1178.00000
111.00000 0.00000 1175.00000
112.00000 0.00000 1172.00000
113.00000 0.00000 1169.00000
114.00000 0.00000 1166.00000
115.00000 0.00000 1163.00000
116.00000 0.00000 1160.00000
117.00000 0.00000 1181.00000
118.00000 0.00000 974.00000
119.00000 0.00000 1094.00000
120.00000 0.00000 1088.00000
121.00000 0.00000 1025.00000
122.00000 0.00000 1022.00000
123.00000 0.00000 1019.00000
124.00000 0.00000 1016.00000
125.00000 0.00000 1013.00000
126.00000 0.00000 1010.00000
127.00000 0.00000 1007.00000
128.00000 0.00000 1028.00000
129.00000 0.00000 1004.00000
130.00000 0.00000 998.00000
131.00000 0.00000 995.00000
132.00000 0.00000 992.00000
133.00000 0.00000 989.00000
134.00000 0.00000 986.00000
135.00000 0.00000 983.00000
136.00000 0.00000 980.00000
137.00000 0.00000 1001.00000
138.00000 0.00000 1091.00000
139.00000 0.00000 1031.00000
140.00000 0.00000 1037.00000
141.00000 0.00000 1085.00000
142.00000 0.00000 1082.00000
143.00000 0.00000 1079.00000
144.00000 0.00000 1076.00000
145.00000 0.00000 1073.00000
146.00000 0.00000 1070.00000
147.00000 0.00000 1067.00000
148.00000 0.00000 1034.00000
149.00000 0.00000 1064.00000
150.00000 0.00000 1058.00000
151.00000 0.00000 1055.00000
152.00000 0.00000 1052.00000
153.00000 0.00000 1049.00000
154.00000 0.00000 1046.00000
155.00000 0.00000 1043.00000
156.00000 0.00000 1040.00000
157.00000 0.00000 1061.00000
158.00000 0.00000 734.00000
159.00000 0.00000 731.00000
160.00000 0.00000 728.00000
161.00000 0.00000 422.00000
162.00000 0.00000 419.00000
163.00000 0.00000 416.00000
164.00000 0.00000 413.00000
165.00000 0.00000 410.00000
166.00000 0.00000 407.00000
167.00000 0.00000 404.00000
168.00000 0.00000 425.00000
169.00000 0.00000 401.00000
170.00000 0.00000 395.00000
171.00000 0.00000 392.00000
172.00000 0.00000 389.00000
173.00000 0.00000 386.00000
174.00000 0.00000 383.00000
175.00000 0.00000 380.00000
176.00000 0.00000 377.00000
177.00000 0.00000 398.00000
178.00000 0.00000 374.00000
179.00000 0.00000 428.00000
180.00000 0.00000 434.00000
181.00000 0.00000 482.00000
182.00000 0.00000 479.00000
183.00000 0.00000 476.00000
184.00000 0.00000 473.00000
185.00000 0.00000 470.00000
186.00000 0.00000 467.00000
187.00000 0.00000 464.00000
188.00000 0.00000 431.00000
189.00000 0.00000 461.00000
190.00000 0.00000 455.00000
191.00000 0.00000 452.00000
192.00000 0.00000 449.00000
193.00000 0.00000 446.00000
194.00000 0.00000 443.00000
195.00000 0.00000 440.00000
196.00000 0.00000 437.00000
197.00000 0.00000 458.00000
198.00000 0.00000 485.00000
199.00000 0.00000 371.00000
200.00000 0.00000 365.00000
201.00000 0.00000 302.00000
202.00000 0.00000 299.00000
203.00000 0.00000 296.00000
204.00000 0.00000 293.00000
205.00000 0.00000 290.00000
206.00000 0.00000 287.00000
207.00000 0.00000 284.00000
208.00000 0.00000 305.00000
209.00000 0.00000 281.00000
210.00000 0.00000 275.00000
211.00000 0.00000 272.00000
212.00000 0.00000 269.00000
213.00000 0.00000 266.00000
214.00000 0.00000 263.00000
215.00000 0.00000 260.00000
216.00000 0.00000 257.00000
217.00000 0.00000 278.00000
218.00000 0.00000 368.00000
219.00000 0.00000 308.00000
220.00000 0.00000 314.00000
221.00000 0.00000 362.00000
222.00000 0.00000 359.00000
223.00000 0.00000 356.00000
224.00000 0.00000 353.00000
225.00000 0.00000 350.00000
226.00000 0.00000 347.00000
227.00000 0.00000 344.00000
228.00000 0.00000 311.00000
229.00000 0.00000 341.00000
230.00000 0.00000 335.00000
231.00000 0.00000 332.00000
232.00000 0.00000 329.00000
233.00000 0.00000 326.00000
234.00000 0.00000 323.00000
235.00000 0.00000 320.00000
236.00000 0.00000 317.00000
237.00000 0.00000 338.00000
238.00000 0.00000 488.00000
239.00000 0.00000 491.00000
240.00000 0.00000 494.00000
241.00000 0.00000 665.00000
242.00000 0.00000 662.00000
243.00000 0.00000 659.00000
244.00000 0.00000 656.00000
245.00000 0.00000 653.00000
246.00000 0.00000 650.00000
247.00000 0.00000 647.00000
248.00000 0.00000 668.00000
249.00000 0.00000 644.00000
250.00000 0.00000 638.00000
251.00000 0.00000 635.00000
252.00000 0.00000 632.00000
253.00000 0.00000 629.00000
254.00000 0.00000 626.00000
255.00000 0.00000 623.00000
256.00000 0.00000 620.00000
257.00000 0.00000 641.00000
258.00000 0.00000 617.00000
259.00000 0.00000 671.00000
260.00000 0.00000 677.00000
261.00000 0.00000 725.00000
262.00000 0.00000 722.00000
263.00000 0.00000 719.00000
264.00000 0.00000 716.00000
265.00000 0.00000 713.00000
266.00000 0.00000 710.00000
267.00000 0.00000 707.00000
268.00000 0.00000 674.00000
269.00000 0.00000 704.00000
270.00000 0.00000 698.00000
271.00000 0.00000 695.00000
272.00000 0.00000 692.00000
273.00000 0.00000 689.00000
274.00000 0.00000 686.00000
275.00000 0.00000 683.00000
276.00000 0.00000 680.00000
277.00000 0.00000 701.00000
278.00000 0.00000 614.00000
279.00000 0.00000 611.00000
280.00000 0.00000 608.00000
281.00000 0.00000 542.00000
282.00000 0.00000 539.00000
283.00000 0.00000 536.00000
284.00000 0.00000 533.00000
285.00000 0.00000 530.00000
286.00000 0.00000 527.00000
287.00000 0.00000 524.00000
288.00000 0.00000 545.00000
289.00000 0.00000 521.00000
290.00000 0.00000 515.00000
291.00000 0.00000 512.00000
292.00000 0.00000 509.00000
293.00000 0.00000 506.00000
294.00000 0.00000 503.00000
295.00000 0.00000 500.00000
296.00000 0.00000 497.00000
297.00000 0.00000 518.00000
298.00000 0.00000 548.00000
299.00000 0.00000 551.00000
300.00000 0.00000 554.00000
301.00000 0.00000 605.00000
302.00000 0.00000 602.00000
303.00000 0.00000 599.00000
304.00000 0.00000 596.00000
305.00000 0.00000 593.00000
306.00000 0.00000 590.00000
307.00000 0.00000 587.00000
308.00000 0.00000 584.00000
309.00000 0.00000 581.00000
310.00000 0.00000 578.00000
311.00000 0.00000 575.00000
312.00000 0.00000 572.00000
313.00000 0.00000 569.00000
314.00000 0.00000 566.00000
315.00000 0.00000 563.00000
316.00000 0.00000 560.00000
317.00000 0.00000 557.00000
318.00000 0.00000 1208.00000
319.00000 0.00000 254.00000
320.00000 0.00000 1211.00000
321.00000 0.00000 1217.00000
322.00000 0.00000 1868.00000
323.00000 0.00000 1865.00000
324.00000 0.00000 1862.00000
325.00000 0.00000 1859.00000
326.00000 0.00000 1856.00000
327.00000 0.00000 1853.00000
328.00000 0.00000 1850.00000
329.00000 0.00000 1871.00000
330.00000 0.00000 1847.00000
331.00000 0.00000 1841.00000
332.00000 0.00000 1838.00000
333.00000 0.00000 1835.00000
334.00000 0.00000 1832.00000
335.00000 0.00000 1829.00000
336.00000 0.00000 1826.00000
337.00000 0.00000 1823.00000
338.00000 0.00000 1844.00000
339.00000 0.00000 1820.00000
340.00000 0.00000 1874.00000
341.00000 0.00000 1880.00000
342.00000 0.00000 1928.00000
343.00000 0.00000 1925.00000
344.00000 0.00000 1922.00000
345.00000 0.00000 1919.00000
346.00000 0.00000 1916.00000
347.00000 0.00000 1913.00000
348.00000 0.00000 1910.00000
349.00000 0.00000 1877.00000
350.00000 0.00000 1907.00000
351.00000 0.00000 1901.00000
352.00000 0.00000 1898.00000
353.00000 0.00000 1895.00000
354.00000 0.00000 1892.00000
355.00000 0.00000 1889.00000
356.00000 0.00000 1886.00000
357.00000 0.00000 1883.00000
358.00000 0.00000 1904.00000
359.00000 0.00000 1931.00000
360.00000 0.00000 1817.00000
361.00000 0.00000 1811.00000
362.00000 0.00000 1748.00000
363.00000 0.00000 1745.00000
364.00000 0.00000 1742.00000
365.00000 0.00000 1739.00000
366.00000 0.00000 1736.00000
367.00000 0.00000 1733.00000
368.00000 0.00000 1730.00000
369.00000 0.00000 1751.00000
370.00000 0.00000 1727.00000
371.00000 0.00000 1721.00000
372.00000 0.00000 1718.00000
373.00000 0.00000 1715.00000
374.00000 0.00000 1712.00000
375.00000 0.00000 1709.00000
376.00000 0.00000 1706.00000
377.00000 0.00000 1703.00000
378.00000 0.00000 1724.00000
379.00000 0.00000 1814.00000
380.00000 0.00000 1754.00000
381.00000 0.00000 1760.00000
382.00000 0.00000 1808.00000
383.00000 0.00000 1805.00000
384.00000 0.00000 1802.00000
385.00000 0.00000 1799.00000
386.00000 0.00000 1796.00000
387.00000 0.00000 1793.00000
388.00000 0.00000 1790.00000
389.00000 0.00000 1757.00000
390.00000 0.00000 1787.00000
391.00000 0.00000 1781.00000
392.00000 0.00000 1778.00000
393.00000 0.00000 1775.00000
394.00000 0.00000 1772.00000
395.00000 0.00000 1769.00000
396.00000 0.00000 1766.00000
397.00000 0.00000 1763.00000
398.00000 0.00000 1784.00000
399.00000 0.00000 1700.00000
400.00000 0.00000 1934.00000
401.00000 0.00000 1940.00000
402.00000 0.00000 2108.00000
403.00000 0.00000 2105.00000
404.00000 0.00000 2102.00000
405.00000 0.00000 2099.00000
406.00000 0.00000 2096.00000
407.00000 0.00000 2093.00000
408.00000 0.00000 2090.00000
409.00000 0.00000 2111.00000
410.00000 0.00000 2087.00000
411.00000 0.00000 2081.00000
412.00000 0.00000 2078.00000
413.00000 0.00000 2075.00000
414.00000 0.00000 2072.00000
415.00000 0.00000 2069.00000
416.00000 0.00000 2066.00000
417.00000 0.00000 2063.00000
418.00000 0.00000 2084.00000
419.00000 0.00000 2060.00000
420.00000 0.00000 2114.00000
421.00000 0.00000 2120.00000
422.00000 0.00000 2168.00000
423.00000 0.00000 2165.00000
424.00000 0.00000 2162.00000
425.00000 0.00000 2159.00000
426.00000 0.00000 2156.00000
427.00000 0.00000 2153.00000
428.00000 0.00000 2150.00000
429.00000 0.00000 2117.00000
430.00000 0.00000 2147.00000
431.00000 0.00000 2141.00000
432.00000 0.00000 2138.00000
433.00000 0.00000 2135.00000
434.00000 0.00000 2132.00000
435.00000 0.00000 2129.00000
436.00000 0.00000 2126.00000
437.00000 0.00000 2123.00000
438.00000 0.00000 2144.00000
439.00000 0.00000 1937.00000
440.00000 0.00000 2057.00000
441.00000 0.00000 2051.00000
442.00000 0.00000 1988.00000
443.00000 0.00000 1985.00000
444.00000 0.00000 1982.00000
445.00000 0.00000 1979.00000
446.00000 0.00000 1976.00000
447.00000 0.00000 1973.00000
448.00000 0.00000 1970.00000
449.00000 0.00000 1991.00000
450.00000 0.00000 1967.00000
451.00000 0.00000 1961.00000
452.00000 0.00000 1958.00000
453.00000 0.00000 1955.00000
454.00000 0.00000 1952.00000
455.00000 0.00000 1949.00000
456.00000 0.00000 1946.00000
457.00000 0.00000 1943.00000
458.00000 0.00000 1964.00000
459.00000 0.00000 2054.00000
460.00000 0.00000 1994.00000
461.00000 0.00000 2000.00000
462.00000 0.00000 2048.00000
463.00000 0.00000 2045.00000
464.00000 0.00000 2042.00000
465.00000 0.00000 2039.00000
466.00000 0.00000 2036.00000
467.00000 0.00000 2033.00000
468.00000 0.00000 2030.00000
469.00000 0.00000 1997.00000
470.00000 0.00000 2027.00000
471.00000 0.00000 2021.00000
472.00000 0.00000 2018.00000
473.00000 0.00000 2015.00000
474.00000 0.00000 2012.00000
475.00000 0.00000 2009.00000
476.00000 0.00000 2006.00000
477.00000 0.00000 2003.00000
478.00000 0.00000 2024.00000
479.00000 0.00000 1697.00000
480.00000 0.00000 1694.00000
481.00000 0.00000 1691.00000
482.00000 0.00000 1385.00000
483.00000 0.00000 1382.00000
484.00000 0.00000 1379.00000
485.00000 0.00000 1376.00000
486.00000 0.00000 1373.00000
487.00000 0.00000 1370.00000
488.00000 0.00000 1367.00000
489.00000 0.00000 1388.00000
490.00000 0.00000 1364.00000
491.00000 0.00000 1358.00000
492.00000 0.00000 1355.00000
493.00000 0.00000 1352.00000
494.00000 0.00000 1349.00000
495.00000 0.00000 1346.00000
496.00000 0.00000 1343.00000
497.00000 0.00000 1340.00000
498.00000 0.00000 1361.00000
499.00000 0.00000 1337.00000
500.00000 0.00000 1391.00000
501.00000 0.00000 1397.00000
502.00000 0.00000 1445.00000
503.00000 0.00000 1442.00000
504.00000 0.00000 1439.00000
505.00000 0.00000 1436.00000
506.00000 0.00000 1433.00000
507.00000 0.00000 1430.00000
508.00000 0.00000 1427.00000
509.00000 0.00000 1394.00000
510.00000 0.00000 1424.00000
511.00000 0.00000 1418.00000
512.00000 0.00000 1415.00000
513.00000 0.00000 1412.00000
514.00000 0.00000 1409.00000
515.00000 0.00000 1406.00000
516.00000 0.00000 1403.00000
517.00000 0.00000 1400.00000
518.00000 0.00000 1421.00000
519.00000 0.00000 1448.00000
520.00000 0.00000 1334.00000
521.00000 0.00000 1328.00000
522.00000 0.00000 1265.00000
523.00000 0.00000 1262.00000
524.00000 0.00000 1259.00000
525.00000 0.00000 1256.00000
526.00000 0.00000 1253.00000
527.00000 0.00000 1250.00000
528.00000 0.00000 1247.00000
529.00000 0.00000 1268.00000
530.00000 0.00000 1244.00000
531.00000 0.00000 1238.00000
532.00000 0.00000 1235.00000
533.00000 0.00000 1232.00000
534.00000 0.00000 1229.00000
535.00000 0.00000 1226.00000
536.00000 0.00000 1223.00000
537.00000 0.00000 1220.00000
538.00000 0.00000 1241.00000
539.00000 0.00000 1331.00000
540.00000 0.00000 1271.00000
541.00000 0.00000 1277.00000
542.00000 0.00000 1325.00000
543.00000 0.00000 1322.00000
544.00000 0.00000 1319.00000
545.00000 0.00000 1316.00000
546.00000 0.00000 1313.00000
547.00000 0.00000 1310.00000
548.00000 0.00000 1307.00000
549.00000 0.00000 1274.00000
550.00000 0.00000 1304.00000
551.00000 0.00000 1298.00000
552.00000 0.00000 1295.00000
553.00000 0.00000 1292.00000
554.00000 0.00000 1289.00000
555.00000 0.00000 1286.00000
556.00000 0.00000 1283.00000
557.00000 0.00000 1280.00000
558.00000 0.00000 1301.00000
559.00000 0.00000 1451.00000
560.00000 0.00000 1454.00000
561.00000 0.00000 1457.00000
562.00000 0.00000 1628.00000
563.00000 0.00000 1625.00000
564.00000 0.00000 1622.00000
565.00000 0.00000 1619.00000
566.00000 0.00000 1616.00000
567.00000 0.00000 1613.00000
568.00000 0.00000 1610.00000
569.00000 0.00000 1631.00000
570.00000 0.00000 1607.00000
571.00000 0.00000 1601.00000
572.00000 0.00000 1598.00000
573.00000 0.00000 1595.00000
574.00000 0.00000 1592.00000
575.00000 0.00000 1589.00000
576.00000 0.00000 1586.00000
577.00000 0.00000 1583.00000
578.00000 0.00000 1604.00000
579.00000 0.00000 1580.00000
580.00000 0.00000 1634.00000
581.00000 0.00000 1640.00000
582.00000 0.00000 1688.00000
583.00000 0.00000 1685.00000
584.00000 0.00000 1682.00000
585.00000 0.00000 1679.00000
586.00000 0.00000 1676.00000
587.00000 0.00000 1673.00000
588.00000 0.00000 1670.00000
589.00000 0.00000 1637.00000
590.00000 0.00000 1667.00000
591.00000 0.00000 1661.00000
592.00000 0.00000 1658.00000
593.00000 0.00000 1655.00000
594.00000 0.00000 1652.00000
595.00000 0.00000 1649.00000
596.00000 0.00000 1646.00000
597.00000 0.00000 1643.00000
598.00000 0.00000 1664.00000
599.00000 0.00000 1577.00000
600.00000 0.00000 1574.00000
601.00000 0.00000 1571.00000
602.00000 0.00000 1505.00000
603.00000 0.00000 1502.00000
604.00000 0.00000 1499.00000
605.00000 0.00000 1496.00000
606.00000 0.00000 1493.00000
607.00000 0.00000 1490.00000
608.00000 0.00000 1487.00000
609.00000 0.00000 1508.00000
610.00000 0.00000 1484.00000
611.00000 0.00000 1478.00000
612.00000 0.00000 1475.00000
613.00000 0.00000 1472.00000
614.00000 0.00000 1469.00000
615.00000 0.00000 1466.00000
616.00000 0.00000 1463.00000
617.00000 0.00000 1460.00000
618.00000 0.00000 1481.00000
619.00000 0.00000 1511.00000
620.00000 0.00000 1514.00000
621.00000 0.00000 1517.00000
622.00000 0.00000 1568.00000
623.00000 0.00000 1565.00000
624.00000 0.00000 1562.00000
625.00000 0.00000 1559.00000
626.00000 0.00000 1556.00000
627.00000 0.00000 1553.00000
628.00000 0.00000 1550.00000
629.00000 0.00000 1547.00000
630.00000 0.00000 1544.00000
631.00000 0.00000 1541.00000
632.00000 0.00000 1538.00000
633.00000 0.00000 1535.00000
634.00000 0.00000 1532.00000
635.00000 0.00000 1529.00000
636.00000 0.00000 1526.00000
637.00000 0.00000 1523.00000
638.00000 0.00000 1520.00000
639.00000 0.00000 1214.00000
640.00000 0.00000 2171.00000
641.00000 0.00000 2174.00000
642.00000 0.00000 245.00000
643.00000 0.00000 200.00000
644.00000 0.00000 203.00000
645.00000 0.00000 206.00000
646.00000 0.00000 209.00000
647.00000 0.00000 212.00000
648.00000 0.00000 215.00000
649.00000 0.00000 218.00000
650.00000 0.00000 248.00000
651.00000 0.00000 224.00000
652.00000 0.00000 227.00000
653.00000 0.00000 230.00000
654.00000 0.00000 233.00000
655.00000 0.00000 236.00000
656.00000 0.00000 239.00000
657.00000 0.00000 242.00000
658.00000 0.00000 221.00000
659.00000 0.00023 200.00000
660.00000 0.00023 200.00427
661.00000 0.00028 204.27083
662.00000 0.00034 208.54167
663.00000 0.00041 212.81250
664.00000 0.00049 217.08333
665.00000 0.00058 221.35417
666.00000 0.00068 225.62500
667.00000 0.00079 229.89583
668.00000 0.00092 234.16667
669.00000 0.00106 238.43750
670.00000 0.00121 242.70833
671.00000 0.00139 246.97917
672.00000 0.00158 251.25000
673.00000 0.00180 255.52083
674.00000 0.00203 259.79167
675.00000 0.00228 264.06250
676.00000 0.00256 268.33333
677.00000 0.00286 272.60417
678.00000 0.00319 276.87500
679.00000 0.00354 281.14583
680.00000 0.00392 285.41667
681.00000 0.00433 289.68750
682.00000 0.00477 293.95833
683.00000 0.00524 298.22917
684.00000 0.00574 302.50000
685.00000 0.00603 2175.62171
686.00000 0.00605 2175.59857
687.00000 0.00627 306.77083
688.00000 0.00684 311.04167
689.00000 0.00744 315.31250
690.00000 0.00808 319.58333
691.00000 0.00876 323.85417
692.00000 0.00948 328.12500
693.00000 0.00956 2171.33201
694.00000 0.01024 332.39583
695.00000 0.01103 336.66667
696.00000 0.01187 340.93750
697.00000 0.01276 345.20833
698.00000 0.01312 2167.06117
699.00000 0.01369 349.47917
700.00000 0.01466 353.75000
701.00000 0.01568 358.02083
702.00000 0.01673 2162.79034
703.00000 0.01675 362.29167
704.00000 0.01786 366.56250
705.00000 0.01903 370.83333
706.00000 0.02024 375.10417
707.00000 0.02038 2158.51951
708.00000 0.02151 379.37500
709.00000 0.02284 383.64583
710.00000 0.02408 2154.24867
711.00000 0.02421 387.91667
712.00000 0.02564 392.18750
713.00000 0.02713 396.45833
714.00000 0.02782 2149.97784
715.00000 0.02868 400.72917
716.00000 0.03028 405.00000
717.00000 0.03162 2145.70701
718.00000 0.03195 409.27083
719.00000 0.03367 413.54166
720.00000 0.03546 2141.43617
721.00000 0.03546 417.81250
722.00000 0.03731 422.08333
723.00000 0.03923 426.35416
724.00000 0.03935 2137.16534
725.00000 0.04121 430.62500
726.00000 0.04326 434.89583
727.00000 0.04330 2132.89451
728.00000 0.04538 439.16666
729.00000 0.04729 2128.62367
730.00000 0.04756 443.43750
731.00000 0.04982 447.70833
732.00000 0.05135 2124.35284
733.00000 0.05215 451.97916
734.00000 0.05455 456.25000
735.00000 0.05545 2120.08201
736.00000 0.05703 460.52083
737.00000 0.05958 464.79166
738.00000 0.05961 2115.81117
739.00000 0.06221 469.06250
740.00000 0.06383 2111.54034
741.00000 0.06492 473.33333
742.00000 0.06772 477.60416
743.00000 0.06811 2107.26951
744.00000 0.07059 481.87500
745.00000 0.07245 2102.99867
746.00000 0.07355 486.14583
747.00000 0.07659 490.41666
748.00000 0.07685 2098.72784
749.00000 0.07972 494.68750
750.00000 0.08131 2094.45701
751.00000 0.08294 498.95833
752.00000 0.08584 2090.18617
753.00000 0.08624 503.22916
754.00000 0.08964 507.50000
755.00000 0.09043 2085.91534
756.00000 0.09314 511.77083
757.00000 0.09510 2081.64451
758.00000 0.09673 516.04166
759.00000 0.09983 2077.37367
760.00000 0.10042 520.31250
761.00000 0.10421 524.58333
762.00000 0.10464 2073.10284
763.00000 0.10810 528.85416
764.00000 0.10952 2068.83201
765.00000 0.11209 533.12500
766.00000 0.11448 2064.56118
767.00000 0.11620 537.39583
768.00000 0.11952 2060.29034
769.00000 0.12041 541.66666
770.00000 0.12464 2056.01951
771.00000 0.12473 545.93750
772.00000 0.12917 550.20833
773.00000 0.12985 2051.74868
774.00000 0.13372 554.47916
775.00000 0.13514 2047.47784
776.00000 0.13840 558.75000
777.00000 0.14053 2043.20701
778.00000 0.14319 563.02083
779.00000 0.14601 2038.93618
780.00000 0.14812 567.29166
781.00000 0.15159 2034.66534
782.00000 0.15317 571.56250
783.00000 0.15726 2030.39451
784.00000 0.15835 575.83333
785.00000 0.16304 2026.12368
786.00000 0.16367 580.10416
787.00000 0.16894 2021.85284
788.00000 0.16912 584.37500
789.00000 0.17472 588.64583
790.00000 0.17494 2017.58201
791.00000 0.18046 592.91666
792.00000 0.18106 2013.31118
793.00000 0.18636 597.18750
794.00000 0.18731 2009.04034
795.00000 0.19241 601.45833
796.00000 0.19368 2004.76951
797.00000 0.19861 605.72916
798.00000 0.20019 2000.49868
799.00000 0.20498 610.00000
800.00000 0.20684 1996.22784
801.00000 0.21152 614.27083
802.00000 0.21364 1991.95701
803.00000 0.21823 618.54166
804.00000 0.22060 1987.68618
805.00000 0.22511 622.81250
806.00000 0.22772 1983.41534
807.00000 0.23218 627.08333
808.00000 0.23501 1979.14451
809.00000 0.23943 631.35416
810.00000 0.24248 1974.87368
811.00000 0.24688 635.62500
812.00000 0.25015 1970.60284
813.00000 0.25452 639.89583
814.00000 0.25802 1966.33201
815.00000 0.26237 644.16666
816.00000 0.26611 1962.06118
817.00000 0.27042 648.43750
818.00000 0.27443 1957.79034
819.00000 0.27868 652.70833
820.00000 0.28300 1953.51951
821.00000 0.28716 656.97916
822.00000 0.29185 1949.24868
823.00000 0.29587 661.25000
824.00000 0.30098 1944.97784
825.00000 0.30479 665.52083
826.00000 0.31042 1940.70701
827.00000 0.31395 669.79166
828.00000 0.32020 1936.43618
829.00000 0.32335 674.06250
830.00000 0.33037 1932.16534
831.00000 0.33297 678.33333
832.00000 0.34094 1927.89451
833.00000 0.34284 682.60416
834.00000 0.35197 1923.62368
835.00000 0.35294 686.87500
836.00000 0.36327 691.14583
837.00000 0.36352 1919.35284
838.00000 0.37383 695.41666
839.00000 0.37564 1915.08201
840.00000 0.38462 699.68750
841.00000 0.38842 1910.81118
842.00000 0.39562 703.95833
843.00000 0.40196 1906.54034
844.00000 0.40682 708.22916
845.00000 0.41640 1902.26951
846.00000 0.41822 712.50000
847.00000 0.42978 716.77083
848.00000 0.43191 1897.99868
849.00000 0.44149 721.04166
850.00000 0.44875 1893.72784
851.00000 0.45332 725.31250
852.00000 0.46525 729.58333
853.00000 0.46730 1889.45701
854.00000 0.47724 733.85416
855.00000 0.48813 1885.18618
856.00000 0.48925 738.12500
857.00000 0.50127 742.39583
858.00000 0.51230 1880.91534
859.00000 0.51324 746.66666
860.00000 0.52513 750.93750
861.00000 0.52624 1878.77993
862.00000 0.53691 755.20833
863.00000 0.54206 1876.64451
864.00000 0.54854 759.47916
865.00000 0.56001 763.75000
866.00000 0.56078 1874.50909
867.00000 0.57127 768.02083
868.00000 0.58231 772.29166
869.00000 0.58491 1872.37368
870.00000 0.59039 1871.98542
871.00000 0.59312 776.56250
872.00000 0.60335 1871.20890
873.00000 0.60368 780.83333
874.00000 0.60614 1871.06772
875.00000 0.61237 1870.78535
876.00000 0.61397 785.10416
877.00000 0.62400 789.37500
878.00000 0.63071 1870.22061
879.00000 0.63375 793.64583
880.00000 0.63792 1870.10712
881.00000 0.64323 797.91666
882.00000 0.65230 1870.06375
883.00000 0.65245 802.18750
884.00000 0.66139 806.45833
885.00000 0.66584 1870.24577
886.00000 0.67008 810.72916
887.00000 0.67851 815.00000
888.00000 0.67931 1870.64190
889.00000 0.68670 819.27083
890.00000 0.69273 1871.24935
891.00000 0.69464 823.54166
892.00000 0.70235 827.81250
893.00000 0.70607 1872.06508
894.00000 0.70985 832.08333
895.00000 0.71712 836.35416
896.00000 0.71934 1873.08578
897.00000 0.72420 840.62500
898.00000 0.73107 844.89583
899.00000 0.73253 1874.30790
900.00000 0.73776 849.16666
901.00000 0.74426 853.43749
902.00000 0.74565 1875.72759
903.00000 0.75060 857.70833
904.00000 0.75677 861.97916
905.00000 0.75867 1877.34073
906.00000 0.76278 866.24999
907.00000 0.76864 870.52083
908.00000 0.77161 1879.14290
909.00000 0.77435 874.79166
910.00000 0.77993 879.06249
911.00000 0.78447 1881.12939
912.00000 0.78538 883.33333
913.00000 0.79070 887.60416
914.00000 0.79590 891.87499
915.00000 0.79723 1883.29521
916.00000 0.80098 896.14583
917.00000 0.80595 900.41666
918.00000 0.80990 1885.63509
919.00000 0.81082 904.68749
920.00000 0.81559 908.95833
921.00000 0.82026 913.22916
922.00000 0.82248 1888.14350
923.00000 0.82483 917.49999
924.00000 0.82932 921.77083
925.00000 0.83372 926.04166
926.00000 0.83497 1890.81465
927.00000 0.83804 930.31249
928.00000 0.84228 934.58333
929.00000 0.84644 938.85416
930.00000 0.84737 1893.64255
931.00000 0.85053 943.12499
932.00000 0.85455 947.39583
933.00000 0.85850 951.66666
934.00000 0.85969 1896.62096
935.00000 0.86239 955.93749
936.00000 0.86622 960.20833
937.00000 0.86998 964.47916
938.00000 0.87191 1899.74350
939.00000 0.87369 968.74999
940.00000 0.87734 973.02083
941.00000 0.88094 977.29166
942.00000 0.88406 1903.00361
943.00000 0.88448 981.56249
944.00000 0.88798 985.83333
945.00000 0.89143 990.10416
946.00000 0.89483 994.37499
947.00000 0.89612 1906.39460
948.00000 0.89818 998.64583
949.00000 0.90149 1002.91666
950.00000 0.90476 1007.18749
951.00000 0.90799 1011.45833
952.00000 0.90811 1909.90968
953.00000 0.91118 1015.72916
954.00000 0.91434 1019.99999
955.00000 0.91745 1024.27083
956.00000 0.92002 1913.54200
957.00000 0.92053 1028.54166
958.00000 0.92358 1032.81249
959.00000 0.92659 1037.08333
960.00000 0.92957 1041.35416
961.00000 0.93186 1917.28463
962.00000 0.93252 1045.62499
963.00000 0.93544 1049.89583
964.00000 0.93833 1054.16666
965.00000 0.94119 1058.43749
966.00000 0.94364 1921.13063
967.00000 0.94402 1062.70833
968.00000 0.94683 1066.97916
969.00000 0.94961 1071.24999
970.00000 0.95237 1075.52083
971.00000 0.95510 1079.79166
972.00000 0.95537 1925.07305
973.00000 0.95781 1084.06249
974.00000 0.96050 1088.33333
975.00000 0.96317 1092.60416
976.00000 0.96581 1096.87499
977.00000 0.96704 1929.10495
978.00000 0.96844 1101.14583
979.00000 0.97104 1105.41666
980.00000 0.97362 1109.68749
981.00000 0.97619 1113.95833
982.00000 0.97866 1933.21941
983.00000 0.97874 1118.22916
984.00000 0.98127 1122.49999
985.00000 0.98378 1126.77083
986.00000 0.98628 1131.04166
987.00000 0.98876 1135.31249
988.00000 0.99024 1937.40955
989.00000 0.99123 1139.58333
990.00000 0.99368 1143.85416
991.00000 0.99601 1939.53087
992.00000 0.99611 1148.12499
993.00000 0.99854 1152.39583
994.00000 0.99876 1152.78408
995.00000 0.99890 1940.59772
996.00000 0.99919 1153.56060
997.00000 0.99927 1153.70178
998.00000 0.99943 1153.98415
999.00000 0.99962 1940.86506
1000.00000 0.99975 1154.54889
1001.00000 0.99981 1154.65157
1002.00000 0.99993 1154.85693
1003.00000 0.99995 1154.89427
1004.00000 0.99998 1940.99882
1005.00000 0.99999 1941.01721
1006.00000 0.99999 1941.01721
1007.00000 0.99999 1154.96894
1008.00000 1.00000 1578.00000
1009.00000 1.00000 1563.00000
1010.00000 1.00000 1566.00000
1011.00000 1.00000 1569.00000
1012.00000 1.00000 1572.00000
1013.00000 1.00000 1575.00000
1014.00000 1.00000 1560.00000
1015.00000 1.00000 1581.00000
1016.00000 1.00000 1623.00000
1017.00000 1.00000 1587.00000
1018.00000 1.00000 1635.00000
1019.00000 1.00000 1632.00000
1020.00000 1.00000 1629.00000
1021.00000 1.00000 1626.00000
1022.00000 1.00000 1557.00000
1023.00000 1.00000 1620.00000
1024.00000 1.00000 1617.00000
1025.00000 1.00000 1584.00000
1026.00000 1.00000 1614.00000
1027.00000 1.00000 1608.00000
1028.00000 1.00000 1605.00000
1029.00000 1.00000 1602.00000
1030.00000 1.00000 1599.00000
1031.00000 1.00000 1596.00000
1032.00000 1.00000 1593.00000
1033.00000 1.00000 1590.00000
1034.00000 1.00000 1611.00000
1035.00000 1.00000 1554.00000
1036.00000 1.00000 1923.00000
1037.00000 1.00000 1548.00000
1038.00000 1.00000 1866.00000
1039.00000 1.00000 1869.00000
1040.00000 1.00000 1872.00000
1041.00000 1.00000 1875.00000
1042.00000 1.00000 1878.00000
1043.00000 1.00000 1881.00000
1044.00000 1.00000 1884.00000
1045.00000 1.00000 1887.00000
1046.00000 1.00000 1890.00000
1047.00000 1.00000 1893.00000
1048.00000 1.00000 1896.00000
1049.00000 1.00000 1899.00000
1050.00000 1.00000 1902.00000
1051.00000 1.00000 1905.00000
1052.00000 1.00000 1908.00000
1053.00000 1.00000 1911.00000
1054.00000 1.00000 1914.00000
1055.00000 1.00000 1917.00000
1056.00000 1.00000 1920.00000
1057.00000 1.00000 1638.00000
1058.00000 1.00000 1926.00000
1059.00000 1.00000 1929.00000
1060.00000 1.00000 1932.00000
1061.00000 1.00000 1935.00000
1062.00000 1.00000 1938.00000
1063.00000 1.00000 1542.00000
1064.00000 1.00000 1545.00000
1065.00000 1.00000 1551.00000
1066.00000 1.00000 1641.00000
1067.00000 1.00000 1686.00000
1068.00000 1.00000 1647.00000
1069.00000 1.00000 1797.00000
1070.00000 1.00000 1794.00000
1071.00000 1.00000 1791.00000
1072.00000 1.00000 1788.00000
1073.00000 1.00000 1785.00000
1074.00000 1.00000 1782.00000
1075.00000 1.00000 1800.00000
1076.00000 1.00000 1779.00000
1077.00000 1.00000 1773.00000
1078.00000 1.00000 1770.00000
1079.00000 1.00000 1767.00000
1080.00000 1.00000 1764.00000
1081.00000 1.00000 1761.00000
1082.00000 1.00000 1758.00000
1083.00000 1.00000 1776.00000
1084.00000 1.00000 1755.00000
1085.00000 1.00000 1803.00000
1086.00000 1.00000 1809.00000
1087.00000 1.00000 1851.00000
1088.00000 1.00000 1848.00000
1089.00000 1.00000 1845.00000
1090.00000 1.00000 1842.00000
1091.00000 1.00000 1839.00000
1092.00000 1.00000 1836.00000
1093.00000 1.00000 1806.00000
1094.00000 1.00000 1833.00000
1095.00000 1.00000 1827.00000
1096.00000 1.00000 1824.00000
1097.00000 1.00000 1821.00000
1098.00000 1.00000 1818.00000
1099.00000 1.00000 1815.00000
1100.00000 1.00000 1812.00000
1101.00000 1.00000 1830.00000
1102.00000 1.00000 1644.00000
1103.00000 1.00000 1752.00000
1104.00000 1.00000 1746.00000
1105.00000 1.00000 1689.00000
1106.00000 1.00000 1863.00000
1107.00000 1.00000 1683.00000
1108.00000 1.00000 1680.00000
1109.00000 1.00000 1677.00000
1110.00000 1.00000 1674.00000
1111.00000 1.00000 1692.00000
1112.00000 1.00000 1671.00000
1113.00000 1.00000 1665.00000
1114.00000 1.00000 1662.00000
1115.00000 1.00000 1659.00000
1116.00000 1.00000 1656.00000
1117.00000 1.00000 1653.00000
1118.00000 1.00000 1650.00000
1119.00000 1.00000 1668.00000
1120.00000 1.00000 1749.00000
1121.00000 1.00000 1695.00000
1122.00000 1.00000 1701.00000
1123.00000 1.00000 1743.00000
1124.00000 1.00000 1740.00000
1125.00000 1.00000 1737.00000
1126.00000 1.00000 1734.00000
1127.00000 1.00000 1731.00000
1128.00000 1.00000 1728.00000
1129.00000 1.00000 1698.00000
1130.00000 1.00000 1725.00000
1131.00000 1.00000 1719.00000
1132.00000 1.00000 1716.00000
1133.00000 1.00000 1713.00000
1134.00000 1.00000 1710.00000
1135.00000 1.00000 1707.00000
1136.00000 1.00000 1704.00000
1137.00000 1.00000 1722.00000
1138.00000 1.00000 1539.00000
1139.00000 1.00000 1494.00000
1140.00000 1.00000 1533.00000
1141.00000 1.00000 1260.00000
1142.00000 1.00000 1257.00000
1143.00000 1.00000 1254.00000
1144.00000 1.00000 1251.00000
1145.00000 1.00000 1248.00000
1146.00000 1.00000 1245.00000
1147.00000 1.00000 1263.00000
1148.00000 1.00000 1242.00000
1149.00000 1.00000 1236.00000
1150.00000 1.00000 1233.00000
1151.00000 1.00000 1230.00000
1152.00000 1.00000 1227.00000
1153.00000 1.00000 1224.00000
1154.00000 1.00000 1221.00000
1155.00000 1.00000 1239.00000
1156.00000 1.00000 1218.00000
1157.00000 1.00000 1266.00000
1158.00000 1.00000 1272.00000
1159.00000 1.00000 1314.00000
1160.00000 1.00000 1311.00000
1161.00000 1.00000 1308.00000
1162.00000 1.00000 1305.00000
1163.00000 1.00000 1302.00000
1164.00000 1.00000 1299.00000
1165.00000 1.00000 1269.00000
1166.00000 1.00000 1296.00000
1167.00000 1.00000 1290.00000
1168.00000 1.00000 1287.00000
1169.00000 1.00000 1284.00000
1170.00000 1.00000 1281.00000
1171.00000 1.00000 1278.00000
1172.00000 1.00000 1275.00000
1173.00000 1.00000 1293.00000
1174.00000 1.00000 1317.00000
1175.00000 1.00000 1215.00000
1176.00000 1.00000 1209.00000
1177.00000 1.00000 1154.99715
1178.00000 1.00000 1154.99715
1179.00000 1.00000 1154.99713
1180.00000 1.00000 1154.99705
1181.00000 1.00000 1154.99700
1182.00000 1.00000 1154.99698
1183.00000 1.00000 1155.00000
1184.00000 1.00000 1154.99686
1185.00000 1.00000 1154.99262
1186.00000 1.00000 1154.99083
1187.00000 1.00000 1154.98993
1188.00000 1.00000 1154.98499
1189.00000 1.00000 1154.98252
1190.00000 1.00000 1857.00000
1191.00000 1.00000 1154.99621
1192.00000 1.00000 1212.00000
1193.00000 1.00000 1158.00000
1194.00000 1.00000 1164.00000
1195.00000 1.00000 1206.00000
1196.00000 1.00000 1203.00000
1197.00000 1.00000 1200.00000
1198.00000 1.00000 1197.00000
1199.00000 1.00000 1194.00000
1200.00000 1.00000 1191.00000
1201.00000 1.00000 1161.00000
1202.00000 1.00000 1188.00000
1203.00000 1.00000 1182.00000
1204.00000 1.00000 1179.00000
1205.00000 1.00000 1176.00000
1206.00000 1.00000 1173.00000
1207.00000 1.00000 1170.00000
1208.00000 1.00000 1167.00000
1209.00000 1.00000 1185.00000
1210.00000 1.00000 1536.00000
1211.00000 1.00000 1320.00000
1212.00000 1.00000 1326.00000
1213.00000 1.00000 1476.00000
1214.00000 1.00000 1473.00000
1215.00000 1.00000 1470.00000
1216.00000 1.00000 1467.00000
1217.00000 1.00000 1464.00000
1218.00000 1.00000 1461.00000
1219.00000 1.00000 1479.00000
1220.00000 1.00000 1458.00000
1221.00000 1.00000 1452.00000
1222.00000 1.00000 1449.00000
1223.00000 1.00000 1446.00000
1224.00000 1.00000 1443.00000
1225.00000 1.00000 1440.00000
1226.00000 1.00000 1437.00000
1227.00000 1.00000 1455.00000
1228.00000 1.00000 1434.00000
1229.00000 1.00000 1482.00000
1230.00000 1.00000 1488.00000
1231.00000 1.00000 1530.00000
1232.00000 1.00000 1527.00000
1233.00000 1.00000 1524.00000
1234.00000 1.00000 1521.00000
1235.00000 1.00000 1518.00000
1236.00000 1.00000 1515.00000
1237.00000 1.00000 1485.00000
1238.00000 1.00000 1512.00000
1239.00000 1.00000 1506.00000
1240.00000 1.00000 1503.00000
1241.00000 1.00000 1500.00000
1242.00000 1.00000 1497.00000
1243.00000 1.00000 1860.00000
1244.00000 1.00000 1491.00000
1245.00000 1.00000 1509.00000
1246.00000 1.00000 1323.00000
1247.00000 1.00000 1431.00000
1248.00000 1.00000 1425.00000
1249.00000 1.00000 1368.00000
1250.00000 1.00000 1365.00000
1251.00000 1.00000 1362.00000
1252.00000 1.00000 1359.00000
1253.00000 1.00000 1356.00000
1254.00000 1.00000 1353.00000
1255.00000 1.00000 1371.00000
1256.00000 1.00000 1350.00000
1257.00000 1.00000 1344.00000
1258.00000 1.00000 1341.00000
1259.00000 1.00000 1338.00000
1260.00000 1.00000 1335.00000
1261.00000 1.00000 1332.00000
1262.00000 1.00000 1329.00000
1263.00000 1.00000 1347.00000
1264.00000 1.00000 1428.00000
1265.00000 1.00000 1374.00000
1266.00000 1.00000 1380.00000
1267.00000 1.00000 1422.00000
1268.00000 1.00000 1419.00000
1269.00000 1.00000 1416.00000
1270.00000 1.00000 1413.00000
1271.00000 1.00000 1410.00000
1272.00000 1.00000 1407.00000
1273.00000 1.00000 1377.00000
1274.00000 1.00000 1404.00000
1275.00000 1.00000 1398.00000
1276.00000 1.00000 1395.00000
1277.00000 1.00000 1392.00000
1278.00000 1.00000 1389.00000
1279.00000 1.00000 1386.00000
1280.00000 1.00000 1383.00000
1281.00000 1.00000 1401.00000
1282.00000 1.00000 1854.00000
