0.00000 0.00000 1521.00000
1.00000 0.00000 1455.00000
2.00000 0.00000 1458.00000
3.00000 0.00000 1461.00000
4.00000 0.00000 1464.00000
5.00000 0.00000 1467.00000
6.00000 0.00000 1470.00000
7.00000 0.00000 1473.00000
8.00000 0.00000 1476.00000
9.00000 0.00000 1452.00000
10.00000 0.00000 1479.00000
11.00000 0.00000 1485.00000
12.00000 0.00000 1488.00000
13.00000 0.00000 1491.00000
14.00000 0.00000 1494.00000
15.00000 0.00000 1497.00000
16.00000 0.00000 1500.00000
17.00000 0.00000 1503.00000
18.00000 0.00000 1506.00000
19.00000 0.00000 1482.00000
20.00000 0.00000 1449.00000
21.00000 0.00000 1446.00000
22.00000 0.00000 1443.00000
23.00000 0.00000 1386.00000
24.00000 0.00000 1389.00000
25.00000 0.00000 1392.00000
26.00000 0.00000 1395.00000
27.00000 0.00000 1398.00000
28.00000 0.00000 1401.00000
29.00000 0.00000 1404.00000
30.00000 0.00000 1407.00000
31.00000 0.00000 1410.00000
32.00000 0.00000 1413.00000
33.00000 0.00000 1416.00000
34.00000 0.00000 1419.00000
35.00000 0.00000 1422.00000
36.00000 0.00000 1425.00000
37.00000 0.00000 1428.00000
38.00000 0.00000 1431.00000
39.00000 0.00000 1434.00000
40.00000 0.00000 1437.00000
41.00000 0.00000 1440.00000
42.00000 0.00000 1509.00000
43.00000 0.00000 1383.00000
44.00000 0.00000 1512.00000
45.00000 0.00000 1518.00000
46.00000 0.00000 1593.00000
47.00000 0.00000 1596.00000
48.00000 0.00000 1599.00000
49.00000 0.00000 1602.00000
50.00000 0.00000 1605.00000
51.00000 0.00000 1608.00000
52.00000 0.00000 1611.00000
53.00000 0.00000 1614.00000
54.00000 0.00000 1590.00000
55.00000 0.00000 1617.00000
56.00000 0.00000 1623.00000
57.00000 0.00000 1626.00000
58.00000 0.00000 1629.00000
59.00000 0.00000 1632.00000
60.00000 0.00000 1233.00000
61.00000 0.00000 1638.00000
62.00000 0.00000 1641.00000
63.00000 0.00000 1644.00000
64.00000 0.00000 1620.00000
65.00000 0.00000 1587.00000
66.00000 0.00000 1584.00000
67.00000 0.00000 1581.00000
68.00000 0.00000 1524.00000
69.00000 0.00000 1527.00000
70.00000 0.00000 1530.00000
71.00000 0.00000 1533.00000
72.00000 0.00000 1536.00000
73.00000 0.00000 1539.00000
74.00000 0.00000 1542.00000
75.00000 0.00000 1545.00000
76.00000 0.00000 1548.00000
77.00000 0.00000 1551.00000
78.00000 0.00000 1554.00000
79.00000 0.00000 1557.00000
80.00000 0.00000 1560.00000
81.00000 0.00000 1563.00000
82.00000 0.00000 1566.00000
83.00000 0.00000 1569.00000
84.00000 0.00000 1572.00000
85.00000 0.00000 1575.00000
86.00000 0.00000 1578.00000
87.00000 0.00000 1515.00000
88.00000 0.00000 1647.00000
89.00000 0.00000 1380.00000
90.00000 0.00000 1374.00000
91.00000 0.00000 1161.00000
92.00000 0.00000 1158.00000
93.00000 0.00000 1155.00000
94.00000 0.00000 1152.00000
95.00000 0.00000 1149.00000
96.00000 0.00000 1146.00000
97.00000 0.00000 1143.00000
98.00000 0.00000 1140.00000
99.00000 0.00000 1164.00000
100.00000 0.00000 1139.00360
101.00000 0.00000 1139.00358
102.00000 0.00000 1139.00346
103.00000 0.00000 1139.00340
104.00000 0.00000 1139.00337
105.00000 0.00000 1139.00321
106.00000 0.00000 1139.00313
107.00000 0.00000 1139.00268
108.00000 0.00000 1139.00245
109.00000 0.00000 1139.00360
110.00000 0.00000 1167.00000
111.00000 0.00000 1170.00000
112.00000 0.00000 1173.00000
113.00000 0.00000 1230.00000
114.00000 0.00000 1227.00000
115.00000 0.00000 1224.00000
116.00000 0.00000 1221.00000
117.00000 0.00000 1218.00000
118.00000 0.00000 1215.00000
119.00000 0.00000 1212.00000
120.00000 0.00000 1209.00000
121.00000 0.00000 1206.00000
122.00000 0.00000 1203.00000
123.00000 0.00000 1200.00000
124.00000 0.00000 1197.00000
125.00000 0.00000 1194.00000
126.00000 0.00000 1191.00000
127.00000 0.00000 1188.00000
128.00000 0.00000 1185.00000
129.00000 0.00000 1182.00000
130.00000 0.00000 1179.00000
131.00000 0.00000 1176.00000
132.00000 0.00000 1239.00000
133.00000 0.00000 1377.00000
134.00000 0.00000 1242.00000
135.00000 0.00000 1248.00000
136.00000 0.00000 1320.00000
137.00000 0.00000 1323.00000
138.00000 0.00000 1326.00000
139.00000 0.00000 1329.00000
140.00000 0.00000 1332.00000
141.00000 0.00000 1335.00000
142.00000 0.00000 1338.00000
143.00000 0.00000 1341.00000
144.00000 0.00000 1317.00000
145.00000 0.00000 1344.00000
146.00000 0.00000 1350.00000
147.00000 0.00000 1353.00000
148.00000 0.00000 1356.00000
149.00000 0.00000 1359.00000
150.00000 0.00000 1362.00000
151.00000 0.00000 1365.00000
152.00000 0.00000 1368.00000
153.00000 0.00000 1371.00000
154.00000 0.00000 1347.00000
155.00000 0.00000 1314.00000
156.00000 0.00000 1311.00000
157.00000 0.00000 1308.00000
158.00000 0.00000 1251.00000
159.00000 0.00000 1254.00000
160.00000 0.00000 1257.00000
161.00000 0.00000 1260.00000
162.00000 0.00000 1263.00000
163.00000 0.00000 1266.00000
164.00000 0.00000 1269.00000
165.00000 0.00000 1272.00000
166.00000 0.00000 1275.00000
167.00000 0.00000 1278.00000
168.00000 0.00000 1281.00000
169.00000 0.00000 1284.00000
170.00000 0.00000 1287.00000
171.00000 0.00000 1290.00000
172.00000 0.00000 1293.00000
173.00000 0.00000 1296.00000
174.00000 0.00000 1299.00000
175.00000 0.00000 1302.00000
176.00000 0.00000 1305.00000
177.00000 0.00000 1245.00000
178.00000 0.00000 1650.00000
179.00000 0.00000 1635.00000
180.00000 0.00000 1656.00000
181.00000 0.00000 1938.00000
182.00000 0.00000 1941.00000
183.00000 0.00000 1944.00000
184.00000 0.00000 1947.00000
185.00000 0.00000 1950.00000
186.00000 0.00000 1953.00000
187.00000 0.00000 1956.00000
188.00000 0.00000 1959.00000
189.00000 0.00000 1935.00000
190.00000 0.00000 1962.00000
191.00000 0.00000 1968.00000
192.00000 0.00000 1971.00000
193.00000 0.00000 1974.00000
194.00000 0.00000 1977.00000
195.00000 0.00000 1980.00000
196.00000 0.00000 1983.00000
197.00000 0.00000 1986.00000
198.00000 0.00000 1989.00000
199.00000 0.00000 1965.00000
200.00000 0.00000 1932.00000
201.00000 0.00000 1929.00000
202.00000 0.00000 1926.00000
203.00000 0.00000 1869.00000
204.00000 0.00000 1872.00000
205.00000 0.00000 1875.00000
206.00000 0.00000 1653.00000
207.00000 0.00000 1881.00000
208.00000 0.00000 1884.00000
209.00000 0.00000 1887.00000
210.00000 0.00000 1890.00000
211.00000 0.00000 1893.00000
212.00000 0.00000 1896.00000
213.00000 0.00000 1899.00000
214.00000 0.00000 1902.00000
215.00000 0.00000 1905.00000
216.00000 0.00000 1908.00000
217.00000 0.00000 1911.00000
218.00000 0.00000 1914.00000
219.00000 0.00000 1917.00000
220.00000 0.00000 1920.00000
221.00000 0.00000 1923.00000
222.00000 0.00000 1992.00000
223.00000 0.00000 1866.00000
224.00000 0.00000 1995.00000
225.00000 0.00000 2001.00000
226.00000 0.00000 2073.00000
227.00000 0.00000 2076.00000
228.00000 0.00000 2079.00000
229.00000 0.00000 2082.00000
230.00000 0.00000 2085.00000
231.00000 0.00000 2088.00000
232.00000 0.00000 2091.00000
233.00000 0.00000 2094.00000
234.00000 0.00000 2070.00000
235.00000 0.00000 2097.00000
236.00000 0.00000 2103.00000
237.00000 0.00000 2106.00000
238.00000 0.00000 2109.00000
239.00000 0.00000 2112.00000
240.00000 0.00000 2115.00000
241.00000 0.00000 2118.00000
242.00000 0.00000 2121.00000
243.00000 0.00000 2124.00000
244.00000 0.00000 2100.00000
245.00000 0.00000 2067.00000
246.00000 0.00000 2064.00000
247.00000 0.00000 2061.00000
248.00000 0.00000 2004.00000
249.00000 0.00000 2007.00000
250.00000 0.00000 2010.00000
251.00000 0.00000 2013.00000
252.00000 0.00000 2016.00000
253.00000 0.00000 2019.00000
254.00000 0.00000 2022.00000
255.00000 0.00000 2025.00000
256.00000 0.00000 2028.00000
257.00000 0.00000 2031.00000
258.00000 0.00000 2034.00000
259.00000 0.00000 2037.00000
260.00000 0.00000 2040.00000
261.00000 0.00000 2043.00000
262.00000 0.00000 2046.00000
263.00000 0.00000 2049.00000
264.00000 0.00000 2052.00000
265.00000 0.00000 2055.00000
266.00000 0.00000 2058.00000
267.00000 0.00000 1998.00000
268.00000 0.00000 1863.00000
269.00000 0.00000 1878.00000
270.00000 0.00000 1857.00000
271.00000 0.00000 1725.00000
272.00000 0.00000 1728.00000
273.00000 0.00000 1731.00000
274.00000 0.00000 1734.00000
275.00000 0.00000 1737.00000
276.00000 0.00000 1740.00000
277.00000 0.00000 1743.00000
278.00000 0.00000 2127.86679
279.00000 0.00000 1722.00000
280.00000 0.00000 2127.86679
281.00000 0.00000 2127.86676
282.00000 0.00000 2127.86675
283.00000 0.00000 2127.86675
284.00000 0.00000 2127.86668
285.00000 0.00000 2127.86664
286.00000 0.00000 2127.86662
287.00000 0.00000 2127.86625
288.00000 0.00000 2127.86473
289.00000 0.00000 2127.86679
290.00000 0.00000 2127.86170
291.00000 0.00000 1719.00000
292.00000 0.00000 1713.00000
293.00000 0.00000 1659.00000
294.00000 0.00000 1662.00000
295.00000 0.00000 1665.00000
296.00000 0.00000 1668.00000
297.00000 0.00000 1671.00000
298.00000 0.00000 1674.00000
299.00000 0.00000 1677.00000
300.00000 0.00000 1680.00000
301.00000 0.00000 1716.00000
302.00000 0.00000 1683.00000
303.00000 0.00000 1689.00000
304.00000 0.00000 1692.00000
305.00000 0.00000 1695.00000
306.00000 0.00000 1698.00000
307.00000 0.00000 1701.00000
308.00000 0.00000 1704.00000
309.00000 0.00000 1707.00000
310.00000 0.00000 1710.00000
311.00000 0.00000 1686.00000
312.00000 0.00000 1860.00000
313.00000 0.00000 1236.00000
314.00000 0.00000 1779.00000
315.00000 0.00000 1764.00000
316.00000 0.00000 1767.00000
317.00000 0.00000 1770.00000
318.00000 0.00000 1773.00000
319.00000 0.00000 1776.00000
320.00000 0.00000 1821.00000
321.00000 0.00000 1782.00000
322.00000 0.00000 1785.00000
323.00000 0.00000 1788.00000
324.00000 0.00000 1791.00000
325.00000 0.00000 1794.00000
326.00000 0.00000 1797.00000
327.00000 0.00000 1800.00000
328.00000 0.00000 1803.00000
329.00000 0.00000 1806.00000
330.00000 0.00000 1809.00000
331.00000 0.00000 1812.00000
332.00000 0.00000 1761.00000
333.00000 0.00000 1815.00000
334.00000 0.00000 1758.00000
335.00000 0.00000 1752.00000
336.00000 0.00000 1854.00000
337.00000 0.00000 1851.00000
338.00000 0.00000 1848.00000
339.00000 0.00000 1845.00000
340.00000 0.00000 1842.00000
341.00000 0.00000 1839.00000
342.00000 0.00000 1836.00000
343.00000 0.00000 1755.00000
344.00000 0.00000 1818.00000
345.00000 0.00000 1833.00000
346.00000 0.00000 1830.00000
347.00000 0.00000 1827.00000
348.00000 0.00000 1824.00000
349.00000 0.00000 1746.00000
350.00000 0.00000 1749.00000
351.00000 0.00001 1138.98888
352.00000 0.00001 2127.84956
353.00000 0.00002 1138.98209
354.00000 0.00002 1138.97869
355.00000 0.00005 2127.80103
356.00000 0.00005 1138.96002
357.00000 0.00019 1138.85734
358.00000 0.00026 1138.80600
359.00000 0.00035 2127.41277
360.00000 0.00064 2127.02452
361.00000 0.00064 1138.52364
362.00000 0.00079 2126.83039
363.00000 0.00083 1138.38245
364.00000 0.00086 2126.73332
365.00000 0.00187 1137.60594
366.00000 0.00240 1137.21768
367.00000 0.00250 2124.59791
368.00000 0.00581 2120.33134
369.00000 0.00583 2120.30762
370.00000 0.00583 2120.30762
371.00000 0.00584 2120.28391
372.00000 0.00815 1132.94684
373.00000 0.00920 2116.01734
374.00000 0.01261 2111.74651
375.00000 0.01391 1128.68028
376.00000 0.01394 1128.65874
377.00000 0.01394 1128.65874
378.00000 0.01397 1128.63719
379.00000 0.01607 2107.47568
380.00000 0.01959 2103.20484
381.00000 0.01974 1124.37063
382.00000 0.02316 2098.93401
383.00000 0.02552 1120.09980
384.00000 0.02678 2094.66318
385.00000 0.03046 2090.39234
386.00000 0.03132 1115.82896
387.00000 0.03420 2086.12151
388.00000 0.03713 1111.55813
389.00000 0.03800 2081.85068
390.00000 0.04186 2077.57984
391.00000 0.04295 1107.28730
392.00000 0.04579 2073.30901
393.00000 0.04879 1103.01647
394.00000 0.04978 2069.03818
395.00000 0.05383 2064.76734
396.00000 0.05464 1098.74563
397.00000 0.05796 2060.49651
398.00000 0.06050 1094.47480
399.00000 0.06215 2056.22568
400.00000 0.06638 1090.20397
401.00000 0.06642 2051.95484
402.00000 0.07076 2047.68401
403.00000 0.07228 1085.93313
404.00000 0.07518 2043.41318
405.00000 0.07820 1081.66230
406.00000 0.07967 2039.14234
407.00000 0.08413 1077.39147
408.00000 0.08425 2034.87151
409.00000 0.08891 2030.60068
410.00000 0.09008 1073.12063
411.00000 0.09366 2026.32985
412.00000 0.09605 1068.84980
413.00000 0.09850 2022.05901
414.00000 0.10205 1064.57897
415.00000 0.10343 2017.78818
416.00000 0.10806 1060.30813
417.00000 0.10845 2013.51735
418.00000 0.11358 2009.24651
419.00000 0.11410 1056.03730
420.00000 0.11880 2004.97568
421.00000 0.12016 1051.76647
422.00000 0.12413 2000.70485
423.00000 0.12625 1047.49563
424.00000 0.12957 1996.43401
425.00000 0.13237 1043.22480
426.00000 0.13512 1992.16318
427.00000 0.13851 1038.95397
428.00000 0.14079 1987.89235
429.00000 0.14469 1034.68313
430.00000 0.14658 1983.62151
431.00000 0.15089 1030.41230
432.00000 0.15250 1979.35068
433.00000 0.15713 1026.14147
434.00000 0.15854 1975.07985
435.00000 0.16340 1021.87063
436.00000 0.16473 1970.80901
437.00000 0.16971 1017.59980
438.00000 0.17105 1966.53818
439.00000 0.17605 1013.32897
440.00000 0.17753 1962.26735
441.00000 0.18244 1009.05813
442.00000 0.18416 1957.99651
443.00000 0.18887 1004.78730
444.00000 0.19095 1953.72568
445.00000 0.19535 1000.51647
446.00000 0.19791 1949.45485
447.00000 0.20187 996.24563
448.00000 0.20505 1945.18401
449.00000 0.20845 991.97480
450.00000 0.21237 1940.91318
451.00000 0.21508 987.70397
452.00000 0.21989 1936.64235
453.00000 0.22177 983.43313
454.00000 0.22762 1932.37151
455.00000 0.22852 979.16230
456.00000 0.23534 974.89147
457.00000 0.23557 1928.10068
458.00000 0.24224 970.62063
459.00000 0.24374 1923.82985
460.00000 0.24921 966.34980
461.00000 0.25217 1919.55901
462.00000 0.25627 962.07897
463.00000 0.26085 1915.28818
464.00000 0.26342 957.80813
465.00000 0.26981 1911.01735
466.00000 0.27068 953.53730
467.00000 0.27804 949.26647
468.00000 0.27906 1906.74651
469.00000 0.28553 944.99563
470.00000 0.28863 1902.47568
471.00000 0.29315 940.72480
472.00000 0.29855 1898.20485
473.00000 0.30093 936.45397
474.00000 0.30883 1893.93401
475.00000 0.30887 932.18313
476.00000 0.31701 927.91230
477.00000 0.31952 1889.66318
478.00000 0.32536 923.64147
479.00000 0.33064 1885.39235
480.00000 0.33397 919.37063
481.00000 0.34225 1881.12151
482.00000 0.34287 915.09980
483.00000 0.35212 910.82897
484.00000 0.35440 1876.85068
485.00000 0.36178 906.55813
486.00000 0.36714 1872.57985
487.00000 0.37196 902.28730
488.00000 0.38056 1868.30901
489.00000 0.38279 898.01647
490.00000 0.39447 893.74563
491.00000 0.39476 1864.03818
492.00000 0.40733 889.47480
493.00000 0.40986 1859.76735
494.00000 0.42199 885.20397
495.00000 0.42602 1855.49651
496.00000 0.43980 880.93313
497.00000 0.44347 1851.22568
498.00000 0.45101 878.79772
499.00000 0.45334 878.40946
500.00000 0.45839 877.63294
501.00000 0.46255 1846.95485
502.00000 0.47127 876.07991
503.00000 0.47439 875.79754
504.00000 0.48253 875.23281
505.00000 0.48377 1842.68401
506.00000 0.48459 875.13013
507.00000 0.48556 875.08761
508.00000 0.48749 875.01340
509.00000 0.49135 874.90821
510.00000 0.49906 874.87102
511.00000 0.50800 1838.41318
512.00000 0.51450 875.49141
513.00000 0.52173 1836.27776
514.00000 0.52456 876.39323
515.00000 0.53467 877.68978
516.00000 0.53701 1834.14235
517.00000 0.54485 879.38280
518.00000 0.55454 1832.00693
519.00000 0.55511 881.47402
520.00000 0.56546 883.96503
521.00000 0.57578 1829.87151
522.00000 0.57593 886.85718
523.00000 0.58028 1829.48326
524.00000 0.58653 890.15133
525.00000 0.59020 1828.70674
526.00000 0.59727 893.84779
527.00000 0.60196 1827.93023
528.00000 0.60440 1827.78904
529.00000 0.60816 897.94606
530.00000 0.60967 1827.50667
531.00000 0.61922 902.44479
532.00000 0.62283 1826.94193
533.00000 0.62481 904.84353
534.00000 0.62590 1826.83925
535.00000 0.62723 1826.79800
536.00000 0.62991 1826.72184
537.00000 0.63045 907.34134
538.00000 0.63525 1826.59502
539.00000 0.63613 909.93771
540.00000 0.64186 912.63208
541.00000 0.64592 1826.44416
542.00000 0.64764 915.42376
543.00000 0.65346 918.31202
544.00000 0.65933 921.29601
545.00000 0.66525 924.37481
546.00000 0.66718 1826.55989
547.00000 0.67122 927.54742
548.00000 0.67723 930.81272
549.00000 0.68095 1826.93955
550.00000 0.68329 934.16955
551.00000 0.68941 937.61661
552.00000 0.69466 1827.56458
553.00000 0.69557 941.15257
554.00000 0.70177 944.77598
555.00000 0.70803 948.48534
556.00000 0.70831 1828.44004
557.00000 0.71433 952.27904
558.00000 0.72068 956.15543
559.00000 0.72189 1829.57137
560.00000 0.72707 960.11277
561.00000 0.73351 964.14927
562.00000 0.73541 1830.96434
563.00000 0.74000 968.26307
564.00000 0.74652 972.45225
565.00000 0.74885 1832.62506
566.00000 0.75309 976.71485
567.00000 0.75970 981.04885
568.00000 0.76220 1834.56001
569.00000 0.76294 983.18427
570.00000 0.76936 987.45510
571.00000 0.77547 1836.77599
572.00000 0.77573 991.72594
573.00000 0.78204 995.99677
574.00000 0.78831 1000.26760
575.00000 0.78864 1839.28016
576.00000 0.79453 1004.53844
577.00000 0.80072 1008.80927
578.00000 0.80172 1842.08001
579.00000 0.80686 1013.08010
580.00000 0.81297 1017.35094
581.00000 0.81468 1845.18332
582.00000 0.81904 1021.62177
583.00000 0.82508 1025.89260
584.00000 0.82754 1848.59823
585.00000 0.83110 1030.16344
586.00000 0.83708 1034.43427
587.00000 0.84027 1852.33314
588.00000 0.84304 1038.70510
589.00000 0.84897 1042.97594
590.00000 0.85288 1856.39674
591.00000 0.85489 1047.24677
592.00000 0.86078 1051.51760
593.00000 0.86536 1860.79800
594.00000 0.86665 1055.78844
595.00000 0.87155 1863.12811
596.00000 0.87250 1060.05927
597.00000 0.87770 1865.54610
598.00000 0.87834 1064.33010
599.00000 0.88382 1868.05314
600.00000 0.88416 1068.60094
601.00000 0.88990 1870.65045
602.00000 0.88996 1072.87177
603.00000 0.89575 1077.14260
604.00000 0.89594 1873.33921
605.00000 0.90153 1081.41344
606.00000 0.90195 1876.12065
607.00000 0.90729 1085.68427
608.00000 0.90792 1878.99599
609.00000 0.91305 1089.95510
610.00000 0.91384 1881.96646
611.00000 0.91880 1094.22593
612.00000 0.91973 1885.03331
613.00000 0.92453 1098.49677
614.00000 0.92558 1888.19777
615.00000 0.93026 1102.76760
616.00000 0.93138 1891.46109
617.00000 0.93598 1107.03843
618.00000 0.93714 1894.82454
619.00000 0.94170 1111.30927
620.00000 0.94286 1898.28936
621.00000 0.94741 1115.58010
622.00000 0.94853 1901.85682
623.00000 0.95312 1119.85093
624.00000 0.95416 1905.52817
625.00000 0.95882 1124.12177
626.00000 0.95975 1909.30467
627.00000 0.96452 1128.39260
628.00000 0.96529 1913.18759
629.00000 0.97022 1132.66343
630.00000 0.97078 1917.17817
631.00000 0.97591 1136.93427
632.00000 0.97622 1921.27767
633.00000 0.98161 1141.20510
634.00000 0.98162 1925.48733
635.00000 0.98696 1929.80841
636.00000 0.98731 1145.47593
637.00000 0.98954 1931.94382
638.00000 0.99300 1149.74677
639.00000 0.99456 1936.21466
640.00000 0.99870 1154.01760
641.00000 0.99922 1154.40586
642.00000 0.99932 1154.47645
643.00000 0.99942 1940.48549
644.00000 0.99951 1154.61764
645.00000 0.99985 1940.87375
646.00000 0.99988 1154.90000
647.00000 0.99993 1940.94434
648.00000 0.99995 1154.95134
649.00000 0.99996 1154.96068
650.00000 0.99999 1154.97935
651.00000 0.99999 1154.98274
652.00000 0.99999 1154.98336
653.00000 0.99999 1941.01493
654.00000 1.00000 1724.00000
655.00000 1.00000 1670.00000
656.00000 1.00000 1667.00000
657.00000 1.00000 1664.00000
658.00000 1.00000 1661.00000
659.00000 1.00000 1658.00000
660.00000 1.00000 1652.00000
661.00000 1.00000 1673.00000
662.00000 1.00000 1649.00000
663.00000 1.00000 1646.00000
664.00000 1.00000 1643.00000
665.00000 1.00000 1640.00000
666.00000 1.00000 1637.00000
667.00000 1.00000 1655.00000
668.00000 1.00000 1676.00000
669.00000 1.00000 1685.00000
670.00000 1.00000 1682.00000
671.00000 1.00000 1721.00000
672.00000 1.00000 1688.00000
673.00000 1.00000 1691.00000
674.00000 1.00000 1694.00000
675.00000 1.00000 1697.00000
676.00000 1.00000 1700.00000
677.00000 1.00000 1703.00000
678.00000 1.00000 1706.00000
679.00000 1.00000 1709.00000
680.00000 1.00000 1712.00000
681.00000 1.00000 1715.00000
682.00000 1.00000 1718.00000
683.00000 1.00000 1634.00000
684.00000 1.00000 1679.00000
685.00000 1.00000 1631.00000
686.00000 1.00000 1577.00000
687.00000 1.00000 1625.00000
688.00000 1.00000 1535.00000
689.00000 1.00000 1538.00000
690.00000 1.00000 1541.00000
691.00000 1.00000 1544.00000
692.00000 1.00000 1547.00000
693.00000 1.00000 1550.00000
694.00000 1.00000 1553.00000
695.00000 1.00000 1556.00000
696.00000 1.00000 1559.00000
697.00000 1.00000 1562.00000
698.00000 1.00000 1565.00000
699.00000 1.00000 1568.00000
700.00000 1.00000 1571.00000
701.00000 1.00000 1574.00000
702.00000 1.00000 1628.00000
703.00000 1.00000 1727.00000
704.00000 1.00000 1583.00000
705.00000 1.00000 1586.00000
706.00000 1.00000 1589.00000
707.00000 1.00000 1592.00000
708.00000 1.00000 1595.00000
709.00000 1.00000 1598.00000
710.00000 1.00000 1601.00000
711.00000 1.00000 1604.00000
712.00000 1.00000 1607.00000
713.00000 1.00000 1610.00000
714.00000 1.00000 1613.00000
715.00000 1.00000 1616.00000
716.00000 1.00000 1619.00000
717.00000 1.00000 1622.00000
718.00000 1.00000 1580.00000
719.00000 1.00000 1730.00000
720.00000 1.00000 1784.00000
721.00000 1.00000 1736.00000
722.00000 1.00000 1844.00000
723.00000 1.00000 1847.00000
724.00000 1.00000 1850.00000
725.00000 1.00000 1853.00000
726.00000 1.00000 1856.00000
727.00000 1.00000 1859.00000
728.00000 1.00000 1862.00000
729.00000 1.00000 1865.00000
730.00000 1.00000 1868.00000
731.00000 1.00000 1871.00000
732.00000 1.00000 1874.00000
733.00000 1.00000 1877.00000
734.00000 1.00000 1880.00000
735.00000 1.00000 1883.00000
736.00000 1.00000 1841.00000
737.00000 1.00000 1886.00000
738.00000 1.00000 1892.00000
739.00000 1.00000 1895.00000
740.00000 1.00000 1898.00000
741.00000 1.00000 1901.00000
742.00000 1.00000 1904.00000
743.00000 1.00000 1907.00000
744.00000 1.00000 1910.00000
745.00000 1.00000 1913.00000
746.00000 1.00000 1916.00000
747.00000 1.00000 1919.00000
748.00000 1.00000 1922.00000
749.00000 1.00000 1925.00000
750.00000 1.00000 1931.00000
751.00000 1.00000 1928.00000
752.00000 1.00000 1889.00000
753.00000 1.00000 1838.00000
754.00000 1.00000 1835.00000
755.00000 1.00000 1832.00000
756.00000 1.00000 1739.00000
757.00000 1.00000 1742.00000
758.00000 1.00000 1745.00000
759.00000 1.00000 1748.00000
760.00000 1.00000 1751.00000
761.00000 1.00000 1754.00000
762.00000 1.00000 1757.00000
763.00000 1.00000 1760.00000
764.00000 1.00000 1763.00000
765.00000 1.00000 1766.00000
766.00000 1.00000 1769.00000
767.00000 1.00000 1772.00000
768.00000 1.00000 1775.00000
769.00000 1.00000 1778.00000
770.00000 1.00000 1781.00000
771.00000 1.00000 1532.00000
772.00000 1.00000 1787.00000
773.00000 1.00000 1829.00000
774.00000 1.00000 1826.00000
775.00000 1.00000 1823.00000
776.00000 1.00000 1820.00000
777.00000 1.00000 1817.00000
778.00000 1.00000 1814.00000
779.00000 1.00000 1733.00000
780.00000 1.00000 1811.00000
781.00000 1.00000 1805.00000
782.00000 1.00000 1802.00000
783.00000 1.00000 1799.00000
784.00000 1.00000 1796.00000
785.00000 1.00000 1793.00000
786.00000 1.00000 1790.00000
787.00000 1.00000 1808.00000
788.00000 1.00000 1529.00000
789.00000 1.00000 1154.98812
790.00000 1.00000 1523.00000
791.00000 1.00000 1226.00000
792.00000 1.00000 1229.00000
793.00000 1.00000 1232.00000
794.00000 1.00000 1235.00000
795.00000 1.00000 1238.00000
796.00000 1.00000 1241.00000
797.00000 1.00000 1244.00000
798.00000 1.00000 1247.00000
799.00000 1.00000 1250.00000
800.00000 1.00000 1253.00000
801.00000 1.00000 1256.00000
802.00000 1.00000 1259.00000
803.00000 1.00000 1262.00000
804.00000 1.00000 1265.00000
805.00000 1.00000 1223.00000
806.00000 1.00000 1268.00000
807.00000 1.00000 1274.00000
808.00000 1.00000 1277.00000
809.00000 1.00000 1280.00000
810.00000 1.00000 1283.00000
811.00000 1.00000 1286.00000
812.00000 1.00000 1289.00000
813.00000 1.00000 1292.00000
814.00000 1.00000 1295.00000
815.00000 1.00000 1298.00000
816.00000 1.00000 1301.00000
817.00000 1.00000 1304.00000
818.00000 1.00000 1307.00000
819.00000 1.00000 1310.00000
820.00000 1.00000 1313.00000
821.00000 1.00000 1271.00000
822.00000 1.00000 1220.00000
823.00000 1.00000 1217.00000
824.00000 1.00000 1214.00000
825.00000 1.00000 1934.00000
826.00000 1.00000 1941.01975
827.00000 1.00000 1154.98459
828.00000 1.00000 1154.98706
829.00000 1.00000 1154.98751
830.00000 1.00000 1154.98759
831.00000 1.00000 1154.98776
832.00000 1.00000 1154.98808
833.00000 1.00000 1154.98809
834.00000 1.00000 1154.98810
835.00000 1.00000 1154.98812
836.00000 1.00000 1154.00000
837.00000 1.00000 1157.00000
838.00000 1.00000 1160.00000
839.00000 1.00000 1163.00000
840.00000 1.00000 1166.00000
841.00000 1.00000 1169.00000
842.00000 1.00000 1211.00000
843.00000 1.00000 1208.00000
844.00000 1.00000 1205.00000
845.00000 1.00000 1202.00000
846.00000 1.00000 1199.00000
847.00000 1.00000 1196.00000
848.00000 1.00000 1316.00000
849.00000 1.00000 1193.00000
850.00000 1.00000 1187.00000
851.00000 1.00000 1184.00000
852.00000 1.00000 1181.00000
853.00000 1.00000 1178.00000
854.00000 1.00000 1175.00000
855.00000 1.00000 1172.00000
856.00000 1.00000 1190.00000
857.00000 1.00000 1526.00000
858.00000 1.00000 1319.00000
859.00000 1.00000 1325.00000
860.00000 1.00000 1433.00000
861.00000 1.00000 1436.00000
862.00000 1.00000 1439.00000
863.00000 1.00000 1442.00000
864.00000 1.00000 1445.00000
865.00000 1.00000 1448.00000
866.00000 1.00000 1451.00000
867.00000 1.00000 1454.00000
868.00000 1.00000 1457.00000
869.00000 1.00000 1460.00000
870.00000 1.00000 1463.00000
871.00000 1.00000 1466.00000
872.00000 1.00000 1469.00000
873.00000 1.00000 1472.00000
874.00000 1.00000 1430.00000
875.00000 1.00000 1475.00000
876.00000 1.00000 1481.00000
877.00000 1.00000 1484.00000
878.00000 1.00000 1487.00000
879.00000 1.00000 1490.00000
880.00000 1.00000 1493.00000
881.00000 1.00000 1496.00000
882.00000 1.00000 1499.00000
883.00000 1.00000 1502.00000
884.00000 1.00000 1505.00000
885.00000 1.00000 1508.00000
886.00000 1.00000 1511.00000
887.00000 1.00000 1514.00000
888.00000 1.00000 1517.00000
889.00000 1.00000 1520.00000
890.00000 1.00000 1478.00000
891.00000 1.00000 1427.00000
892.00000 1.00000 1424.00000
893.00000 1.00000 1421.00000
894.00000 1.00000 1328.00000
895.00000 1.00000 1331.00000
896.00000 1.00000 1334.00000
897.00000 1.00000 1337.00000
898.00000 1.00000 1340.00000
899.00000 1.00000 1343.00000
900.00000 1.00000 1346.00000
901.00000 1.00000 1349.00000
902.00000 1.00000 1352.00000
903.00000 1.00000 1355.00000
904.00000 1.00000 1358.00000
905.00000 1.00000 1361.00000
906.00000 1.00000 1364.00000
907.00000 1.00000 1367.00000
908.00000 1.00000 1370.00000
909.00000 1.00000 1373.00000
910.00000 1.00000 1376.00000
911.00000 1.00000 1418.00000
912.00000 1.00000 1415.00000
913.00000 1.00000 1412.00000
914.00000 1.00000 1409.00000
915.00000 1.00000 1406.00000
916.00000 1.00000 1403.00000
917.00000 1.00000 1322.00000
918.00000 1.00000 1400.00000
919.00000 1.00000 1394.00000
920.00000 1.00000 1391.00000
921.00000 1.00000 1388.00000
922.00000 1.00000 1385.00000
923.00000 1.00000 1382.00000
924.00000 1.00000 1379.00000
925.00000 1.00000 1397.00000
926.00000 1.00000 1937.00000
