0.00000 0.47256 221.35417
1.00000 0.47256 217.08333
2.00000 0.47256 212.81250
3.00000 0.47256 208.54167
4.00000 0.47257 229.89583
5.00000 0.47257 200.00000
6.00000 0.47257 225.62500
7.00000 0.47257 204.27083
8.00000 0.47257 200.00427
9.00000 0.47258 234.16667
10.00000 0.47259 238.43750
11.00000 0.47260 242.70833
12.00000 0.47262 246.97917
13.00000 0.47264 251.25000
14.00000 0.47265 255.52083
15.00000 0.47268 259.79167
16.00000 0.47270 264.06250
17.00000 0.47273 268.33333
18.00000 0.47276 272.60417
19.00000 0.47279 276.87500
20.00000 0.47283 281.14583
21.00000 0.47287 285.41667
22.00000 0.47291 289.68750
23.00000 0.47295 293.95833
24.00000 0.47300 298.22917
25.00000 0.47305 302.50000
26.00000 0.47311 306.77083
27.00000 0.47317 311.04167
28.00000 0.47323 315.31250
29.00000 0.47330 319.58333
30.00000 0.47337 323.85417
31.00000 0.47344 328.12500
32.00000 0.47352 332.39583
33.00000 0.47360 336.66667
34.00000 0.47369 340.93750
35.00000 0.47378 345.20833
36.00000 0.47387 349.47917
37.00000 0.47397 353.75000
38.00000 0.47408 358.02083
39.00000 0.47419 362.29167
40.00000 0.47431 366.56250
41.00000 0.47443 370.83333
42.00000 0.47456 375.10417
43.00000 0.47469 379.37500
44.00000 0.47483 383.64583
45.00000 0.47498 387.91667
46.00000 0.47513 392.18750
47.00000 0.47529 396.45833
48.00000 0.47546 400.72917
49.00000 0.47563 405.00000
50.00000 0.47581 409.27083
51.00000 0.47600 413.54166
52.00000 0.47620 417.81250
53.00000 0.47641 422.08333
54.00000 0.47663 426.35416
55.00000 0.47686 430.62500
56.00000 0.47710 434.89583
57.00000 0.47735 439.16666
58.00000 0.47761 443.43750
59.00000 0.47788 447.70833
60.00000 0.47817 451.97916
61.00000 0.47847 456.25000
62.00000 0.47879 460.52083
63.00000 0.47911 464.79166
64.00000 0.47943 469.06250
65.00000 0.47976 473.33333
66.00000 0.48009 477.60416
67.00000 0.48043 481.87500
68.00000 0.48077 486.14583
69.00000 0.48111 490.41666
70.00000 0.48146 494.68750
71.00000 0.48181 498.95833
72.00000 0.48216 503.22916
73.00000 0.48251 507.50000
74.00000 0.48286 511.77083
75.00000 0.48322 516.04166
76.00000 0.48358 520.31250
77.00000 0.48394 524.58333
78.00000 0.48430 528.85416
79.00000 0.48466 533.12500
80.00000 0.48502 537.39583
81.00000 0.48538 541.66666
82.00000 0.48575 545.93750
83.00000 0.48611 550.20833
84.00000 0.48648 554.47916
85.00000 0.48685 558.75000
86.00000 0.48722 563.02083
87.00000 0.48759 567.29166
88.00000 0.48796 571.56250
89.00000 0.48833 575.83333
90.00000 0.48870 580.10416
91.00000 0.48907 584.37500
92.00000 0.48944 588.64583
93.00000 0.48981 592.91666
94.00000 0.49018 597.18750
95.00000 0.49056 601.45833
96.00000 0.49093 605.72916
97.00000 0.49130 610.00000
98.00000 0.49168 614.27083
99.00000 0.49205 618.54166
100.00000 0.49243 622.81250
101.00000 0.49280 627.08333
102.00000 0.49317 631.35416
103.00000 0.49355 635.62500
104.00000 0.49392 639.89583
105.00000 0.49430 644.16666
106.00000 0.49468 648.43750
107.00000 0.49505 652.70833
108.00000 0.49543 656.97916
109.00000 0.49580 661.25000
110.00000 0.49618 665.52083
111.00000 0.49656 669.79166
112.00000 0.49693 674.06250
113.00000 0.49731 678.33333
114.00000 0.49769 682.60416
115.00000 0.49806 686.87500
116.00000 0.49844 691.14583
117.00000 0.49882 695.41666
118.00000 0.49919 699.68750
119.00000 0.49957 703.95833
120.00000 0.49995 708.22916
121.00000 0.50032 712.50000
122.00000 0.50070 716.77083
123.00000 0.50108 721.04166
124.00000 0.50146 725.31250
125.00000 0.50183 729.58333
126.00000 0.50221 733.85416
127.00000 0.50259 738.12500
128.00000 0.50297 742.39583
129.00000 0.50334 746.66666
130.00000 0.50372 750.93750
131.00000 0.50410 755.20833
132.00000 0.50448 759.47916
133.00000 0.50486 763.75000
134.00000 0.50523 768.02083
135.00000 0.50561 772.29166
136.00000 0.50599 776.56250
137.00000 0.50637 780.83333
138.00000 0.50675 785.10416
139.00000 0.50713 789.37500
140.00000 0.50750 793.64583
141.00000 0.50788 797.91666
142.00000 0.50826 802.18750
143.00000 0.50864 806.45833
144.00000 0.50902 810.72916
145.00000 0.50940 815.00000
146.00000 0.50978 819.27083
147.00000 0.51016 823.54166
148.00000 0.51053 827.81250
149.00000 0.51091 832.08333
150.00000 0.51129 836.35416
151.00000 0.51167 840.62500
152.00000 0.51205 844.89583
153.00000 0.51243 849.16666
154.00000 0.51281 853.43749
155.00000 0.51319 857.70833
156.00000 0.51357 861.97916
157.00000 0.51395 866.24999
158.00000 0.51433 870.52083
159.00000 0.51471 874.79166
160.00000 0.51509 879.06249
161.00000 0.51547 883.33333
162.00000 0.51585 887.60416
163.00000 0.51623 891.87499
164.00000 0.51661 896.14583
165.00000 0.51700 900.41666
166.00000 0.51738 904.68749
167.00000 0.51776 908.95833
168.00000 0.51814 913.22916
169.00000 0.51852 917.49999
170.00000 0.51890 921.77083
171.00000 0.51929 926.04166
172.00000 0.51967 930.31249
173.00000 0.52005 934.58333
174.00000 0.52043 938.85416
175.00000 0.52082 943.12499
176.00000 0.52120 947.39583
177.00000 0.52158 951.66666
178.00000 0.52196 955.93749
179.00000 0.52235 960.20833
180.00000 0.52273 964.47916
181.00000 0.52312 968.74999
182.00000 0.52350 973.02083
183.00000 0.52388 977.29166
184.00000 0.52427 981.56249
185.00000 0.52465 985.83333
186.00000 0.52504 990.10416
187.00000 0.52542 994.37499
188.00000 0.52581 998.64583
189.00000 0.52620 1002.91666
190.00000 0.52658 1007.18749
191.00000 0.52697 1011.45833
192.00000 0.52736 1015.72916
193.00000 0.52774 1019.99999
194.00000 0.52813 1024.27083
195.00000 0.52852 1028.54166
196.00000 0.52890 1032.81249
197.00000 0.52929 1037.08333
198.00000 0.52968 1041.35416
199.00000 0.53007 1045.62499
200.00000 0.53046 1049.89583
201.00000 0.53085 1054.16666
202.00000 0.53124 1058.43749
203.00000 0.53163 1062.70833
204.00000 0.53202 1066.97916
205.00000 0.53241 1071.24999
206.00000 0.53280 1075.52083
207.00000 0.53319 1079.79166
208.00000 0.53359 1084.06249
209.00000 0.53398 1088.33333
210.00000 0.53437 1092.60416
211.00000 0.53476 1096.87499
212.00000 0.53516 1101.14583
213.00000 0.53555 1105.41666
214.00000 0.53595 1109.68749
215.00000 0.53634 1113.95833
216.00000 0.53674 1118.22916
217.00000 0.53713 1122.49999
218.00000 0.53753 1126.77083
219.00000 0.53793 1131.04166
220.00000 0.53832 1135.31249
221.00000 0.53872 1139.58333
222.00000 0.53912 1143.85416
223.00000 0.53952 1148.12499
224.00000 0.53991 1152.39583
225.00000 0.54031 1156.66666
226.00000 0.54071 1160.93749
227.00000 0.54111 1165.20833
228.00000 0.54152 1169.47916
229.00000 0.54192 1173.74999
230.00000 0.54232 1178.02083
231.00000 0.54272 1182.29166
232.00000 0.54312 1186.56249
233.00000 0.54353 1190.83333
234.00000 0.54393 1195.10416
235.00000 0.54434 1199.37499
236.00000 0.54474 1203.64583
237.00000 0.54515 1207.91666
238.00000 0.54555 1212.18749
239.00000 0.54596 1216.45833
240.00000 0.54637 1220.72916
241.00000 0.54677 1224.99999
242.00000 0.54718 1229.27083
243.00000 0.54759 1233.54166
244.00000 0.54800 1237.81249
245.00000 0.54841 1242.08333
246.00000 0.54882 1246.35416
247.00000 0.54923 1250.62499
248.00000 0.54964 1254.89583
249.00000 0.55005 1259.16666
250.00000 0.55047 1263.43749
251.00000 0.55088 1267.70833
252.00000 0.55129 1271.97916
253.00000 0.55171 1276.24999
254.00000 0.55212 1280.52082
255.00000 0.55254 1284.79166
256.00000 0.55296 1289.06249
257.00000 0.55337 1293.33332
258.00000 0.55379 1297.60416
259.00000 0.55421 1301.87499
260.00000 0.55463 1306.14582
261.00000 0.55505 1310.41666
262.00000 0.55547 1314.68749
263.00000 0.55589 1318.95832
264.00000 0.55631 1323.22916
265.00000 0.55673 1327.49999
266.00000 0.55715 1331.77082
267.00000 0.55758 1336.04166
268.00000 0.55800 1340.31249
269.00000 0.55842 1344.58332
270.00000 0.55885 1348.85416
271.00000 0.55928 1353.12499
272.00000 0.55970 1357.39582
273.00000 0.56013 1361.66666
274.00000 0.56056 1365.93749
275.00000 0.56099 1370.20832
276.00000 0.56141 1374.47916
277.00000 0.56184 1378.74999
278.00000 0.56227 1383.02082
279.00000 0.56271 1387.29166
280.00000 0.56314 1391.56249
281.00000 0.56357 1395.83332
282.00000 0.56400 1400.10416
283.00000 0.56444 1404.37499
284.00000 0.56487 1408.64582
285.00000 0.56531 1412.91666
286.00000 0.56574 1417.18749
287.00000 0.56618 1421.45832
288.00000 0.56662 1425.72916
289.00000 0.56705 1429.99999
290.00000 0.56749 1434.27082
291.00000 0.56793 1438.54166
292.00000 0.56837 1442.81249
293.00000 0.56881 1447.08332
294.00000 0.56925 1451.35416
295.00000 0.56969 1455.62499
296.00000 0.57014 1459.89582
297.00000 0.57058 1464.16666
298.00000 0.57102 1468.43749
299.00000 0.57144 1472.43227
300.00000 0.57144 1472.43227
301.00000 0.57144 1472.43654
302.00000 0.57600 1476.70310
303.00000 0.58057 1480.97394
304.00000 0.58514 1485.24477
305.00000 0.58972 1489.51560
306.00000 0.59431 1493.78644
307.00000 0.59892 1498.05727
308.00000 0.60354 1502.32810
309.00000 0.60819 1506.59894
310.00000 0.61286 1510.86977
311.00000 0.61756 1515.14060
312.00000 0.62229 1519.41144
313.00000 0.62707 1523.68227
314.00000 0.63188 1527.95310
315.00000 0.63674 1532.22394
316.00000 0.64166 1536.49477
317.00000 0.64664 1540.76560
318.00000 0.65168 1545.03644
319.00000 0.65679 1549.30727
320.00000 0.66198 1553.57810
321.00000 0.66726 1557.84894
322.00000 0.67264 1562.11977
323.00000 0.67812 1566.39060
324.00000 0.68372 1570.66144
325.00000 0.68374 1570.67511
326.00000 0.68374 1570.67084
327.00000 0.68374 1570.67511
328.00000 0.68484 1566.40427
329.00000 0.68593 1562.13344
330.00000 0.68699 1557.86261
331.00000 0.68803 1553.59177
332.00000 0.68905 1549.32094
333.00000 0.69005 1545.05011
334.00000 0.69103 1540.77927
335.00000 0.69200 1536.50844
336.00000 0.69294 1532.23761
337.00000 0.69387 1527.96677
338.00000 0.69479 1523.69594
339.00000 0.69569 1519.42511
340.00000 0.69657 1515.15427
341.00000 0.69744 1510.88344
342.00000 0.69830 1506.61261
343.00000 0.69914 1502.34177
344.00000 0.69996 1498.07094
345.00000 0.70078 1493.80011
346.00000 0.70158 1489.52927
347.00000 0.70237 1485.25844
348.00000 0.70314 1480.98761
349.00000 0.70391 1476.71677
350.00000 0.70466 1472.44594
351.00000 0.70540 1468.17511
352.00000 0.70614 1463.90427
353.00000 0.70686 1459.63344
354.00000 0.70757 1455.36261
355.00000 0.70827 1451.09177
356.00000 0.70896 1446.82094
357.00000 0.70964 1442.55011
358.00000 0.71031 1438.27927
359.00000 0.71097 1434.00844
360.00000 0.71163 1429.73761
361.00000 0.71227 1425.46677
362.00000 0.71291 1421.19594
363.00000 0.71353 1416.92511
364.00000 0.71415 1412.65427
365.00000 0.71476 1408.38344
366.00000 0.71537 1404.11261
367.00000 0.71596 1399.84178
368.00000 0.71655 1395.57094
369.00000 0.71713 1391.30011
370.00000 0.71770 1387.02928
371.00000 0.71827 1382.75844
372.00000 0.71883 1378.48761
373.00000 0.71938 1374.21678
374.00000 0.71992 1369.94594
375.00000 0.72046 1365.67511
376.00000 0.72099 1361.40428
377.00000 0.72152 1357.13344
378.00000 0.72203 1352.86261
379.00000 0.72255 1348.59178
380.00000 0.72305 1344.32094
381.00000 0.72355 1340.05011
382.00000 0.72405 1335.77928
383.00000 0.72453 1331.50844
384.00000 0.72502 1327.23761
385.00000 0.72549 1322.96678
386.00000 0.72596 1318.69594
387.00000 0.72643 1314.42511
388.00000 0.72689 1310.15428
389.00000 0.72734 1305.88344
390.00000 0.72779 1301.61261
391.00000 0.72824 1297.34178
392.00000 0.72868 1293.07094
393.00000 0.72911 1288.80011
394.00000 0.72954 1284.52928
395.00000 0.72996 1280.25844
396.00000 0.73038 1275.98761
397.00000 0.73080 1271.71678
398.00000 0.73121 1267.44594
399.00000 0.73161 1263.17511
400.00000 0.73201 1258.90428
401.00000 0.73241 1254.63344
402.00000 0.73249 200.00000
403.00000 0.73278 204.00845
404.00000 0.73280 1250.36261
405.00000 0.73308 208.27928
406.00000 0.73319 1246.09178
407.00000 0.73338 212.55012
408.00000 0.73357 1241.82094
409.00000 0.73368 216.82095
410.00000 0.73395 1237.55011
411.00000 0.73398 221.09178
412.00000 0.73428 225.36262
413.00000 0.73432 1233.27928
414.00000 0.73458 229.63345
415.00000 0.73469 1229.00844
416.00000 0.73487 233.90428
417.00000 0.73506 1224.73761
418.00000 0.73517 238.17512
419.00000 0.73542 1220.46678
420.00000 0.73546 242.44595
421.00000 0.73575 246.71678
422.00000 0.73577 1216.19594
423.00000 0.73604 250.98762
424.00000 0.73613 1211.92511
425.00000 0.73633 255.25845
426.00000 0.73647 1207.65428
427.00000 0.73661 259.52928
428.00000 0.73682 1203.38344
429.00000 0.73690 263.80012
430.00000 0.73716 1199.11261
431.00000 0.73718 268.07095
432.00000 0.73747 272.34178
433.00000 0.73750 1194.84178
434.00000 0.73775 276.61262
435.00000 0.73783 1190.57094
436.00000 0.73803 280.88345
437.00000 0.73816 1186.30011
438.00000 0.73831 285.15428
439.00000 0.73848 1182.02928
440.00000 0.73859 289.42512
441.00000 0.73881 1177.75844
442.00000 0.73886 293.69595
443.00000 0.73912 1173.48761
444.00000 0.73914 297.96678
445.00000 0.73941 302.23762
446.00000 0.73944 1169.21678
447.00000 0.73968 306.50845
448.00000 0.73975 1164.94594
449.00000 0.73995 310.77928
450.00000 0.74006 1160.67511
451.00000 0.74022 315.05012
452.00000 0.74036 1156.40428
453.00000 0.74049 319.32095
454.00000 0.74066 1152.13344
455.00000 0.74075 323.59178
456.00000 0.74095 1147.86261
457.00000 0.74102 327.86262
458.00000 0.74125 1143.59178
459.00000 0.74128 332.13345
460.00000 0.74154 336.40428
461.00000 0.74154 1139.32094
462.00000 0.74180 340.67512
463.00000 0.74182 1135.05011
464.00000 0.74206 344.94595
465.00000 0.74210 1130.77928
466.00000 0.74231 349.21678
467.00000 0.74238 1126.50844
468.00000 0.74257 353.48762
469.00000 0.74266 1122.23761
470.00000 0.74282 357.75845
471.00000 0.74293 1117.96678
472.00000 0.74307 362.02928
473.00000 0.74320 1113.69594
474.00000 0.74332 366.30012
475.00000 0.74346 1109.42511
476.00000 0.74357 370.57095
477.00000 0.74372 1105.15428
478.00000 0.74381 374.84178
479.00000 0.74398 1100.88344
480.00000 0.74406 379.11262
481.00000 0.74424 1096.61261
482.00000 0.74430 383.38345
483.00000 0.74449 1092.34178
484.00000 0.74454 387.65428
485.00000 0.74474 1088.07094
486.00000 0.74477 391.92512
487.00000 0.74498 1083.80011
488.00000 0.74501 396.19595
489.00000 0.74523 1079.52928
490.00000 0.74524 400.46678
491.00000 0.74547 1075.25844
492.00000 0.74548 404.73762
493.00000 0.74570 1070.98761
494.00000 0.74570 409.00845
495.00000 0.74593 413.27928
496.00000 0.74594 1066.71678
497.00000 0.74616 417.55012
498.00000 0.74617 1062.44594
499.00000 0.74638 421.82095
500.00000 0.74639 1058.17511
501.00000 0.74660 426.09178
502.00000 0.74662 1053.90428
503.00000 0.74682 430.36262
504.00000 0.74684 1049.63344
505.00000 0.74704 434.63345
506.00000 0.74705 1045.36261
507.00000 0.74725 438.90428
508.00000 0.74727 1041.09178
509.00000 0.74746 443.17512
510.00000 0.74748 1036.82094
511.00000 0.74767 447.44595
512.00000 0.74769 1032.55011
513.00000 0.74788 451.71678
514.00000 0.74789 1028.27928
515.00000 0.74808 455.98762
516.00000 0.74809 1024.00844
517.00000 0.74828 460.25845
518.00000 0.74829 1019.73761
519.00000 0.74848 464.52928
520.00000 0.74849 1015.46678
521.00000 0.74868 468.80012
522.00000 0.74868 1011.19594
523.00000 0.74887 1006.92511
524.00000 0.74887 473.07095
525.00000 0.74906 477.34178
526.00000 0.74906 1002.65428
527.00000 0.74924 998.38344
528.00000 0.74925 481.61262
529.00000 0.74942 994.11261
530.00000 0.74944 485.88345
531.00000 0.74960 989.84178
532.00000 0.74962 490.15428
533.00000 0.74978 985.57094
534.00000 0.74980 494.42512
535.00000 0.74995 981.30011
536.00000 0.74998 498.69595
537.00000 0.75012 977.02928
538.00000 0.75015 502.96678
539.00000 0.75029 972.75845
540.00000 0.75032 507.23762
541.00000 0.75045 968.48761
542.00000 0.75049 511.50845
543.00000 0.75061 964.21678
544.00000 0.75066 515.77928
545.00000 0.75077 959.94595
546.00000 0.75082 520.05012
547.00000 0.75092 955.67511
548.00000 0.75098 524.32095
549.00000 0.75108 951.40428
550.00000 0.75114 528.59178
551.00000 0.75123 947.13345
552.00000 0.75129 532.86262
553.00000 0.75137 942.86261
554.00000 0.75144 537.13345
555.00000 0.75151 938.59178
556.00000 0.75159 541.40428
557.00000 0.75166 934.32095
558.00000 0.75174 545.67512
559.00000 0.75179 930.05011
560.00000 0.75188 549.94595
561.00000 0.75193 925.77928
562.00000 0.75202 554.21678
563.00000 0.75206 921.50845
564.00000 0.75215 558.48761
565.00000 0.75219 917.23761
566.00000 0.75229 562.75845
567.00000 0.75231 912.96678
568.00000 0.75242 567.02928
569.00000 0.75244 908.69595
570.00000 0.75254 571.30011
571.00000 0.75256 904.42511
572.00000 0.75266 575.57095
573.00000 0.75267 900.15428
574.00000 0.75278 579.84178
575.00000 0.75279 895.88345
576.00000 0.75290 584.11261
577.00000 0.75290 891.61261
578.00000 0.75301 887.34178
579.00000 0.75301 588.38345
580.00000 0.75311 883.07095
581.00000 0.75313 592.65428
582.00000 0.75322 878.80011
583.00000 0.75323 596.92511
584.00000 0.75332 874.52928
585.00000 0.75334 601.19595
586.00000 0.75341 870.25845
587.00000 0.75344 605.46678
588.00000 0.75351 865.98761
589.00000 0.75353 609.73761
590.00000 0.75360 861.71678
591.00000 0.75363 614.00845
592.00000 0.75369 857.44595
593.00000 0.75372 618.27928
594.00000 0.75377 853.17511
595.00000 0.75381 622.55011
596.00000 0.75385 848.90428
597.00000 0.75389 626.82095
598.00000 0.75393 844.63345
599.00000 0.75397 631.09178
600.00000 0.75401 840.36261
601.00000 0.75405 635.36261
602.00000 0.75408 836.09178
603.00000 0.75412 639.63345
604.00000 0.75415 831.82095
605.00000 0.75420 643.90428
606.00000 0.75422 827.55011
607.00000 0.75426 648.17511
608.00000 0.75429 823.27928
609.00000 0.75433 652.44595
610.00000 0.75435 819.00845
611.00000 0.75439 656.71678
612.00000 0.75441 814.73761
613.00000 0.75445 660.98761
614.00000 0.75446 810.46678
615.00000 0.75450 665.25845
616.00000 0.75451 806.19595
617.00000 0.75455 669.52928
618.00000 0.75456 801.92511
619.00000 0.75460 673.80011
620.00000 0.75461 797.65428
621.00000 0.75465 678.07095
622.00000 0.75465 793.38345
623.00000 0.75469 789.11261
624.00000 0.75469 682.34178
625.00000 0.75473 686.61261
626.00000 0.75473 784.84178
627.00000 0.75476 690.88345
628.00000 0.75477 780.57095
629.00000 0.75479 695.15428
630.00000 0.75480 776.30011
631.00000 0.75482 772.02928
632.00000 0.75482 699.42511
633.00000 0.75485 767.75845
634.00000 0.75485 703.69595
635.00000 0.75487 763.48761
636.00000 0.75487 707.96678
637.00000 0.75489 759.21678
638.00000 0.75489 712.23761
639.00000 0.75491 716.50845
640.00000 0.75491 754.94595
641.00000 0.75492 750.67511
642.00000 0.75492 720.77928
643.00000 0.75493 746.40428
644.00000 0.75493 729.32095
645.00000 0.75493 742.13345
646.00000 0.75493 725.05011
647.00000 0.75494 737.86261
648.00000 0.75494 733.59178
