0.00000 0.76753 1570.67511
1.00000 0.76753 1570.67084
2.00000 0.76753 1570.67511
3.00000 0.76753 1570.67938
4.00000 0.76959 1574.94594
5.00000 0.76966 1566.40427
6.00000 0.77166 1579.21677
7.00000 0.77177 1562.13344
8.00000 0.77372 1583.48761
9.00000 0.77383 1557.86261
10.00000 0.77579 1587.75844
11.00000 0.77587 1553.59177
12.00000 0.77786 1592.02927
13.00000 0.77787 1549.32094
14.00000 0.77984 1545.05011
15.00000 0.77993 1596.30011
16.00000 0.78178 1540.77927
17.00000 0.78200 1600.57094
18.00000 0.78369 1536.50844
19.00000 0.78407 1604.84177
20.00000 0.78557 1532.23761
21.00000 0.78614 1609.11261
22.00000 0.78742 1527.96677
23.00000 0.78821 1613.38344
24.00000 0.78925 1523.69594
25.00000 0.79028 1617.65427
26.00000 0.79105 1519.42511
27.00000 0.79235 1621.92511
28.00000 0.79283 1515.15427
29.00000 0.79442 1626.19594
30.00000 0.79458 1510.88344
31.00000 0.79631 1506.61261
32.00000 0.79649 1630.46677
33.00000 0.79802 1502.34177
34.00000 0.79857 1634.73761
35.00000 0.79971 1498.07094
36.00000 0.80064 1639.00844
37.00000 0.80137 1493.80011
38.00000 0.80271 1643.27927
39.00000 0.80301 1489.52927
40.00000 0.80464 1485.25844
41.00000 0.80479 1647.55011
42.00000 0.80624 1480.98761
43.00000 0.80686 1651.82094
44.00000 0.80782 1476.71677
45.00000 0.80893 1656.09177
46.00000 0.80939 1472.44594
47.00000 0.81093 1468.17511
48.00000 0.81101 1660.36261
49.00000 0.81246 1463.90427
50.00000 0.81308 1664.63344
51.00000 0.81397 1459.63344
52.00000 0.81516 1668.90427
53.00000 0.81547 1455.36261
54.00000 0.81695 1451.09177
55.00000 0.81723 1673.17511
56.00000 0.81841 1446.82094
57.00000 0.81930 1677.44594
58.00000 0.81986 1442.55011
59.00000 0.82129 1438.27927
60.00000 0.82137 1681.71677
61.00000 0.82271 1434.00844
62.00000 0.82345 1685.98761
63.00000 0.82411 1429.73761
64.00000 0.82550 1425.46677
65.00000 0.82552 1690.25844
66.00000 0.82687 1421.19594
67.00000 0.82759 1694.52927
68.00000 0.82823 1416.92511
69.00000 0.82958 1412.65427
70.00000 0.82966 1698.80011
71.00000 0.83091 1408.38344
72.00000 0.83172 1703.07094
73.00000 0.83224 1404.11261
74.00000 0.83354 1399.84178
75.00000 0.83379 1707.34177
76.00000 0.83484 1395.57094
77.00000 0.83586 1711.61261
78.00000 0.83613 1391.30011
79.00000 0.83740 1387.02928
80.00000 0.83792 1715.88344
81.00000 0.83866 1382.75844
82.00000 0.83991 1378.48761
83.00000 0.83998 1720.15427
84.00000 0.84115 1374.21678
85.00000 0.84204 1724.42511
86.00000 0.84238 1369.94594
87.00000 0.84360 1365.67511
88.00000 0.84410 1728.69594
89.00000 0.84481 1361.40428
90.00000 0.84601 1357.13344
91.00000 0.84615 1732.96677
92.00000 0.84720 1352.86261
93.00000 0.84821 1737.23761
94.00000 0.84838 1348.59178
95.00000 0.84955 1344.32094
96.00000 0.85026 1741.50844
97.00000 0.85071 1340.05011
98.00000 0.85186 1335.77928
99.00000 0.85230 1745.77927
100.00000 0.85300 1331.50844
101.00000 0.85414 1327.23761
102.00000 0.85435 1750.05011
103.00000 0.85526 1322.96678
104.00000 0.85638 1318.69594
105.00000 0.85639 1754.32094
106.00000 0.85748 1314.42511
107.00000 0.85842 1758.59177
108.00000 0.85858 1310.15428
109.00000 0.85968 1305.88344
110.00000 0.86045 1762.86261
111.00000 0.86076 1301.61261
112.00000 0.86184 1297.34178
113.00000 0.86248 1767.13344
114.00000 0.86290 1293.07094
115.00000 0.86396 1288.80011
116.00000 0.86450 1771.40427
117.00000 0.86502 1284.52928
118.00000 0.86606 1280.25844
119.00000 0.86652 1775.67511
120.00000 0.86710 1275.98761
121.00000 0.86814 1271.71678
122.00000 0.86853 1779.94594
123.00000 0.86916 1267.44594
124.00000 0.87018 1263.17511
125.00000 0.87054 1784.21677
126.00000 0.87119 1258.90428
127.00000 0.87220 1254.63344
128.00000 0.87254 1788.48761
129.00000 0.87320 1250.36261
130.00000 0.87419 1246.09178
131.00000 0.87453 1792.75844
132.00000 0.87518 1241.82094
133.00000 0.87616 1237.55011
134.00000 0.87652 1797.02927
135.00000 0.87713 1233.27928
136.00000 0.87810 1229.00844
137.00000 0.87850 1801.30011
138.00000 0.87906 1224.73761
139.00000 0.88002 1220.46678
140.00000 0.88047 1805.57094
141.00000 0.88097 1216.19594
142.00000 0.88191 1211.92511
143.00000 0.88244 1809.84177
144.00000 0.88285 1207.65428
145.00000 0.88379 1203.38344
146.00000 0.88440 1814.11261
147.00000 0.88472 1199.11261
148.00000 0.88564 1194.84178
149.00000 0.88635 1818.38344
150.00000 0.88656 1190.57094
151.00000 0.88748 1186.30011
152.00000 0.88829 1822.65427
153.00000 0.88838 1182.02928
154.00000 0.88929 1177.75844
155.00000 0.89019 1173.48761
156.00000 0.89022 1826.92511
157.00000 0.89108 1169.21678
158.00000 0.89197 1164.94594
159.00000 0.89215 1831.19594
160.00000 0.89286 1160.67511
161.00000 0.89374 1156.40428
162.00000 0.89406 1835.46677
163.00000 0.89461 1152.13344
164.00000 0.89548 1147.86261
165.00000 0.89597 1839.73760
166.00000 0.89635 1143.59178
167.00000 0.89721 1139.32094
168.00000 0.89786 1844.00844
169.00000 0.89807 1135.05011
170.00000 0.89892 1130.77928
171.00000 0.89975 1848.27927
172.00000 0.89977 1126.50844
173.00000 0.90062 1122.23761
174.00000 0.90146 1117.96678
175.00000 0.90162 1852.55010
176.00000 0.90230 1113.69594
177.00000 0.90313 1109.42511
178.00000 0.90349 1856.82094
179.00000 0.90396 1105.15428
180.00000 0.90479 1100.88344
181.00000 0.90534 1861.09177
182.00000 0.90561 1096.61261
183.00000 0.90643 1092.34178
184.00000 0.90718 1865.36260
185.00000 0.90724 1088.07094
186.00000 0.90805 1083.80011
187.00000 0.90886 1079.52928
188.00000 0.90901 1869.63344
189.00000 0.90966 1075.25844
190.00000 0.91046 1070.98761
191.00000 0.91083 1873.90427
192.00000 0.91126 1066.71678
193.00000 0.91205 1062.44594
194.00000 0.91263 1878.17510
195.00000 0.91284 1058.17511
196.00000 0.91362 1053.90428
197.00000 0.91440 1049.63344
198.00000 0.91442 1882.44594
199.00000 0.91518 1045.36261
200.00000 0.91596 1041.09178
201.00000 0.91620 1886.71677
202.00000 0.91673 1036.82094
203.00000 0.91750 1032.55011
204.00000 0.91797 1890.98760
205.00000 0.91827 1028.27928
206.00000 0.91903 1024.00844
207.00000 0.91972 1895.25844
208.00000 0.91979 1019.73761
209.00000 0.92055 1015.46678
210.00000 0.92130 1011.19594
211.00000 0.92146 1899.52927
212.00000 0.92205 1006.92511
213.00000 0.92280 1002.65428
214.00000 0.92319 1903.80010
215.00000 0.92354 998.38344
216.00000 0.92428 994.11261
217.00000 0.92490 1908.07094
218.00000 0.92502 989.84178
219.00000 0.92575 985.57094
220.00000 0.92649 981.30011
221.00000 0.92659 1912.34177
222.00000 0.92722 977.02928
223.00000 0.92794 972.75845
224.00000 0.92828 1916.61260
225.00000 0.92867 968.48761
226.00000 0.92939 964.21678
227.00000 0.92994 1920.88344
228.00000 0.93010 959.94595
229.00000 0.93082 955.67511
230.00000 0.93153 951.40428
231.00000 0.93160 1925.15427
232.00000 0.93224 947.13345
233.00000 0.93295 942.86261
234.00000 0.93323 1929.42510
235.00000 0.93365 938.59178
236.00000 0.93435 934.32095
237.00000 0.93485 1933.69594
238.00000 0.93505 930.05011
239.00000 0.93575 925.77928
240.00000 0.93644 921.50845
241.00000 0.93646 1937.96677
242.00000 0.93713 917.23761
243.00000 0.93782 912.96678
244.00000 0.93805 1942.23760
245.00000 0.93850 908.69595
246.00000 0.93919 904.42511
247.00000 0.93962 1946.50844
248.00000 0.93987 900.15428
249.00000 0.94054 895.88345
250.00000 0.94118 1950.77927
251.00000 0.94122 891.61261
252.00000 0.94189 887.34178
253.00000 0.94256 883.07095
254.00000 0.94272 1955.05010
255.00000 0.94323 878.80011
256.00000 0.94389 874.52928
257.00000 0.94425 1959.32094
258.00000 0.94455 870.25845
259.00000 0.94521 865.98761
260.00000 0.94576 1963.59177
261.00000 0.94587 861.71678
262.00000 0.94652 857.44595
263.00000 0.94717 853.17511
264.00000 0.94725 1967.86260
265.00000 0.94782 848.90428
266.00000 0.94846 844.63345
267.00000 0.94872 1972.13344
268.00000 0.94911 840.36261
269.00000 0.94975 836.09178
270.00000 0.95018 1976.40427
271.00000 0.95038 831.82095
272.00000 0.95102 827.55011
273.00000 0.95162 1980.67510
274.00000 0.95165 823.27928
275.00000 0.95228 819.00845
276.00000 0.95291 814.73761
277.00000 0.95305 1984.94594
278.00000 0.95353 810.46678
279.00000 0.95416 806.19595
280.00000 0.95445 1989.21677
281.00000 0.95477 801.92511
282.00000 0.95539 797.65428
283.00000 0.95584 1993.48760
284.00000 0.95600 793.38345
285.00000 0.95662 789.11261
286.00000 0.95721 1997.75844
287.00000 0.95722 784.84178
288.00000 0.95783 780.57095
289.00000 0.95843 776.30011
290.00000 0.95857 2002.02927
291.00000 0.95903 772.02928
292.00000 0.95963 767.75845
293.00000 0.95990 2006.30010
294.00000 0.96022 763.48761
295.00000 0.96081 759.21678
296.00000 0.96122 2010.57094
297.00000 0.96140 754.94595
298.00000 0.96199 750.67511
299.00000 0.96252 2014.84177
300.00000 0.96257 746.40428
301.00000 0.96315 742.13345
302.00000 0.96373 737.86261
303.00000 0.96381 2019.11260
304.00000 0.96430 733.59178
305.00000 0.96487 729.32095
306.00000 0.96507 2023.38344
307.00000 0.96544 725.05011
308.00000 0.96601 720.77928
309.00000 0.96632 2027.65427
310.00000 0.96657 716.50845
311.00000 0.96713 712.23761
312.00000 0.96755 2031.92510
313.00000 0.96768 707.96678
314.00000 0.96823 703.69595
315.00000 0.96877 2036.19594
316.00000 0.96878 699.42511
317.00000 0.96933 695.15428
318.00000 0.96987 690.88345
319.00000 0.96996 2040.46677
320.00000 0.97041 686.61261
321.00000 0.97095 682.34178
322.00000 0.97114 2044.73760
323.00000 0.97148 678.07095
324.00000 0.97201 673.80011
325.00000 0.97230 2049.00844
326.00000 0.97253 669.52928
327.00000 0.97305 665.25845
328.00000 0.97344 2053.27927
329.00000 0.97357 660.98761
330.00000 0.97409 656.71678
331.00000 0.97457 2057.55010
332.00000 0.97460 652.44595
333.00000 0.97511 648.17511
334.00000 0.97561 643.90428
335.00000 0.97567 2061.82094
336.00000 0.97611 639.63345
337.00000 0.97661 635.36261
338.00000 0.97676 2066.09177
339.00000 0.97710 631.09178
340.00000 0.97759 626.82095
341.00000 0.97784 2070.36260
342.00000 0.97807 622.55011
343.00000 0.97855 618.27928
344.00000 0.97889 2074.63344
345.00000 0.97903 614.00845
346.00000 0.97950 609.73761
347.00000 0.97993 2078.90427
348.00000 0.97997 605.46678
349.00000 0.98043 601.19595
350.00000 0.98089 596.92511
351.00000 0.98095 2083.17510
352.00000 0.98135 592.65428
353.00000 0.98180 588.38345
354.00000 0.98195 2087.44594
355.00000 0.98225 584.11261
356.00000 0.98269 579.84178
357.00000 0.98294 2091.71677
358.00000 0.98312 575.57095
359.00000 0.98356 571.30011
360.00000 0.98390 2095.98760
361.00000 0.98399 567.02928
362.00000 0.98441 562.75845
363.00000 0.98483 558.48761
364.00000 0.98485 2100.25844
365.00000 0.98524 554.21678
366.00000 0.98565 549.94595
367.00000 0.98579 2104.52927
368.00000 0.98605 545.67512
369.00000 0.98645 541.40428
370.00000 0.98670 2108.80010
371.00000 0.98685 537.13345
372.00000 0.98723 532.86262
373.00000 0.98760 2113.07094
374.00000 0.98762 528.59178
375.00000 0.98800 524.32095
376.00000 0.98837 520.05012
377.00000 0.98849 2117.34177
378.00000 0.98873 515.77928
379.00000 0.98910 511.50845
380.00000 0.98935 2121.61260
381.00000 0.98945 507.23762
382.00000 0.98980 502.96678
383.00000 0.99015 498.69595
384.00000 0.99020 2125.88344
385.00000 0.99049 494.42512
386.00000 0.99082 490.15428
387.00000 0.99104 2130.15427
388.00000 0.99115 485.88345
389.00000 0.99147 481.61262
390.00000 0.99179 477.34178
391.00000 0.99185 2134.42510
392.00000 0.99210 473.07095
393.00000 0.99240 468.80012
394.00000 0.99265 2138.69594
395.00000 0.99270 464.52928
396.00000 0.99299 460.25845
397.00000 0.99327 455.98762
398.00000 0.99344 2142.96677
399.00000 0.99355 451.71678
400.00000 0.99383 447.44595
401.00000 0.99409 443.17512
402.00000 0.99420 2147.23760
403.00000 0.99435 438.90428
404.00000 0.99461 434.63345
405.00000 0.99485 430.36262
406.00000 0.99495 2151.50844
407.00000 0.99509 426.09178
408.00000 0.99533 421.82095
409.00000 0.99556 417.55012
410.00000 0.99569 2155.77927
411.00000 0.99578 413.27928
412.00000 0.99599 409.00845
413.00000 0.99620 404.73762
414.00000 0.99640 400.46678
415.00000 0.99641 2160.05010
416.00000 0.99660 396.19595
417.00000 0.99679 391.92512
418.00000 0.99697 387.65428
419.00000 0.99711 2164.32094
420.00000 0.99715 383.38345
421.00000 0.99732 379.11262
422.00000 0.99748 374.84178
423.00000 0.99764 370.57095
424.00000 0.99779 2168.59177
425.00000 0.99779 366.30012
426.00000 0.99793 362.02928
427.00000 0.99807 357.75845
428.00000 0.99820 353.48762
429.00000 0.99833 349.21678
430.00000 0.99845 344.94595
431.00000 0.99846 2172.86260
432.00000 0.99856 340.67512
433.00000 0.99867 336.40428
434.00000 0.99878 332.13345
435.00000 0.99887 327.86262
436.00000 0.99897 323.59178
437.00000 0.99905 319.32095
438.00000 0.99912 2177.13344
439.00000 0.99914 315.05012
440.00000 0.99921 310.77928
441.00000 0.99928 306.50845
442.00000 0.99935 302.23762
443.00000 0.99941 297.96678
444.00000 0.99947 293.69595
445.00000 0.99953 289.42512
446.00000 0.99958 285.15428
447.00000 0.99962 280.88345
448.00000 0.99966 276.61262
449.00000 0.99970 272.34178
450.00000 0.99974 268.07095
451.00000 0.99976 2181.40427
452.00000 0.99977 263.80012
453.00000 0.99980 259.52928
454.00000 0.99981 2181.79253
455.00000 0.99982 255.25845
456.00000 0.99985 250.98762
457.00000 0.99987 246.71678
458.00000 0.99989 242.44595
459.00000 0.99990 238.17512
460.00000 0.99992 233.90428
461.00000 0.99993 229.63345
462.00000 0.99993 2182.56904
463.00000 0.99994 225.36262
464.00000 0.99995 2182.71023
465.00000 0.99995 221.09178
466.00000 0.99996 216.82095
467.00000 0.99997 208.27928
468.00000 0.99997 212.55012
469.00000 0.99998 200.00000
470.00000 0.99998 204.00845
471.00000 0.99999 2182.99260
472.00000 1.00000 1490.00000
473.00000 1.00000 1493.00000
474.00000 1.00000 1496.00000
475.00000 1.00000 1502.00000
476.00000 1.00000 1538.00000
477.00000 1.00000 1535.00000
478.00000 1.00000 1532.00000
479.00000 1.00000 1529.00000
480.00000 1.00000 1526.00000
481.00000 1.00000 1523.00000
482.00000 1.00000 1520.00000
483.00000 1.00000 1487.00000
484.00000 1.00000 1517.00000
485.00000 1.00000 1514.00000
486.00000 1.00000 1511.00000
487.00000 1.00000 1508.00000
488.00000 1.00000 1499.00000
489.00000 1.00000 1505.00000
490.00000 1.00000 1484.00000
491.00000 1.00000 1466.00000
492.00000 1.00000 1478.00000
493.00000 1.00000 1463.00000
494.00000 1.00000 1460.00000
495.00000 1.00000 1457.00000
496.00000 1.00000 1454.00000
497.00000 1.00000 1451.00000
498.00000 1.00000 1448.00000
499.00000 1.00000 1445.00000
500.00000 1.00000 1442.00000
501.00000 1.00000 1439.00000
502.00000 1.00000 1436.00000
503.00000 1.00000 1433.00000
504.00000 1.00000 1430.00000
505.00000 1.00000 1427.00000
506.00000 1.00000 1469.00000
507.00000 1.00000 1541.00000
508.00000 1.00000 1472.00000
509.00000 1.00000 1475.00000
510.00000 1.00000 1481.00000
511.00000 1.00000 1544.00000
512.00000 1.00000 2135.00000
513.00000 1.00000 1550.00000
514.00000 1.00000 1619.00000
515.00000 1.00000 1622.00000
516.00000 1.00000 1424.00000
517.00000 1.00000 1625.00000
518.00000 1.00000 1628.00000
519.00000 1.00000 1631.00000
520.00000 1.00000 1634.00000
521.00000 1.00000 1637.00000
522.00000 1.00000 1640.00000
523.00000 1.00000 1643.00000
524.00000 1.00000 1646.00000
525.00000 1.00000 1649.00000
526.00000 1.00000 1652.00000
527.00000 1.00000 1655.00000
528.00000 1.00000 1658.00000
529.00000 1.00000 1661.00000
530.00000 1.00000 1664.00000
531.00000 1.00000 1616.00000
532.00000 1.00000 1613.00000
533.00000 1.00000 1610.00000
534.00000 1.00000 1607.00000
535.00000 1.00000 1553.00000
536.00000 1.00000 1556.00000
537.00000 1.00000 1559.00000
538.00000 1.00000 1562.00000
539.00000 1.00000 1565.00000
540.00000 1.00000 1568.00000
541.00000 1.00000 1571.00000
542.00000 1.00000 1574.00000
543.00000 1.00000 1547.00000
544.00000 1.00000 1577.00000
545.00000 1.00000 1583.00000
546.00000 1.00000 1586.00000
547.00000 1.00000 1589.00000
548.00000 1.00000 1592.00000
549.00000 1.00000 1595.00000
550.00000 1.00000 1598.00000
551.00000 1.00000 1601.00000
552.00000 1.00000 1604.00000
553.00000 1.00000 1580.00000
554.00000 1.00000 1421.00000
555.00000 1.00000 1262.00000
556.00000 1.00000 1415.00000
557.00000 1.00000 1235.00000
558.00000 1.00000 1238.00000
559.00000 1.00000 1241.00000
560.00000 1.00000 1244.00000
561.00000 1.00000 1247.00000
562.00000 1.00000 1250.00000
563.00000 1.00000 1253.00000
564.00000 1.00000 1256.00000
565.00000 1.00000 1259.00000
566.00000 1.00000 1667.00000
567.00000 1.00000 1265.00000
568.00000 1.00000 1268.00000
569.00000 1.00000 1271.00000
570.00000 1.00000 1274.00000
571.00000 1.00000 1277.00000
572.00000 1.00000 1280.00000
573.00000 1.00000 1283.00000
574.00000 1.00000 1232.00000
575.00000 1.00000 1286.00000
576.00000 1.00000 1229.00000
577.00000 1.00000 1223.00000
578.00000 1.00000 1172.00000
579.00000 1.00000 1175.00000
580.00000 1.00000 1178.00000
581.00000 1.00000 1181.00000
582.00000 1.00000 1184.00000
583.00000 1.00000 1187.00000
584.00000 1.00000 1190.00000
585.00000 1.00000 1193.00000
586.00000 1.00000 1196.00000
587.00000 1.00000 1199.00000
588.00000 1.00000 1202.00000
589.00000 1.00000 1205.00000
590.00000 1.00000 1208.00000
591.00000 1.00000 1211.00000
592.00000 1.00000 1214.00000
593.00000 1.00000 1217.00000
594.00000 1.00000 1220.00000
595.00000 1.00000 1226.00000
596.00000 1.00000 1289.00000
597.00000 1.00000 1292.00000
598.00000 1.00000 1295.00000
599.00000 1.00000 1364.00000
600.00000 1.00000 1367.00000
601.00000 1.00000 1370.00000
602.00000 1.00000 1373.00000
603.00000 1.00000 1376.00000
604.00000 1.00000 1379.00000
605.00000 1.00000 1382.00000
606.00000 1.00000 1385.00000
607.00000 1.00000 1388.00000
608.00000 1.00000 1391.00000
609.00000 1.00000 1394.00000
610.00000 1.00000 1397.00000
611.00000 1.00000 1400.00000
612.00000 1.00000 1403.00000
613.00000 1.00000 1406.00000
614.00000 1.00000 1409.00000
615.00000 1.00000 1412.00000
616.00000 1.00000 1361.00000
617.00000 1.00000 1358.00000
618.00000 1.00000 1355.00000
619.00000 1.00000 1352.00000
620.00000 1.00000 1298.00000
621.00000 1.00000 1301.00000
622.00000 1.00000 1304.00000
623.00000 1.00000 1307.00000
624.00000 1.00000 1310.00000
625.00000 1.00000 1313.00000
626.00000 1.00000 1316.00000
627.00000 1.00000 1319.00000
628.00000 1.00000 1418.00000
629.00000 1.00000 1322.00000
630.00000 1.00000 1328.00000
631.00000 1.00000 1331.00000
632.00000 1.00000 1334.00000
633.00000 1.00000 1337.00000
634.00000 1.00000 1340.00000
635.00000 1.00000 1343.00000
636.00000 1.00000 1346.00000
637.00000 1.00000 1349.00000
638.00000 1.00000 1325.00000
639.00000 1.00000 1670.00000
640.00000 1.00000 1829.00000
641.00000 1.00000 1676.00000
642.00000 1.00000 1997.00000
643.00000 1.00000 2000.00000
644.00000 1.00000 2003.00000
645.00000 1.00000 2006.00000
646.00000 1.00000 2009.00000
647.00000 1.00000 2012.00000
648.00000 1.00000 2015.00000
649.00000 1.00000 2018.00000
650.00000 1.00000 2021.00000
651.00000 1.00000 2024.00000
652.00000 1.00000 2027.00000
653.00000 1.00000 2030.00000
654.00000 1.00000 2033.00000
655.00000 1.00000 2036.00000
656.00000 1.00000 2039.00000
657.00000 1.00000 2042.00000
658.00000 1.00000 2045.00000
659.00000 1.00000 1994.00000
660.00000 1.00000 2048.00000
661.00000 1.00000 1991.00000
662.00000 1.00000 1985.00000
663.00000 1.00000 1934.00000
664.00000 1.00000 1937.00000
665.00000 1.00000 1940.00000
666.00000 1.00000 1943.00000
667.00000 1.00000 1946.00000
668.00000 1.00000 1949.00000
669.00000 1.00000 1952.00000
670.00000 1.00000 1955.00000
671.00000 1.00000 1958.00000
672.00000 1.00000 1961.00000
673.00000 1.00000 1964.00000
674.00000 1.00000 1967.00000
675.00000 1.00000 1970.00000
676.00000 1.00000 1973.00000
677.00000 1.00000 1976.00000
678.00000 1.00000 1979.00000
679.00000 1.00000 1982.00000
680.00000 1.00000 1988.00000
681.00000 1.00000 1931.00000
682.00000 1.00000 2051.00000
683.00000 1.00000 2057.00000
684.00000 1.00000 2123.00000
685.00000 1.00000 2126.00000
686.00000 1.00000 2129.00000
687.00000 1.00000 1169.00000
688.00000 1.00000 2174.00000
689.00000 1.00000 2171.00000
690.00000 1.00000 2168.00000
691.00000 1.00000 2165.00000
692.00000 1.00000 2162.00000
693.00000 1.00000 2159.00000
694.00000 1.00000 2156.00000
695.00000 1.00000 2153.00000
696.00000 1.00000 2150.00000
697.00000 1.00000 2147.00000
698.00000 1.00000 2144.00000
699.00000 1.00000 2141.00000
700.00000 1.00000 2138.00000
701.00000 1.00000 2120.00000
702.00000 1.00000 2054.00000
703.00000 1.00000 2117.00000
704.00000 1.00000 2111.00000
705.00000 1.00000 2060.00000
706.00000 1.00000 2063.00000
707.00000 1.00000 2066.00000
708.00000 1.00000 2069.00000
709.00000 1.00000 2072.00000
710.00000 1.00000 2075.00000
711.00000 1.00000 2078.00000
712.00000 1.00000 2081.00000
713.00000 1.00000 2084.00000
714.00000 1.00000 2087.00000
715.00000 1.00000 2090.00000
716.00000 1.00000 2093.00000
717.00000 1.00000 2096.00000
718.00000 1.00000 2099.00000
719.00000 1.00000 2102.00000
720.00000 1.00000 2105.00000
721.00000 1.00000 2108.00000
722.00000 1.00000 2114.00000
723.00000 1.00000 1928.00000
724.00000 1.00000 1925.00000
725.00000 1.00000 1922.00000
726.00000 1.00000 1742.00000
727.00000 1.00000 1745.00000
728.00000 1.00000 1748.00000
729.00000 1.00000 1751.00000
730.00000 1.00000 1754.00000
731.00000 1.00000 1757.00000
732.00000 1.00000 1760.00000
733.00000 1.00000 1763.00000
734.00000 1.00000 1766.00000
735.00000 1.00000 1769.00000
736.00000 1.00000 1772.00000
737.00000 1.00000 1775.00000
738.00000 1.00000 1778.00000
739.00000 1.00000 1781.00000
740.00000 1.00000 1784.00000
741.00000 1.00000 1787.00000
742.00000 1.00000 1790.00000
743.00000 1.00000 1739.00000
744.00000 1.00000 1793.00000
745.00000 1.00000 1736.00000
746.00000 1.00000 1730.00000
747.00000 1.00000 1679.00000
748.00000 1.00000 1682.00000
749.00000 1.00000 1685.00000
750.00000 1.00000 1688.00000
751.00000 1.00000 1691.00000
752.00000 1.00000 1694.00000
753.00000 1.00000 1697.00000
754.00000 1.00000 1700.00000
755.00000 1.00000 1703.00000
756.00000 1.00000 1706.00000
757.00000 1.00000 1709.00000
758.00000 1.00000 1712.00000
759.00000 1.00000 1715.00000
760.00000 1.00000 1718.00000
761.00000 1.00000 1721.00000
762.00000 1.00000 1724.00000
763.00000 1.00000 1727.00000
764.00000 1.00000 1733.00000
765.00000 1.00000 1796.00000
766.00000 1.00000 1799.00000
767.00000 1.00000 1802.00000
768.00000 1.00000 1871.00000
769.00000 1.00000 1874.00000
770.00000 1.00000 1877.00000
771.00000 1.00000 1880.00000
772.00000 1.00000 1883.00000
773.00000 1.00000 1886.00000
774.00000 1.00000 1889.00000
775.00000 1.00000 1892.00000
776.00000 1.00000 1895.00000
777.00000 1.00000 1898.00000
778.00000 1.00000 1901.00000
779.00000 1.00000 1904.00000
780.00000 1.00000 1907.00000
781.00000 1.00000 1910.00000
782.00000 1.00000 1913.00000
783.00000 1.00000 1916.00000
784.00000 1.00000 1919.00000
785.00000 1.00000 1868.00000
786.00000 1.00000 1865.00000
787.00000 1.00000 1862.00000
788.00000 1.00000 1859.00000
789.00000 1.00000 1805.00000
790.00000 1.00000 1808.00000
791.00000 1.00000 1811.00000
792.00000 1.00000 1814.00000
793.00000 1.00000 1817.00000
794.00000 1.00000 1820.00000
795.00000 1.00000 1823.00000
796.00000 1.00000 1826.00000
797.00000 1.00000 1673.00000
798.00000 1.00000 2132.00000
799.00000 1.00000 1835.00000
800.00000 1.00000 1838.00000
801.00000 1.00000 1841.00000
802.00000 1.00000 1844.00000
803.00000 1.00000 1847.00000
804.00000 1.00000 1850.00000
805.00000 1.00000 1853.00000
806.00000 1.00000 1856.00000
807.00000 1.00000 1832.00000
808.00000 1.00000 1166.00000
809.00000 1.00000 458.00000
810.00000 1.00000 1160.00000
811.00000 1.00000 473.00000
812.00000 1.00000 476.00000
813.00000 1.00000 479.00000
814.00000 1.00000 482.00000
815.00000 1.00000 485.00000
816.00000 1.00000 488.00000
817.00000 1.00000 491.00000
818.00000 1.00000 494.00000
819.00000 1.00000 497.00000
820.00000 1.00000 500.00000
821.00000 1.00000 503.00000
822.00000 1.00000 506.00000
823.00000 1.00000 509.00000
824.00000 1.00000 512.00000
825.00000 1.00000 515.00000
826.00000 1.00000 518.00000
827.00000 1.00000 521.00000
828.00000 1.00000 470.00000
829.00000 1.00000 524.00000
830.00000 1.00000 467.00000
831.00000 1.00000 461.00000
832.00000 1.00000 410.00000
833.00000 1.00000 413.00000
834.00000 1.00000 416.00000
835.00000 1.00000 419.00000
836.00000 1.00000 422.00000
837.00000 1.00000 425.00000
838.00000 1.00000 428.00000
839.00000 1.00000 431.00000
840.00000 1.00000 434.00000
841.00000 1.00000 437.00000
842.00000 1.00000 440.00000
843.00000 1.00000 443.00000
844.00000 1.00000 446.00000
845.00000 1.00000 449.00000
846.00000 1.00000 452.00000
847.00000 1.00000 455.00000
848.00000 1.00000 2177.00000
849.00000 1.00000 464.00000
850.00000 1.00000 407.00000
851.00000 1.00000 527.00000
852.00000 1.00000 533.00000
853.00000 1.00000 599.00000
854.00000 1.00000 602.00000
855.00000 1.00000 605.00000
856.00000 1.00000 608.00000
857.00000 1.00000 611.00000
858.00000 1.00000 614.00000
859.00000 1.00000 617.00000
860.00000 1.00000 620.00000
861.00000 1.00000 623.00000
862.00000 1.00000 626.00000
863.00000 1.00000 629.00000
864.00000 1.00000 632.00000
865.00000 1.00000 635.00000
866.00000 1.00000 638.00000
867.00000 1.00000 641.00000
868.00000 1.00000 644.00000
869.00000 1.00000 647.00000
870.00000 1.00000 596.00000
871.00000 1.00000 530.00000
872.00000 1.00000 593.00000
873.00000 1.00000 587.00000
874.00000 1.00000 536.00000
875.00000 1.00000 539.00000
876.00000 1.00000 542.00000
877.00000 1.00000 545.00000
878.00000 1.00000 548.00000
879.00000 1.00000 551.00000
880.00000 1.00000 554.00000
881.00000 1.00000 557.00000
882.00000 1.00000 560.00000
883.00000 1.00000 563.00000
884.00000 1.00000 566.00000
885.00000 1.00000 569.00000
886.00000 1.00000 572.00000
887.00000 1.00000 575.00000
888.00000 1.00000 578.00000
889.00000 1.00000 581.00000
890.00000 1.00000 584.00000
891.00000 1.00000 590.00000
892.00000 1.00000 404.00000
893.00000 1.00000 401.00000
894.00000 1.00000 398.00000
895.00000 1.00000 218.00000
896.00000 1.00000 221.00000
897.00000 1.00000 224.00000
898.00000 1.00000 227.00000
899.00000 1.00000 230.00000
900.00000 1.00000 233.00000
901.00000 1.00000 236.00000
902.00000 1.00000 239.00000
903.00000 1.00000 242.00000
904.00000 1.00000 245.00000
905.00000 1.00000 248.00000
906.00000 1.00000 251.00000
907.00000 1.00000 254.00000
908.00000 1.00000 257.00000
909.00000 1.00000 260.00000
910.00000 1.00000 263.00000
911.00000 1.00000 266.00000
912.00000 1.00000 215.00000
913.00000 1.00000 269.00000
914.00000 1.00000 212.00000
915.00000 1.00000 206.00000
916.00000 1.00000 2183.04394
917.00000 1.00000 2183.05327
918.00000 1.00000 2183.05497
919.00000 1.00000 2183.05836
920.00000 1.00000 2183.06515
921.00000 1.00000 2183.06638
922.00000 1.00000 2183.06661
923.00000 1.00000 2183.06706
924.00000 1.00000 2183.06714
925.00000 1.00000 2183.06715
926.00000 1.00000 2183.06718
927.00000 1.00000 2183.06719
928.00000 1.00000 2183.06720
929.00000 1.00000 2183.06722
930.00000 1.00000 2183.06722
931.00000 1.00000 200.00000
932.00000 1.00000 203.00000
933.00000 1.00000 209.00000
934.00000 1.00000 272.00000
935.00000 1.00000 275.00000
936.00000 1.00000 278.00000
937.00000 1.00000 347.00000
938.00000 1.00000 350.00000
939.00000 1.00000 353.00000
940.00000 1.00000 356.00000
941.00000 1.00000 359.00000
942.00000 1.00000 362.00000
943.00000 1.00000 365.00000
944.00000 1.00000 368.00000
945.00000 1.00000 371.00000
946.00000 1.00000 374.00000
947.00000 1.00000 377.00000
948.00000 1.00000 380.00000
949.00000 1.00000 383.00000
950.00000 1.00000 386.00000
951.00000 1.00000 389.00000
952.00000 1.00000 392.00000
953.00000 1.00000 395.00000
954.00000 1.00000 344.00000
955.00000 1.00000 341.00000
956.00000 1.00000 338.00000
957.00000 1.00000 335.00000
958.00000 1.00000 281.00000
959.00000 1.00000 284.00000
960.00000 1.00000 287.00000
961.00000 1.00000 290.00000
962.00000 1.00000 293.00000
963.00000 1.00000 296.00000
964.00000 1.00000 299.00000
965.00000 1.00000 302.00000
966.00000 1.00000 650.00000
967.00000 1.00000 305.00000
968.00000 1.00000 311.00000
969.00000 1.00000 314.00000
970.00000 1.00000 317.00000
971.00000 1.00000 320.00000
972.00000 1.00000 323.00000
973.00000 1.00000 326.00000
974.00000 1.00000 329.00000
975.00000 1.00000 332.00000
976.00000 1.00000 308.00000
977.00000 1.00000 653.00000
978.00000 1.00000 656.00000
979.00000 1.00000 659.00000
980.00000 1.00000 980.00000
981.00000 1.00000 983.00000
982.00000 1.00000 986.00000
983.00000 1.00000 989.00000
984.00000 1.00000 992.00000
985.00000 1.00000 995.00000
986.00000 1.00000 998.00000
987.00000 1.00000 1001.00000
988.00000 1.00000 1004.00000
989.00000 1.00000 1007.00000
990.00000 1.00000 1010.00000
991.00000 1.00000 1013.00000
992.00000 1.00000 1016.00000
993.00000 1.00000 1019.00000
994.00000 1.00000 1022.00000
995.00000 1.00000 1025.00000
996.00000 1.00000 1028.00000
997.00000 1.00000 977.00000
998.00000 1.00000 1031.00000
999.00000 1.00000 974.00000
1000.00000 1.00000 968.00000
1001.00000 1.00000 917.00000
1002.00000 1.00000 920.00000
1003.00000 1.00000 923.00000
1004.00000 1.00000 926.00000
1005.00000 1.00000 929.00000
1006.00000 1.00000 932.00000
1007.00000 1.00000 935.00000
1008.00000 1.00000 938.00000
1009.00000 1.00000 941.00000
1010.00000 1.00000 944.00000
1011.00000 1.00000 947.00000
1012.00000 1.00000 950.00000
1013.00000 1.00000 953.00000
1014.00000 1.00000 956.00000
1015.00000 1.00000 959.00000
1016.00000 1.00000 962.00000
1017.00000 1.00000 965.00000
1018.00000 1.00000 971.00000
1019.00000 1.00000 1034.00000
1020.00000 1.00000 1037.00000
1021.00000 1.00000 1040.00000
1022.00000 1.00000 1109.00000
1023.00000 1.00000 1112.00000
1024.00000 1.00000 1115.00000
1025.00000 1.00000 1118.00000
1026.00000 1.00000 1121.00000
1027.00000 1.00000 1124.00000
1028.00000 1.00000 1127.00000
1029.00000 1.00000 1130.00000
1030.00000 1.00000 1133.00000
1031.00000 1.00000 1136.00000
1032.00000 1.00000 1139.00000
1033.00000 1.00000 1142.00000
1034.00000 1.00000 1145.00000
1035.00000 1.00000 1148.00000
1036.00000 1.00000 1151.00000
1037.00000 1.00000 1154.00000
1038.00000 1.00000 1157.00000
1039.00000 1.00000 1106.00000
1040.00000 1.00000 1103.00000
1041.00000 1.00000 1100.00000
1042.00000 1.00000 1097.00000
1043.00000 1.00000 1043.00000
1044.00000 1.00000 1046.00000
1045.00000 1.00000 1049.00000
1046.00000 1.00000 1052.00000
1047.00000 1.00000 1055.00000
1048.00000 1.00000 1058.00000
1049.00000 1.00000 1061.00000
1050.00000 1.00000 1064.00000
1051.00000 1.00000 914.00000
1052.00000 1.00000 1067.00000
1053.00000 1.00000 1073.00000
1054.00000 1.00000 1076.00000
1055.00000 1.00000 1079.00000
1056.00000 1.00000 1082.00000
1057.00000 1.00000 1085.00000
1058.00000 1.00000 1088.00000
1059.00000 1.00000 1091.00000
1060.00000 1.00000 1094.00000
1061.00000 1.00000 1070.00000
1062.00000 1.00000 1163.00000
1063.00000 1.00000 911.00000
1064.00000 1.00000 905.00000
1065.00000 1.00000 725.00000
1066.00000 1.00000 728.00000
1067.00000 1.00000 731.00000
1068.00000 1.00000 734.00000
1069.00000 1.00000 737.00000
1070.00000 1.00000 740.00000
1071.00000 1.00000 743.00000
1072.00000 1.00000 746.00000
1073.00000 1.00000 749.00000
1074.00000 1.00000 752.00000
1075.00000 1.00000 755.00000
1076.00000 1.00000 758.00000
1077.00000 1.00000 761.00000
1078.00000 1.00000 764.00000
1079.00000 1.00000 767.00000
1080.00000 1.00000 770.00000
1081.00000 1.00000 773.00000
1082.00000 1.00000 722.00000
1083.00000 1.00000 776.00000
1084.00000 1.00000 719.00000
1085.00000 1.00000 713.00000
1086.00000 1.00000 662.00000
1087.00000 1.00000 665.00000
1088.00000 1.00000 668.00000
1089.00000 1.00000 671.00000
1090.00000 1.00000 674.00000
1091.00000 1.00000 677.00000
1092.00000 1.00000 680.00000
1093.00000 1.00000 683.00000
1094.00000 1.00000 686.00000
1095.00000 1.00000 689.00000
1096.00000 1.00000 692.00000
1097.00000 1.00000 695.00000
1098.00000 1.00000 698.00000
1099.00000 1.00000 701.00000
1100.00000 1.00000 704.00000
1101.00000 1.00000 707.00000
1102.00000 1.00000 710.00000
1103.00000 1.00000 716.00000
1104.00000 1.00000 779.00000
1105.00000 1.00000 782.00000
1106.00000 1.00000 785.00000
1107.00000 1.00000 854.00000
1108.00000 1.00000 857.00000
1109.00000 1.00000 860.00000
1110.00000 1.00000 863.00000
1111.00000 1.00000 866.00000
1112.00000 1.00000 869.00000
1113.00000 1.00000 872.00000
1114.00000 1.00000 875.00000
1115.00000 1.00000 878.00000
1116.00000 1.00000 881.00000
1117.00000 1.00000 884.00000
1118.00000 1.00000 887.00000
1119.00000 1.00000 890.00000
1120.00000 1.00000 893.00000
1121.00000 1.00000 896.00000
1122.00000 1.00000 899.00000
1123.00000 1.00000 902.00000
1124.00000 1.00000 851.00000
1125.00000 1.00000 848.00000
1126.00000 1.00000 845.00000
1127.00000 1.00000 842.00000
1128.00000 1.00000 788.00000
1129.00000 1.00000 791.00000
1130.00000 1.00000 794.00000
1131.00000 1.00000 797.00000
1132.00000 1.00000 800.00000
1133.00000 1.00000 803.00000
1134.00000 1.00000 806.00000
1135.00000 1.00000 809.00000
1136.00000 1.00000 908.00000
1137.00000 1.00000 812.00000
1138.00000 1.00000 818.00000
1139.00000 1.00000 821.00000
1140.00000 1.00000 824.00000
1141.00000 1.00000 827.00000
1142.00000 1.00000 830.00000
1143.00000 1.00000 833.00000
1144.00000 1.00000 836.00000
1145.00000 1.00000 839.00000
1146.00000 1.00000 815.00000
1147.00000 1.00000 2180.00000
