0.00000 0.00000 392.00000
1.00000 0.00000 818.00000
2.00000 0.00000 821.00000
3.00000 0.00000 824.00000
4.00000 0.00000 827.00000
5.00000 0.00000 830.00000
6.00000 0.00000 833.00000
7.00000 0.00000 836.00000
8.00000 0.00000 839.00000
9.00000 0.00000 842.00000
10.00000 0.00000 845.00000
11.00000 0.00000 848.00000
12.00000 0.00000 851.00000
13.00000 0.00000 854.00000
14.00000 0.00000 857.00000
15.00000 0.00000 860.00000
16.00000 0.00000 863.00000
17.00000 0.00000 866.00000
18.00000 0.00000 869.00000
19.00000 0.00000 872.00000
20.00000 0.00000 875.00000
21.00000 0.00000 878.00000
22.00000 0.00000 881.00000
23.00000 0.00000 884.00000
24.00000 0.00000 815.00000
25.00000 0.00000 812.00000
26.00000 0.00000 809.00000
27.00000 0.00000 806.00000
28.00000 0.00000 734.00000
29.00000 0.00000 737.00000
30.00000 0.00000 740.00000
31.00000 0.00000 743.00000
32.00000 0.00000 746.00000
33.00000 0.00000 749.00000
34.00000 0.00000 752.00000
35.00000 0.00000 755.00000
36.00000 0.00000 758.00000
37.00000 0.00000 761.00000
38.00000 0.00000 764.00000
39.00000 0.00000 887.00000
40.00000 0.00000 767.00000
41.00000 0.00000 773.00000
42.00000 0.00000 776.00000
43.00000 0.00000 779.00000
44.00000 0.00000 782.00000
45.00000 0.00000 785.00000
46.00000 0.00000 788.00000
47.00000 0.00000 791.00000
48.00000 0.00000 794.00000
49.00000 0.00000 797.00000
50.00000 0.00000 800.00000
51.00000 0.00000 803.00000
52.00000 0.00000 770.00000
53.00000 0.00000 890.00000
54.00000 0.00000 893.00000
55.00000 0.00000 896.00000
56.00000 0.00000 983.00000
57.00000 0.00000 986.00000
58.00000 0.00000 989.00000
59.00000 0.00000 992.00000
60.00000 0.00000 995.00000
61.00000 0.00000 998.00000
62.00000 0.00000 1001.00000
63.00000 0.00000 1004.00000
64.00000 0.00000 1007.00000
65.00000 0.00000 1010.00000
66.00000 0.00000 1013.00000
67.00000 0.00000 980.00000
68.00000 0.00000 1016.00000
69.00000 0.00000 1022.00000
70.00000 0.00000 1025.00000
71.00000 0.00000 1028.00000
72.00000 0.00000 1031.00000
73.00000 0.00000 1034.00000
74.00000 0.00000 1037.00000
75.00000 0.00000 1040.00000
76.00000 0.00000 1043.00000
77.00000 0.00000 1046.00000
78.00000 0.00000 1049.00000
79.00000 0.00000 1052.00000
80.00000 0.00000 1019.00000
81.00000 0.00000 731.00000
82.00000 0.00000 977.00000
83.00000 0.00000 971.00000
84.00000 0.00000 899.00000
85.00000 0.00000 902.00000
86.00000 0.00000 905.00000
87.00000 0.00000 908.00000
88.00000 0.00000 911.00000
89.00000 0.00000 914.00000
90.00000 0.00000 917.00000
91.00000 0.00000 920.00000
92.00000 0.00000 923.00000
93.00000 0.00000 926.00000
94.00000 0.00000 929.00000
95.00000 0.00000 974.00000
96.00000 0.00000 932.00000
97.00000 0.00000 938.00000
98.00000 0.00000 941.00000
99.00000 0.00000 944.00000
100.00000 0.00000 947.00000
101.00000 0.00000 950.00000
102.00000 0.00000 953.00000
103.00000 0.00000 956.00000
104.00000 0.00000 959.00000
105.00000 0.00000 962.00000
106.00000 0.00000 965.00000
107.00000 0.00000 968.00000
108.00000 0.00000 935.00000
109.00000 0.00000 1055.00000
110.00000 0.00000 728.00000
111.00000 0.00000 722.00000
112.00000 0.00000 485.00000
113.00000 0.00000 488.00000
114.00000 0.00000 491.00000
115.00000 0.00000 494.00000
116.00000 0.00000 497.00000
117.00000 0.00000 500.00000
118.00000 0.00000 503.00000
119.00000 0.00000 506.00000
120.00000 0.00000 509.00000
121.00000 0.00000 512.00000
122.00000 0.00000 515.00000
123.00000 0.00000 518.00000
124.00000 0.00000 521.00000
125.00000 0.00000 524.00000
126.00000 0.00000 527.00000
127.00000 0.00000 530.00000
128.00000 0.00000 533.00000
129.00000 0.00000 536.00000
130.00000 0.00000 539.00000
131.00000 0.00000 542.00000
132.00000 0.00000 545.00000
133.00000 0.00000 548.00000
134.00000 0.00000 551.00000
135.00000 0.00000 482.00000
136.00000 0.00000 479.00000
137.00000 0.00000 476.00000
138.00000 0.00000 473.00000
139.00000 0.00000 401.00000
140.00000 0.00000 404.00000
141.00000 0.00000 407.00000
142.00000 0.00000 410.00000
143.00000 0.00000 413.00000
144.00000 0.00000 416.00000
145.00000 0.00000 419.00000
146.00000 0.00000 422.00000
147.00000 0.00000 425.00000
148.00000 0.00000 428.00000
149.00000 0.00000 431.00000
150.00000 0.00000 554.00000
151.00000 0.00000 434.00000
152.00000 0.00000 440.00000
153.00000 0.00000 443.00000
154.00000 0.00000 446.00000
155.00000 0.00000 449.00000
156.00000 0.00000 452.00000
157.00000 0.00000 455.00000
158.00000 0.00000 458.00000
159.00000 0.00000 461.00000
160.00000 0.00000 464.00000
161.00000 0.00000 467.00000
162.00000 0.00000 470.00000
163.00000 0.00000 437.00000
164.00000 0.00000 557.00000
165.00000 0.00000 560.00000
166.00000 0.00000 563.00000
167.00000 0.00000 650.00000
168.00000 0.00000 653.00000
169.00000 0.00000 656.00000
170.00000 0.00000 659.00000
171.00000 0.00000 662.00000
172.00000 0.00000 665.00000
173.00000 0.00000 668.00000
174.00000 0.00000 671.00000
175.00000 0.00000 674.00000
176.00000 0.00000 677.00000
177.00000 0.00000 680.00000
178.00000 0.00000 647.00000
179.00000 0.00000 683.00000
180.00000 0.00000 689.00000
181.00000 0.00000 692.00000
182.00000 0.00000 695.00000
183.00000 0.00000 698.00000
184.00000 0.00000 701.00000
185.00000 0.00000 704.00000
186.00000 0.00000 707.00000
187.00000 0.00000 710.00000
188.00000 0.00000 713.00000
189.00000 0.00000 716.00000
190.00000 0.00000 719.00000
191.00000 0.00000 686.00000
192.00000 0.00000 725.00000
193.00000 0.00000 644.00000
194.00000 0.00000 638.00000
195.00000 0.00000 566.00000
196.00000 0.00000 569.00000
197.00000 0.00000 572.00000
198.00000 0.00000 575.00000
199.00000 0.00000 578.00000
200.00000 0.00000 581.00000
201.00000 0.00000 584.00000
202.00000 0.00000 587.00000
203.00000 0.00000 590.00000
204.00000 0.00000 593.00000
205.00000 0.00000 596.00000
206.00000 0.00000 641.00000
207.00000 0.00000 599.00000
208.00000 0.00000 605.00000
209.00000 0.00000 608.00000
210.00000 0.00000 611.00000
211.00000 0.00000 614.00000
212.00000 0.00000 617.00000
213.00000 0.00000 620.00000
214.00000 0.00000 623.00000
215.00000 0.00000 626.00000
216.00000 0.00000 629.00000
217.00000 0.00000 632.00000
218.00000 0.00000 635.00000
219.00000 0.00000 602.00000
220.00000 0.00000 398.00000
221.00000 0.00000 1058.00000
222.00000 0.00000 1064.00000
223.00000 0.00000 1484.00000
224.00000 0.00000 1487.00000
225.00000 0.00000 1490.00000
226.00000 0.00000 1493.00000
227.00000 0.00000 1496.00000
228.00000 0.00000 1499.00000
229.00000 0.00000 1502.00000
230.00000 0.00000 1505.00000
231.00000 0.00000 1508.00000
232.00000 0.00000 1511.00000
233.00000 0.00000 1514.00000
234.00000 0.00000 1517.00000
235.00000 0.00000 1520.00000
236.00000 0.00000 1523.00000
237.00000 0.00000 1526.00000
238.00000 0.00000 1529.00000
239.00000 0.00000 1532.00000
240.00000 0.00000 1535.00000
241.00000 0.00000 1538.00000
242.00000 0.00000 1541.00000
243.00000 0.00000 1544.00000
244.00000 0.00000 1547.00000
245.00000 0.00000 1550.00000
246.00000 0.00000 1481.00000
247.00000 0.00000 1478.00000
248.00000 0.00000 1475.00000
249.00000 0.00000 1472.00000
250.00000 0.00000 1400.00000
251.00000 0.00000 1403.00000
252.00000 0.00000 1406.00000
253.00000 0.00000 1409.00000
254.00000 0.00000 1412.00000
255.00000 0.00000 1415.00000
256.00000 0.00000 1418.00000
257.00000 0.00000 1421.00000
258.00000 0.00000 1424.00000
259.00000 0.00000 1427.00000
260.00000 0.00000 1430.00000
261.00000 0.00000 1553.00000
262.00000 0.00000 1433.00000
263.00000 0.00000 1439.00000
264.00000 0.00000 1442.00000
265.00000 0.00000 1445.00000
266.00000 0.00000 1448.00000
267.00000 0.00000 1451.00000
268.00000 0.00000 1454.00000
269.00000 0.00000 1457.00000
270.00000 0.00000 1460.00000
271.00000 0.00000 1463.00000
272.00000 0.00000 1466.00000
273.00000 0.00000 1469.00000
274.00000 0.00000 1436.00000
275.00000 0.00000 1556.00000
276.00000 0.00000 1559.00000
277.00000 0.00000 1562.00000
278.00000 0.00000 1649.00000
279.00000 0.00000 1652.00000
280.00000 0.00000 1655.00000
281.00000 0.00000 1658.00000
282.00000 0.00000 1661.00000
283.00000 0.00000 1664.00000
284.00000 0.00000 1667.00000
285.00000 0.00000 1670.00000
286.00000 0.00000 1673.00000
287.00000 0.00000 1676.00000
288.00000 0.00000 1679.00000
289.00000 0.00000 1646.00000
290.00000 0.00000 1682.00000
291.00000 0.00000 1688.00000
292.00000 0.00000 1691.00000
293.00000 0.00000 1694.00000
294.00000 0.00000 1697.00000
295.00000 0.00000 1700.00000
296.00000 0.00000 1703.00000
297.00000 0.00000 1706.00000
298.00000 0.00000 1709.00000
299.00000 0.00000 1712.00000
300.00000 0.00000 1715.00000
301.00000 0.00000 1718.00000
302.00000 0.00000 1685.00000
303.00000 0.00000 1397.00000
304.00000 0.00000 1643.00000
305.00000 0.00000 1637.00000
306.00000 0.00000 1565.00000
307.00000 0.00000 1568.00000
308.00000 0.00000 1571.00000
309.00000 0.00000 1574.00000
310.00000 0.00000 1577.00000
311.00000 0.00000 1580.00000
312.00000 0.00000 1583.00000
313.00000 0.00000 1586.00000
314.00000 0.00000 1589.00000
315.00000 0.00000 1592.00000
316.00000 0.00000 1595.00000
317.00000 0.00000 1640.00000
318.00000 0.00000 1598.00000
319.00000 0.00000 1604.00000
320.00000 0.00000 1607.00000
321.00000 0.00000 1610.00000
322.00000 0.00000 1613.00000
323.00000 0.00000 1616.00000
324.00000 0.00000 1619.00000
325.00000 0.00000 1622.00000
326.00000 0.00000 1625.00000
327.00000 0.00000 1628.00000
328.00000 0.00000 1631.00000
329.00000 0.00000 1634.00000
330.00000 0.00000 1601.00000
331.00000 0.00000 1061.00000
332.00000 0.00000 1394.00000
333.00000 0.00000 1388.00000
334.00000 0.00000 1151.00000
335.00000 0.00000 1154.00000
336.00000 0.00000 1157.00000
337.00000 0.00000 1160.00000
338.00000 0.00000 1163.00000
339.00000 0.00000 1166.00000
340.00000 0.00000 1169.00000
341.00000 0.00000 1172.00000
342.00000 0.00000 1175.00000
343.00000 0.00000 1178.00000
344.00000 0.00000 1181.00000
345.00000 0.00000 1184.00000
346.00000 0.00000 1187.00000
347.00000 0.00000 1190.00000
348.00000 0.00000 1193.00000
349.00000 0.00000 1196.00000
350.00000 0.00000 1199.00000
351.00000 0.00000 1202.00000
352.00000 0.00000 1205.00000
353.00000 0.00000 1208.00000
354.00000 0.00000 1211.00000
355.00000 0.00000 1214.00000
356.00000 0.00000 1217.00000
357.00000 0.00000 1148.00000
358.00000 0.00000 1145.00000
359.00000 0.00000 1142.00000
360.00000 0.00000 1139.00000
361.00000 0.00000 1067.00000
362.00000 0.00000 1070.00000
363.00000 0.00000 1073.00000
364.00000 0.00000 1076.00000
365.00000 0.00000 1079.00000
366.00000 0.00000 1082.00000
367.00000 0.00000 1085.00000
368.00000 0.00000 1088.00000
369.00000 0.00000 1091.00000
370.00000 0.00000 1094.00000
371.00000 0.00000 1097.00000
372.00000 0.00000 1220.00000
373.00000 0.00000 1100.00000
374.00000 0.00000 1106.00000
375.00000 0.00000 1109.00000
376.00000 0.00000 1112.00000
377.00000 0.00000 1115.00000
378.00000 0.00000 1118.00000
379.00000 0.00000 1121.00000
380.00000 0.00000 1124.00000
381.00000 0.00000 1127.00000
382.00000 0.00000 1130.00000
383.00000 0.00000 1133.00000
384.00000 0.00000 1136.00000
385.00000 0.00000 1103.00000
386.00000 0.00000 1223.00000
387.00000 0.00000 1226.00000
388.00000 0.00000 1229.00000
389.00000 0.00000 1316.00000
390.00000 0.00000 1319.00000
391.00000 0.00000 1322.00000
392.00000 0.00000 1325.00000
393.00000 0.00000 1328.00000
394.00000 0.00000 1331.00000
395.00000 0.00000 1334.00000
396.00000 0.00000 1337.00000
397.00000 0.00000 1340.00000
398.00000 0.00000 1343.00000
399.00000 0.00000 1346.00000
400.00000 0.00000 1313.00000
401.00000 0.00000 1349.00000
402.00000 0.00000 1355.00000
403.00000 0.00000 1358.00000
404.00000 0.00000 1361.00000
405.00000 0.00000 1364.00000
406.00000 0.00000 1367.00000
407.00000 0.00000 1370.00000
408.00000 0.00000 1373.00000
409.00000 0.00000 1376.00000
410.00000 0.00000 1379.00000
411.00000 0.00000 1382.00000
412.00000 0.00000 1385.00000
413.00000 0.00000 1352.00000
414.00000 0.00000 1391.00000
415.00000 0.00000 1310.00000
416.00000 0.00000 1304.00000
417.00000 0.00000 1232.00000
418.00000 0.00000 1235.00000
419.00000 0.00000 1238.00000
420.00000 0.00000 1241.00000
421.00000 0.00000 1244.00000
422.00000 0.00000 1247.00000
423.00000 0.00000 1250.00000
424.00000 0.00000 1253.00000
425.00000 0.00000 1256.00000
426.00000 0.00000 1259.00000
427.00000 0.00000 1262.00000
428.00000 0.00000 1307.00000
429.00000 0.00000 1265.00000
430.00000 0.00000 1271.00000
431.00000 0.00000 1274.00000
432.00000 0.00000 1277.00000
433.00000 0.00000 1280.00000
434.00000 0.00000 1283.00000
435.00000 0.00000 1286.00000
436.00000 0.00000 1289.00000
437.00000 0.00000 1292.00000
438.00000 0.00000 1295.00000
439.00000 0.00000 1298.00000
440.00000 0.00000 1301.00000
441.00000 0.00000 1268.00000
442.00000 0.00000 395.00000
443.00000 0.00000 1724.00000
444.00000 0.00000 389.00000
445.00000 0.00000 281.00000
446.00000 0.00000 278.00000
447.00000 0.00000 275.00000
448.00000 0.00000 272.00000
449.00000 0.00000 269.00000
450.00000 0.00000 266.00000
451.00000 0.00000 263.00000
452.00000 0.00000 260.00000
453.00000 0.00000 257.00000
454.00000 0.00000 254.00000
455.00000 0.00000 251.00000
456.00000 0.00000 248.00000
457.00000 0.00000 245.00000
458.00000 0.00000 242.00000
459.00000 0.00000 284.00000
460.00000 0.00000 239.00000
461.00000 0.00000 230.00000
462.00000 0.00000 227.00000
463.00000 0.00000 224.00000
464.00000 0.00000 221.00000
465.00000 0.00000 218.00000
466.00000 0.00000 215.00000
467.00000 0.00000 212.00000
468.00000 0.00000 209.00000
469.00000 0.00000 206.00000
470.00000 0.00000 203.00000
471.00000 0.00000 200.00000
472.00000 0.00000 1728.25291
473.00000 0.00000 1728.25291
474.00000 0.00000 1728.25295
475.00000 0.00000 233.00000
476.00000 0.00000 287.00000
477.00000 0.00000 236.00000
478.00000 0.00000 293.00000
479.00000 0.00000 350.00000
480.00000 0.00000 353.00000
481.00000 0.00000 356.00000
482.00000 0.00000 359.00000
483.00000 0.00000 362.00000
484.00000 0.00000 365.00000
485.00000 0.00000 347.00000
486.00000 0.00000 368.00000
487.00000 0.00000 374.00000
488.00000 0.00000 377.00000
489.00000 0.00000 380.00000
490.00000 0.00000 383.00000
491.00000 0.00000 386.00000
492.00000 0.00000 290.00000
493.00000 0.00000 371.00000
494.00000 0.00000 344.00000
495.00000 0.00000 1721.00000
496.00000 0.00000 341.00000
497.00000 0.00000 299.00000
498.00000 0.00000 302.00000
499.00000 0.00000 305.00000
500.00000 0.00000 308.00000
501.00000 0.00000 311.00000
502.00000 0.00000 314.00000
503.00000 0.00000 317.00000
504.00000 0.00000 323.00000
505.00000 0.00000 326.00000
506.00000 0.00000 329.00000
507.00000 0.00000 332.00000
508.00000 0.00000 335.00000
509.00000 0.00000 338.00000
510.00000 0.00000 320.00000
511.00000 0.00000 296.00000
512.00000 0.00001 1728.25355
513.00000 0.00003 1728.25475
514.00000 0.00064 1728.29253
515.00000 0.01035 1728.73675
516.00000 0.01987 1728.89175
517.00000 0.02458 1728.86584
518.00000 0.02693 1728.82780
519.00000 0.02810 1728.80260
520.00000 0.03168 1728.69992
521.00000 0.04281 1728.13518
522.00000 0.04659 1727.85281
523.00000 0.04833 1727.71162
524.00000 0.05647 1726.93511
525.00000 0.05992 1726.54685
526.00000 0.07523 1724.41144
527.00000 0.08715 1722.27602
528.00000 0.09727 1720.14060
529.00000 0.11426 1715.86977
530.00000 0.12856 1711.59894
531.00000 0.14110 1707.32810
532.00000 0.15237 1703.05727
533.00000 0.16266 1698.78644
534.00000 0.17217 1694.51560
535.00000 0.18104 1690.24477
536.00000 0.18937 1685.97394
537.00000 0.19723 1681.70310
538.00000 0.20470 1677.43227
539.00000 0.21181 1673.16144
540.00000 0.21861 1668.89060
541.00000 0.22513 1664.61977
542.00000 0.23140 1660.34894
543.00000 0.23745 1656.07810
544.00000 0.24329 1651.80727
545.00000 0.24895 1647.53644
546.00000 0.25013 200.00427
547.00000 0.25013 200.00000
548.00000 0.25039 204.27083
549.00000 0.25065 208.54167
550.00000 0.25092 212.81250
551.00000 0.25119 217.08333
552.00000 0.25146 221.35417
553.00000 0.25174 225.62500
554.00000 0.25201 229.89583
555.00000 0.25229 234.16667
556.00000 0.25258 238.43750
557.00000 0.25287 242.70833
558.00000 0.25316 246.97917
559.00000 0.25345 251.25000
560.00000 0.25375 255.52083
561.00000 0.25405 259.79167
562.00000 0.25435 264.06250
563.00000 0.25444 1643.26560
564.00000 0.25466 268.33333
565.00000 0.25498 272.60417
566.00000 0.25529 276.87500
567.00000 0.25561 281.14583
568.00000 0.25594 285.41667
569.00000 0.25627 289.68750
570.00000 0.25661 293.95833
571.00000 0.25695 298.22917
572.00000 0.25729 302.50000
573.00000 0.25764 306.77083
574.00000 0.25800 311.04167
575.00000 0.25836 315.31250
576.00000 0.25873 319.58333
577.00000 0.25910 323.85417
578.00000 0.25949 328.12500
579.00000 0.25977 1638.99477
580.00000 0.25987 332.39583
581.00000 0.26027 336.66667
582.00000 0.26067 340.93750
583.00000 0.26108 345.20833
584.00000 0.26149 349.47917
585.00000 0.26192 353.75000
586.00000 0.26235 358.02083
587.00000 0.26279 362.29167
588.00000 0.26324 366.56250
589.00000 0.26370 370.83333
590.00000 0.26417 375.10417
591.00000 0.26465 379.37500
592.00000 0.26496 1634.72394
593.00000 0.26514 383.64583
594.00000 0.26564 387.91667
595.00000 0.26615 392.18750
596.00000 0.26668 396.45833
597.00000 0.26722 400.72917
598.00000 0.26777 405.00000
599.00000 0.26833 409.27083
600.00000 0.26892 413.54166
601.00000 0.26951 417.81250
602.00000 0.27001 1630.45310
603.00000 0.27013 422.08333
604.00000 0.27076 426.35416
605.00000 0.27141 430.62500
606.00000 0.27209 434.89583
607.00000 0.27278 439.16666
608.00000 0.27350 443.43750
609.00000 0.27425 447.70833
610.00000 0.27494 1626.18227
611.00000 0.27503 451.97916
612.00000 0.27583 456.25000
613.00000 0.27655 460.52083
614.00000 0.27717 464.79166
615.00000 0.27778 469.06250
616.00000 0.27839 473.33333
617.00000 0.27899 477.60416
618.00000 0.27959 481.87500
619.00000 0.27976 1621.91144
620.00000 0.28018 486.14583
621.00000 0.28078 490.41666
622.00000 0.28137 494.68750
623.00000 0.28196 498.95833
624.00000 0.28255 503.22916
625.00000 0.28314 507.50000
626.00000 0.28373 511.77083
627.00000 0.28431 516.04166
628.00000 0.28448 1617.64060
629.00000 0.28490 520.31250
630.00000 0.28548 524.58333
631.00000 0.28607 528.85416
632.00000 0.28665 533.12500
633.00000 0.28724 537.39583
634.00000 0.28782 541.66666
635.00000 0.28841 545.93750
636.00000 0.28899 550.20833
637.00000 0.28909 1613.36977
638.00000 0.28958 554.47916
639.00000 0.29016 558.75000
640.00000 0.29075 563.02083
641.00000 0.29133 567.29166
642.00000 0.29192 571.56250
643.00000 0.29250 575.83333
644.00000 0.29309 580.10416
645.00000 0.29362 1609.09894
646.00000 0.29368 584.37500
647.00000 0.29426 588.64583
648.00000 0.29485 592.91666
649.00000 0.29544 597.18750
650.00000 0.29602 601.45833
651.00000 0.29661 605.72916
652.00000 0.29720 610.00000
653.00000 0.29779 614.27083
654.00000 0.29806 1604.82810
655.00000 0.29838 618.54166
656.00000 0.29896 622.81250
657.00000 0.29955 627.08333
658.00000 0.30014 631.35416
659.00000 0.30073 635.62500
660.00000 0.30132 639.89583
661.00000 0.30191 644.16666
662.00000 0.30242 1600.55727
663.00000 0.30250 648.43750
664.00000 0.30310 652.70833
665.00000 0.30369 656.97916
666.00000 0.30428 661.25000
667.00000 0.30487 665.52083
668.00000 0.30546 669.79166
669.00000 0.30605 674.06250
670.00000 0.30665 678.33333
671.00000 0.30671 1596.28644
672.00000 0.30724 682.60416
673.00000 0.30783 686.87500
674.00000 0.30843 691.14583
675.00000 0.30902 695.41666
676.00000 0.30961 699.68750
677.00000 0.31021 703.95833
678.00000 0.31080 708.22916
679.00000 0.31093 1592.01560
680.00000 0.31140 712.50000
681.00000 0.31199 716.77083
682.00000 0.31258 721.04166
683.00000 0.31318 725.31250
684.00000 0.31377 729.58333
685.00000 0.31437 733.85416
686.00000 0.31496 738.12500
687.00000 0.31509 1587.74477
688.00000 0.31556 742.39583
689.00000 0.31615 746.66666
690.00000 0.31675 750.93750
691.00000 0.31734 755.20833
692.00000 0.31794 759.47916
693.00000 0.31853 763.75000
694.00000 0.31913 768.02083
695.00000 0.31919 1583.47394
696.00000 0.31972 772.29166
697.00000 0.32032 776.56250
698.00000 0.32091 780.83333
699.00000 0.32151 785.10416
700.00000 0.32210 789.37500
701.00000 0.32270 793.64583
702.00000 0.32323 1579.20310
703.00000 0.32329 797.91666
704.00000 0.32389 802.18750
705.00000 0.32448 806.45833
706.00000 0.32508 810.72916
707.00000 0.32567 815.00000
708.00000 0.32626 819.27083
709.00000 0.32686 823.54166
710.00000 0.32722 1574.93227
711.00000 0.32745 827.81250
712.00000 0.32805 832.08333
713.00000 0.32864 836.35416
714.00000 0.32923 840.62500
715.00000 0.32983 844.89583
716.00000 0.33042 849.16666
717.00000 0.33101 853.43749
718.00000 0.33116 1570.66144
719.00000 0.33160 857.70833
720.00000 0.33220 861.97916
721.00000 0.33279 866.24999
722.00000 0.33338 870.52083
723.00000 0.33397 874.79166
724.00000 0.33456 879.06249
725.00000 0.33506 1566.39060
726.00000 0.33515 883.33333
727.00000 0.33574 887.60416
728.00000 0.33633 891.87499
729.00000 0.33692 896.14583
730.00000 0.33751 900.41666
731.00000 0.33810 904.68749
732.00000 0.33869 908.95833
733.00000 0.33892 1562.11977
734.00000 0.33928 913.22916
735.00000 0.33987 917.49999
736.00000 0.34046 921.77083
737.00000 0.34104 926.04166
738.00000 0.34163 930.31249
739.00000 0.34222 934.58333
740.00000 0.34274 1557.84894
741.00000 0.34281 938.85416
742.00000 0.34339 943.12499
743.00000 0.34398 947.39583
744.00000 0.34456 951.66666
745.00000 0.34515 955.93749
746.00000 0.34573 960.20833
747.00000 0.34632 964.47916
748.00000 0.34652 1553.57810
749.00000 0.34690 968.74999
750.00000 0.34749 973.02083
751.00000 0.34807 977.29166
752.00000 0.34865 981.56249
753.00000 0.34924 985.83333
754.00000 0.34982 990.10416
755.00000 0.35027 1549.30727
756.00000 0.35040 994.37499
757.00000 0.35098 998.64583
758.00000 0.35156 1002.91666
759.00000 0.35214 1007.18749
760.00000 0.35272 1011.45833
761.00000 0.35331 1015.72916
762.00000 0.35388 1019.99999
763.00000 0.35398 1545.03644
764.00000 0.35446 1024.27083
765.00000 0.35504 1028.54166
766.00000 0.35562 1032.81249
767.00000 0.35620 1037.08333
768.00000 0.35678 1041.35416
769.00000 0.35736 1045.62499
770.00000 0.35767 1540.76560
771.00000 0.35793 1049.89583
772.00000 0.35851 1054.16666
773.00000 0.35909 1058.43749
774.00000 0.35966 1062.70833
775.00000 0.36024 1066.97916
776.00000 0.36082 1071.24999
777.00000 0.36133 1536.49477
778.00000 0.36139 1075.52083
779.00000 0.36197 1079.79166
780.00000 0.36254 1084.06249
781.00000 0.36311 1088.33333
782.00000 0.36369 1092.60416
783.00000 0.36426 1096.87499
784.00000 0.36484 1101.14583
785.00000 0.36497 1532.22394
786.00000 0.36541 1105.41666
787.00000 0.36598 1109.68749
788.00000 0.36655 1113.95833
789.00000 0.36713 1118.22916
790.00000 0.36770 1122.49999
791.00000 0.36827 1126.77083
792.00000 0.36859 1527.95310
793.00000 0.36884 1131.04166
794.00000 0.36941 1135.31249
795.00000 0.36999 1139.58333
796.00000 0.37056 1143.85416
797.00000 0.37113 1148.12499
798.00000 0.37170 1152.39583
799.00000 0.37219 1523.68227
800.00000 0.37227 1156.66666
801.00000 0.37284 1160.93749
802.00000 0.37341 1165.20833
803.00000 0.37398 1169.47916
804.00000 0.37455 1173.74999
805.00000 0.37512 1178.02083
806.00000 0.37569 1182.29166
807.00000 0.37576 1519.41144
808.00000 0.37626 1186.56249
809.00000 0.37682 1190.83333
810.00000 0.37739 1195.10416
811.00000 0.37796 1199.37499
812.00000 0.37853 1203.64583
813.00000 0.37910 1207.91666
814.00000 0.37933 1515.14060
815.00000 0.37967 1212.18749
816.00000 0.38024 1216.45833
817.00000 0.38081 1220.72916
818.00000 0.38137 1224.99999
819.00000 0.38194 1229.27083
820.00000 0.38251 1233.54166
821.00000 0.38288 1510.86977
822.00000 0.38308 1237.81249
823.00000 0.38365 1242.08333
824.00000 0.38421 1246.35416
825.00000 0.38478 1250.62499
826.00000 0.38535 1254.89583
827.00000 0.38592 1259.16666
828.00000 0.38641 1506.59894
829.00000 0.38649 1263.43749
830.00000 0.38705 1267.70833
831.00000 0.38762 1271.97916
832.00000 0.38819 1276.24999
833.00000 0.38876 1280.52082
834.00000 0.38933 1284.79166
835.00000 0.38990 1289.06249
836.00000 0.38994 1502.32810
837.00000 0.39046 1293.33332
838.00000 0.39103 1297.60416
839.00000 0.39160 1301.87499
840.00000 0.39217 1306.14582
841.00000 0.39274 1310.41666
842.00000 0.39331 1314.68749
843.00000 0.39346 1498.05727
844.00000 0.39388 1318.95832
845.00000 0.39444 1323.22916
846.00000 0.39501 1327.49999
847.00000 0.39558 1331.77082
848.00000 0.39615 1336.04166
849.00000 0.39672 1340.31249
850.00000 0.39697 1493.78644
851.00000 0.39729 1344.58332
852.00000 0.39786 1348.85416
853.00000 0.39843 1353.12499
854.00000 0.39900 1357.39582
855.00000 0.39957 1361.66666
856.00000 0.40014 1365.93749
857.00000 0.40047 1489.51560
858.00000 0.40072 1370.20832
859.00000 0.40129 1374.47916
860.00000 0.40186 1378.74999
861.00000 0.40243 1383.02082
862.00000 0.40300 1387.29166
863.00000 0.40357 1391.56249
864.00000 0.40397 1485.24477
865.00000 0.40415 1395.83332
866.00000 0.40472 1400.10416
867.00000 0.40529 1404.37499
868.00000 0.40587 1408.64582
869.00000 0.40644 1412.91666
870.00000 0.40701 1417.18749
871.00000 0.40747 1480.97394
872.00000 0.40759 1421.45832
873.00000 0.40816 1425.72916
874.00000 0.40874 1429.99999
875.00000 0.40931 1434.27082
876.00000 0.40989 1438.54166
877.00000 0.41046 1442.81249
878.00000 0.41097 1476.70310
879.00000 0.41104 1447.08332
880.00000 0.41162 1451.35416
881.00000 0.41219 1455.62499
882.00000 0.41277 1459.89582
883.00000 0.41335 1464.16666
884.00000 0.41392 1468.43749
885.00000 0.41446 1472.43654
886.00000 0.41447 1472.43227
887.00000 0.41447 1472.43227
