0.00000 0.00000 200.00000
1.00000 0.00000 623.00000
2.00000 0.00000 620.00000
3.00000 0.00000 617.00000
4.00000 0.00000 614.00000
5.00000 0.00000 611.00000
6.00000 0.00000 608.00000
7.00000 0.00000 605.00000
8.00000 0.00000 602.00000
9.00000 0.00000 599.00000
10.00000 0.00000 596.00000
11.00000 0.00000 593.00000
12.00000 0.00000 590.00000
13.00000 0.00000 587.00000
14.00000 0.00000 584.00000
15.00000 0.00000 581.00000
16.00000 0.00000 578.00000
17.00000 0.00000 575.00000
18.00000 0.00000 572.00000
19.00000 0.00000 569.00000
20.00000 0.00000 566.00000
21.00000 0.00000 563.00000
22.00000 0.00000 560.00000
23.00000 0.00000 557.00000
24.00000 0.00000 554.00000
25.00000 0.00000 551.00000
26.00000 0.00000 548.00000
27.00000 0.00000 545.00000
28.00000 0.00000 542.00000
29.00000 0.00000 539.00000
30.00000 0.00000 626.00000
31.00000 0.00000 629.00000
32.00000 0.00000 632.00000
33.00000 0.00000 635.00000
34.00000 0.00000 725.00000
35.00000 0.00000 722.00000
36.00000 0.00000 719.00000
37.00000 0.00000 716.00000
38.00000 0.00000 713.00000
39.00000 0.00000 710.00000
40.00000 0.00000 707.00000
41.00000 0.00000 704.00000
42.00000 0.00000 701.00000
43.00000 0.00000 698.00000
44.00000 0.00000 695.00000
45.00000 0.00000 692.00000
46.00000 0.00000 689.00000
47.00000 0.00000 686.00000
48.00000 0.00000 536.00000
49.00000 0.00000 683.00000
50.00000 0.00000 677.00000
51.00000 0.00000 674.00000
52.00000 0.00000 671.00000
53.00000 0.00000 668.00000
54.00000 0.00000 665.00000
55.00000 0.00000 662.00000
56.00000 0.00000 659.00000
57.00000 0.00000 656.00000
58.00000 0.00000 653.00000
59.00000 0.00000 650.00000
60.00000 0.00000 647.00000
61.00000 0.00000 644.00000
62.00000 0.00000 641.00000
63.00000 0.00000 638.00000
64.00000 0.00000 680.00000
65.00000 0.00000 533.00000
66.00000 0.00000 530.00000
67.00000 0.00000 527.00000
68.00000 0.00000 422.00000
69.00000 0.00000 419.00000
70.00000 0.00000 416.00000
71.00000 0.00000 413.00000
72.00000 0.00000 410.00000
73.00000 0.00000 407.00000
74.00000 0.00000 404.00000
75.00000 0.00000 401.00000
76.00000 0.00000 398.00000
77.00000 0.00000 395.00000
78.00000 0.00000 392.00000
79.00000 0.00000 389.00000
80.00000 0.00000 386.00000
81.00000 0.00000 383.00000
82.00000 0.00000 425.00000
83.00000 0.00000 380.00000
84.00000 0.00000 374.00000
85.00000 0.00000 371.00000
86.00000 0.00000 368.00000
87.00000 0.00000 365.00000
88.00000 0.00000 362.00000
89.00000 0.00000 359.00000
90.00000 0.00000 356.00000
91.00000 0.00000 353.00000
92.00000 0.00000 350.00000
93.00000 0.00000 347.00000
94.00000 0.00000 344.00000
95.00000 0.00000 341.00000
96.00000 0.00000 338.00000
97.00000 0.00000 335.00000
98.00000 0.00000 377.00000
99.00000 0.00000 728.00000
100.00000 0.00000 428.00000
101.00000 0.00000 434.00000
102.00000 0.00000 524.00000
103.00000 0.00000 521.00000
104.00000 0.00000 518.00000
105.00000 0.00000 515.00000
106.00000 0.00000 512.00000
107.00000 0.00000 509.00000
108.00000 0.00000 506.00000
109.00000 0.00000 503.00000
110.00000 0.00000 500.00000
111.00000 0.00000 497.00000
112.00000 0.00000 494.00000
113.00000 0.00000 491.00000
114.00000 0.00000 488.00000
115.00000 0.00000 485.00000
116.00000 0.00000 431.00000
117.00000 0.00000 482.00000
118.00000 0.00000 476.00000
119.00000 0.00000 473.00000
120.00000 0.00000 470.00000
121.00000 0.00000 467.00000
122.00000 0.00000 464.00000
123.00000 0.00000 461.00000
124.00000 0.00000 458.00000
125.00000 0.00000 455.00000
126.00000 0.00000 452.00000
127.00000 0.00000 449.00000
128.00000 0.00000 446.00000
129.00000 0.00000 443.00000
130.00000 0.00000 440.00000
131.00000 0.00000 437.00000
132.00000 0.00000 479.00000
133.00000 0.00000 332.00000
134.00000 0.00000 731.00000
135.00000 0.00000 737.00000
136.00000 0.00000 1028.00000
137.00000 0.00000 1025.00000
138.00000 0.00000 1022.00000
139.00000 0.00000 1019.00000
140.00000 0.00000 1016.00000
141.00000 0.00000 1013.00000
142.00000 0.00000 1010.00000
143.00000 0.00000 1007.00000
144.00000 0.00000 1004.00000
145.00000 0.00000 1001.00000
146.00000 0.00000 998.00000
147.00000 0.00000 995.00000
148.00000 0.00000 992.00000
149.00000 0.00000 989.00000
150.00000 0.00000 986.00000
151.00000 0.00000 983.00000
152.00000 0.00000 980.00000
153.00000 0.00000 977.00000
154.00000 0.00000 974.00000
155.00000 0.00000 971.00000
156.00000 0.00000 968.00000
157.00000 0.00000 965.00000
158.00000 0.00000 962.00000
159.00000 0.00000 959.00000
160.00000 0.00000 956.00000
161.00000 0.00000 953.00000
162.00000 0.00000 950.00000
163.00000 0.00000 947.00000
164.00000 0.00000 944.00000
165.00000 0.00000 1031.00000
166.00000 0.00000 1034.00000
167.00000 0.00000 1037.00000
168.00000 0.00000 1040.00000
169.00000 0.00000 1130.00000
170.00000 0.00000 1127.00000
171.00000 0.00000 1124.00000
172.00000 0.00000 1121.00000
173.00000 0.00000 1118.00000
174.00000 0.00000 1115.00000
175.00000 0.00000 1112.00000
176.00000 0.00000 1109.00000
177.00000 0.00000 1106.00000
178.00000 0.00000 1103.00000
179.00000 0.00000 1100.00000
180.00000 0.00000 1097.00000
181.00000 0.00000 1094.00000
182.00000 0.00000 1091.00000
183.00000 0.00000 941.00000
184.00000 0.00000 1088.00000
185.00000 0.00000 1082.00000
186.00000 0.00000 1079.00000
187.00000 0.00000 1076.00000
188.00000 0.00000 1073.00000
189.00000 0.00000 1070.00000
190.00000 0.00000 1067.00000
191.00000 0.00000 1064.00000
192.00000 0.00000 1061.00000
193.00000 0.00000 1058.00000
194.00000 0.00000 1055.00000
195.00000 0.00000 1052.00000
196.00000 0.00000 1049.00000
197.00000 0.00000 1046.00000
198.00000 0.00000 1043.00000
199.00000 0.00000 1085.00000
200.00000 0.00000 938.00000
201.00000 0.00000 935.00000
202.00000 0.00000 932.00000
203.00000 0.00000 827.00000
204.00000 0.00000 824.00000
205.00000 0.00000 821.00000
206.00000 0.00000 818.00000
207.00000 0.00000 815.00000
208.00000 0.00000 812.00000
209.00000 0.00000 809.00000
210.00000 0.00000 806.00000
211.00000 0.00000 803.00000
212.00000 0.00000 800.00000
213.00000 0.00000 797.00000
214.00000 0.00000 794.00000
215.00000 0.00000 791.00000
216.00000 0.00000 788.00000
217.00000 0.00000 830.00000
218.00000 0.00000 785.00000
219.00000 0.00000 779.00000
220.00000 0.00000 776.00000
221.00000 0.00000 773.00000
222.00000 0.00000 770.00000
223.00000 0.00000 767.00000
224.00000 0.00000 764.00000
225.00000 0.00000 761.00000
226.00000 0.00000 758.00000
227.00000 0.00000 755.00000
228.00000 0.00000 752.00000
229.00000 0.00000 749.00000
230.00000 0.00000 746.00000
231.00000 0.00000 743.00000
232.00000 0.00000 740.00000
233.00000 0.00000 782.00000
234.00000 0.00000 734.00000
235.00000 0.00000 833.00000
236.00000 0.00000 839.00000
237.00000 0.00000 929.00000
238.00000 0.00000 926.00000
239.00000 0.00000 923.00000
240.00000 0.00000 920.00000
241.00000 0.00000 917.00000
242.00000 0.00000 914.00000
243.00000 0.00000 911.00000
244.00000 0.00000 908.00000
245.00000 0.00000 905.00000
246.00000 0.00000 902.00000
247.00000 0.00000 899.00000
248.00000 0.00000 896.00000
249.00000 0.00000 893.00000
250.00000 0.00000 890.00000
251.00000 0.00000 836.00000
252.00000 0.00000 887.00000
253.00000 0.00000 881.00000
254.00000 0.00000 878.00000
255.00000 0.00000 875.00000
256.00000 0.00000 872.00000
257.00000 0.00000 869.00000
258.00000 0.00000 866.00000
259.00000 0.00000 863.00000
260.00000 0.00000 860.00000
261.00000 0.00000 857.00000
262.00000 0.00000 854.00000
263.00000 0.00000 851.00000
264.00000 0.00000 848.00000
265.00000 0.00000 845.00000
266.00000 0.00000 842.00000
267.00000 0.00000 884.00000
268.00000 0.00000 329.00000
269.00000 0.00000 326.00000
270.00000 0.00000 323.00000
271.00000 0.00000 224.00000
272.00000 0.00000 221.00000
273.00000 0.00000 218.00000
274.00000 0.00000 215.00000
275.00000 0.00000 212.00000
276.00000 0.00000 209.00000
277.00000 0.00000 206.00000
278.00000 0.00000 203.00000
279.00000 0.00000 200.00000
280.00000 0.00000 1138.99689
281.00000 0.00000 1133.00000
282.00000 0.00000 264.06250
283.00000 0.00000 259.79167
284.00000 0.00000 255.52083
285.00000 0.00000 251.25000
286.00000 0.00000 246.97917
287.00000 0.00000 242.70833
288.00000 0.00000 238.43750
289.00000 0.00000 234.16667
290.00000 0.00000 229.89583
291.00000 0.00000 225.62500
292.00000 0.00000 221.35417
293.00000 0.00000 217.08333
294.00000 0.00000 212.81250
295.00000 0.00000 208.54167
296.00000 0.00000 204.27083
297.00000 0.00000 200.00427
298.00000 0.00000 227.00000
299.00000 0.00000 230.00000
300.00000 0.00000 1136.00000
301.00000 0.00000 236.00000
302.00000 0.00000 275.00000
303.00000 0.00000 281.00000
304.00000 0.00000 284.00000
305.00000 0.00000 287.00000
306.00000 0.00000 290.00000
307.00000 0.00000 293.00000
308.00000 0.00000 296.00000
309.00000 0.00000 299.00000
310.00000 0.00000 302.00000
311.00000 0.00000 305.00000
312.00000 0.00000 308.00000
313.00000 0.00000 311.00000
314.00000 0.00000 314.00000
315.00000 0.00000 317.00000
316.00000 0.00000 320.00000
317.00000 0.00000 278.00000
318.00000 0.00000 260.00000
319.00000 0.00000 272.00000
320.00000 0.00000 233.00000
321.00000 0.00000 242.00000
322.00000 0.00000 269.00000
323.00000 0.00000 266.00000
324.00000 0.00000 263.00000
325.00000 0.00000 239.00000
326.00000 0.00000 257.00000
327.00000 0.00000 254.00000
328.00000 0.00000 251.00000
329.00000 0.00000 248.00000
330.00000 0.00000 245.00000
331.00000 0.00001 276.87500
332.00000 0.00001 293.95833
333.00000 0.00001 289.68750
334.00000 0.00001 281.14583
335.00000 0.00001 272.60417
336.00000 0.00001 285.41667
337.00000 0.00001 268.33333
338.00000 0.00002 298.22917
339.00000 0.00002 302.50000
340.00000 0.00002 306.77083
341.00000 0.00003 319.58333
342.00000 0.00003 315.31250
343.00000 0.00003 311.04167
344.00000 0.00004 323.85417
345.00000 0.00004 328.12500
346.00000 0.00005 1138.90093
347.00000 0.00005 332.39583
348.00000 0.00006 336.66667
349.00000 0.00006 340.93750
350.00000 0.00007 345.20833
351.00000 0.00008 349.47917
352.00000 0.00009 353.75000
353.00000 0.00010 358.02083
354.00000 0.00011 362.29167
355.00000 0.00012 366.56250
356.00000 0.00014 370.83333
357.00000 0.00015 375.10417
358.00000 0.00017 379.37500
359.00000 0.00018 383.64583
360.00000 0.00020 387.91667
361.00000 0.00022 392.18750
362.00000 0.00024 396.45833
363.00000 0.00026 400.72917
364.00000 0.00028 405.00000
365.00000 0.00031 409.27083
366.00000 0.00033 413.54166
367.00000 0.00036 417.81250
368.00000 0.00039 422.08333
369.00000 0.00042 426.35416
370.00000 0.00045 430.62500
371.00000 0.00049 434.89583
372.00000 0.00052 439.16666
373.00000 0.00056 443.43750
374.00000 0.00060 1137.83323
375.00000 0.00060 447.70833
376.00000 0.00064 451.97916
377.00000 0.00069 456.25000
378.00000 0.00073 460.52083
379.00000 0.00078 464.79166
380.00000 0.00083 469.06250
381.00000 0.00089 473.33333
382.00000 0.00094 477.60416
383.00000 0.00100 481.87500
384.00000 0.00106 486.14583
385.00000 0.00112 490.41666
386.00000 0.00119 494.68750
387.00000 0.00126 498.95833
388.00000 0.00133 503.22916
389.00000 0.00140 507.50000
390.00000 0.00148 511.77083
391.00000 0.00156 516.04166
392.00000 0.00164 520.31250
393.00000 0.00170 1135.69781
394.00000 0.00173 524.58333
395.00000 0.00181 528.85416
396.00000 0.00191 533.12500
397.00000 0.00200 537.39583
398.00000 0.00210 541.66666
399.00000 0.00220 545.93750
400.00000 0.00230 550.20833
401.00000 0.00241 554.47916
402.00000 0.00252 558.75000
403.00000 0.00263 563.02083
404.00000 0.00275 567.29166
405.00000 0.00287 571.56250
406.00000 0.00300 575.83333
407.00000 0.00313 580.10416
408.00000 0.00326 584.37500
409.00000 0.00339 588.64583
410.00000 0.00353 592.91666
411.00000 0.00367 597.18750
412.00000 0.00382 601.45833
413.00000 0.00389 1131.42698
414.00000 0.00397 605.72916
415.00000 0.00412 610.00000
416.00000 0.00428 614.27083
417.00000 0.00444 618.54166
418.00000 0.00461 622.81250
419.00000 0.00478 627.08333
420.00000 0.00495 631.35416
421.00000 0.00513 635.62500
422.00000 0.00531 639.89583
423.00000 0.00549 644.16666
424.00000 0.00568 648.43750
425.00000 0.00587 652.70833
426.00000 0.00606 1127.15614
427.00000 0.00607 656.97916
428.00000 0.00627 661.25000
429.00000 0.00648 665.52083
430.00000 0.00669 669.79166
431.00000 0.00690 674.06250
432.00000 0.00712 678.33333
433.00000 0.00734 682.60416
434.00000 0.00757 686.87500
435.00000 0.00780 691.14583
436.00000 0.00804 695.41666
437.00000 0.00822 1122.88531
438.00000 0.00828 699.68750
439.00000 0.00852 703.95833
440.00000 0.00877 708.22916
441.00000 0.00902 712.50000
442.00000 0.00928 716.77083
443.00000 0.00954 721.04166
444.00000 0.00981 725.31250
445.00000 0.01008 729.58333
446.00000 0.01035 1118.61448
447.00000 0.01036 733.85416
448.00000 0.01064 738.12500
449.00000 0.01092 742.39583
450.00000 0.01121 746.66666
451.00000 0.01151 750.93750
452.00000 0.01180 755.20833
453.00000 0.01211 759.47916
454.00000 0.01241 763.75000
455.00000 0.01247 1114.34364
456.00000 0.01273 768.02083
457.00000 0.01304 772.29166
458.00000 0.01337 776.56250
459.00000 0.01369 780.83333
460.00000 0.01402 785.10416
461.00000 0.01436 789.37500
462.00000 0.01457 1110.07281
463.00000 0.01470 793.64583
464.00000 0.01504 797.91666
465.00000 0.01539 802.18750
466.00000 0.01575 806.45833
467.00000 0.01611 810.72916
468.00000 0.01647 815.00000
469.00000 0.01665 1105.80198
470.00000 0.01684 819.27083
471.00000 0.01721 823.54166
472.00000 0.01759 827.81250
473.00000 0.01798 832.08333
474.00000 0.01836 836.35416
475.00000 0.01871 1101.53114
476.00000 0.01876 840.62500
477.00000 0.01916 844.89583
478.00000 0.01956 849.16666
479.00000 0.01996 853.43749
480.00000 0.02038 857.70833
481.00000 0.02075 1097.26031
482.00000 0.02079 861.97916
483.00000 0.02122 866.24999
484.00000 0.02164 870.52083
485.00000 0.02207 874.79166
486.00000 0.02251 879.06249
487.00000 0.02277 1092.98948
488.00000 0.02295 883.33333
489.00000 0.02340 887.60416
490.00000 0.02385 891.87499
491.00000 0.02430 896.14583
492.00000 0.02477 900.41666
493.00000 0.02477 1088.71864
494.00000 0.02523 904.68749
495.00000 0.02570 908.95833
496.00000 0.02618 913.22916
497.00000 0.02666 917.49999
498.00000 0.02674 1084.44781
499.00000 0.02714 921.77083
500.00000 0.02763 926.04166
501.00000 0.02813 930.31249
502.00000 0.02863 934.58333
503.00000 0.02869 1080.17698
504.00000 0.02913 938.85416
505.00000 0.02964 943.12499
506.00000 0.03016 947.39583
507.00000 0.03062 1075.90614
508.00000 0.03067 951.66666
509.00000 0.03120 955.93749
510.00000 0.03173 960.20833
511.00000 0.03226 964.47916
512.00000 0.03252 1071.63531
513.00000 0.03280 968.74999
514.00000 0.03334 973.02083
515.00000 0.03389 977.29166
516.00000 0.03440 1067.36448
517.00000 0.03445 981.56249
518.00000 0.03500 985.83333
519.00000 0.03557 990.10416
520.00000 0.03614 994.37499
521.00000 0.03625 1063.09364
522.00000 0.03671 998.64583
523.00000 0.03729 1002.91666
524.00000 0.03787 1007.18749
525.00000 0.03808 1058.82281
526.00000 0.03846 1011.45833
527.00000 0.03905 1015.72916
528.00000 0.03964 1019.99999
529.00000 0.03988 1054.55198
530.00000 0.04025 1024.27083
531.00000 0.04085 1028.54166
532.00000 0.04146 1032.81249
533.00000 0.04165 1050.28114
534.00000 0.04208 1037.08333
535.00000 0.04270 1041.35416
536.00000 0.04333 1045.62499
537.00000 0.04338 1046.01031
538.00000 0.04338 1046.01031
539.00000 0.04338 1046.01458
