0.00000 0.00000 1466.00000
1.00000 0.00000 1493.00000
2.00000 0.00000 1496.00000
3.00000 0.00000 1499.00000
4.00000 0.00000 1502.00000
5.00000 0.00000 1505.00000
6.00000 0.00000 1508.00000
7.00000 0.00000 1511.00000
8.00000 0.00000 1514.00000
9.00000 0.00000 1490.00000
10.00000 0.00000 1517.00000
11.00000 0.00000 1523.00000
12.00000 0.00000 1526.00000
13.00000 0.00000 1529.00000
14.00000 0.00000 1532.00000
15.00000 0.00000 1535.00000
16.00000 0.00000 1538.00000
17.00000 0.00000 1541.00000
18.00000 0.00000 1544.00000
19.00000 0.00000 1520.00000
20.00000 0.00000 1487.00000
21.00000 0.00000 1484.00000
22.00000 0.00000 1481.00000
23.00000 0.00000 1421.00000
24.00000 0.00000 1424.00000
25.00000 0.00000 1427.00000
26.00000 0.00000 1430.00000
27.00000 0.00000 1433.00000
28.00000 0.00000 1436.00000
29.00000 0.00000 1439.00000
30.00000 0.00000 1442.00000
31.00000 0.00000 1445.00000
32.00000 0.00000 1448.00000
33.00000 0.00000 1451.00000
34.00000 0.00000 1454.00000
35.00000 0.00000 1457.00000
36.00000 0.00000 1460.00000
37.00000 0.00000 1463.00000
38.00000 0.00000 1469.00000
39.00000 0.00000 1472.00000
40.00000 0.00000 1475.00000
41.00000 0.00000 1478.00000
42.00000 0.00000 1547.00000
43.00000 0.00000 1550.00000
44.00000 0.00000 1553.00000
45.00000 0.00000 1556.00000
46.00000 0.00000 1628.00000
47.00000 0.00000 1631.00000
48.00000 0.00000 1634.00000
49.00000 0.00000 1637.00000
50.00000 0.00000 1640.00000
51.00000 0.00000 1643.00000
52.00000 0.00000 1646.00000
53.00000 0.00000 1649.00000
54.00000 0.00000 1652.00000
55.00000 0.00000 1655.00000
56.00000 0.00000 1658.00000
57.00000 0.00000 1661.00000
58.00000 0.00000 1664.00000
59.00000 0.00000 1138.99689
60.00000 0.00000 1142.00000
61.00000 0.00000 2127.86662
62.00000 0.00000 2127.86662
63.00000 0.00000 2127.86589
64.00000 0.00000 2127.86504
65.00000 0.00000 1625.00000
66.00000 0.00000 1418.00000
67.00000 0.00000 1622.00000
68.00000 0.00000 1616.00000
69.00000 0.00000 1559.00000
70.00000 0.00000 1562.00000
71.00000 0.00000 1565.00000
72.00000 0.00000 1568.00000
73.00000 0.00000 1571.00000
74.00000 0.00000 1574.00000
75.00000 0.00000 1577.00000
76.00000 0.00000 1580.00000
77.00000 0.00000 1583.00000
78.00000 0.00000 1586.00000
79.00000 0.00000 1589.00000
80.00000 0.00000 1592.00000
81.00000 0.00000 1595.00000
82.00000 0.00000 1598.00000
83.00000 0.00000 1601.00000
84.00000 0.00000 1604.00000
85.00000 0.00000 1607.00000
86.00000 0.00000 1610.00000
87.00000 0.00000 1613.00000
88.00000 0.00000 1619.00000
89.00000 0.00000 1415.00000
90.00000 0.00000 1412.00000
91.00000 0.00000 1409.00000
92.00000 0.00000 1214.00000
93.00000 0.00000 1217.00000
94.00000 0.00000 1220.00000
95.00000 0.00000 1223.00000
96.00000 0.00000 1226.00000
97.00000 0.00000 1229.00000
98.00000 0.00000 1232.00000
99.00000 0.00000 1235.00000
100.00000 0.00000 1238.00000
101.00000 0.00000 1241.00000
102.00000 0.00000 1244.00000
103.00000 0.00000 1247.00000
104.00000 0.00000 1250.00000
105.00000 0.00000 1253.00000
106.00000 0.00000 1256.00000
107.00000 0.00000 1259.00000
108.00000 0.00000 1262.00000
109.00000 0.00000 1265.00000
110.00000 0.00000 1268.00000
111.00000 0.00000 1211.00000
112.00000 0.00000 1271.00000
113.00000 0.00000 1208.00000
114.00000 0.00000 1202.00000
115.00000 0.00000 1145.00000
116.00000 0.00000 1148.00000
117.00000 0.00000 1151.00000
118.00000 0.00000 1154.00000
119.00000 0.00000 1157.00000
120.00000 0.00000 1160.00000
121.00000 0.00000 1163.00000
122.00000 0.00000 1166.00000
123.00000 0.00000 1169.00000
124.00000 0.00000 1172.00000
125.00000 0.00000 1175.00000
126.00000 0.00000 1178.00000
127.00000 0.00000 1181.00000
128.00000 0.00000 1184.00000
129.00000 0.00000 1187.00000
130.00000 0.00000 1190.00000
131.00000 0.00000 1193.00000
132.00000 0.00000 1196.00000
133.00000 0.00000 1199.00000
134.00000 0.00000 1205.00000
135.00000 0.00000 2127.86037
136.00000 0.00000 1274.00000
137.00000 0.00000 1280.00000
138.00000 0.00000 1352.00000
139.00000 0.00000 1355.00000
140.00000 0.00000 1358.00000
141.00000 0.00000 1361.00000
142.00000 0.00000 1364.00000
143.00000 0.00000 1367.00000
144.00000 0.00000 1370.00000
145.00000 0.00000 1373.00000
146.00000 0.00000 1376.00000
147.00000 0.00000 1379.00000
148.00000 0.00000 1382.00000
149.00000 0.00000 1385.00000
150.00000 0.00000 1388.00000
151.00000 0.00000 1391.00000
152.00000 0.00000 1394.00000
153.00000 0.00000 1397.00000
154.00000 0.00000 1400.00000
155.00000 0.00000 1403.00000
156.00000 0.00000 1406.00000
157.00000 0.00000 1349.00000
158.00000 0.00000 1277.00000
159.00000 0.00000 1346.00000
160.00000 0.00000 1340.00000
161.00000 0.00000 1283.00000
162.00000 0.00000 1286.00000
163.00000 0.00000 1289.00000
164.00000 0.00000 1292.00000
165.00000 0.00000 1295.00000
166.00000 0.00000 1298.00000
167.00000 0.00000 1301.00000
168.00000 0.00000 1304.00000
169.00000 0.00000 1307.00000
170.00000 0.00000 1310.00000
171.00000 0.00000 1313.00000
172.00000 0.00000 1316.00000
173.00000 0.00000 1319.00000
174.00000 0.00000 1322.00000
175.00000 0.00000 1325.00000
176.00000 0.00000 1328.00000
177.00000 0.00000 1331.00000
178.00000 0.00000 1334.00000
179.00000 0.00000 1337.00000
180.00000 0.00000 1343.00000
181.00000 0.00000 2127.85804
182.00000 0.00000 1139.00000
183.00000 0.00000 1775.00000
184.00000 0.00000 1862.00000
185.00000 0.00000 1865.00000
186.00000 0.00000 1772.00000
187.00000 0.00000 1868.00000
188.00000 0.00000 1871.00000
189.00000 0.00000 1874.00000
190.00000 0.00000 1877.00000
191.00000 0.00000 1880.00000
192.00000 0.00000 1883.00000
193.00000 0.00000 1886.00000
194.00000 0.00000 1889.00000
195.00000 0.00000 1892.00000
196.00000 0.00000 1895.00000
197.00000 0.00000 1898.00000
198.00000 0.00000 1901.00000
199.00000 0.00000 1904.00000
200.00000 0.00000 1907.00000
201.00000 0.00000 1910.00000
202.00000 0.00000 2099.00000
203.00000 0.00000 2096.00000
204.00000 0.00000 2093.00000
205.00000 0.00000 2090.00000
206.00000 0.00000 2087.00000
207.00000 0.00000 1859.00000
208.00000 0.00000 1856.00000
209.00000 0.00000 1853.00000
210.00000 0.00000 1850.00000
211.00000 0.00000 2117.00000
212.00000 0.00000 2114.00000
213.00000 0.00000 2111.00000
214.00000 0.00000 2108.00000
215.00000 0.00000 1916.00000
216.00000 0.00000 1799.00000
217.00000 0.00000 1802.00000
218.00000 0.00000 1805.00000
219.00000 0.00000 1808.00000
220.00000 0.00000 1811.00000
221.00000 0.00000 1814.00000
222.00000 0.00000 2084.00000
223.00000 0.00000 1817.00000
224.00000 0.00000 2105.00000
225.00000 0.00000 2102.00000
226.00000 0.00000 1823.00000
227.00000 0.00000 1826.00000
228.00000 0.00000 1829.00000
229.00000 0.00000 1832.00000
230.00000 0.00000 1835.00000
231.00000 0.00000 1838.00000
232.00000 0.00000 1841.00000
233.00000 0.00000 1844.00000
234.00000 0.00000 1847.00000
235.00000 0.00000 1820.00000
236.00000 0.00000 2081.00000
237.00000 0.00000 2078.00000
238.00000 0.00000 2075.00000
239.00000 0.00000 1988.00000
240.00000 0.00000 1985.00000
241.00000 0.00000 1982.00000
242.00000 0.00000 1979.00000
243.00000 0.00000 1976.00000
244.00000 0.00000 1973.00000
245.00000 0.00000 1970.00000
246.00000 0.00000 1967.00000
247.00000 0.00000 1964.00000
248.00000 0.00000 1961.00000
249.00000 0.00000 1958.00000
250.00000 0.00000 1991.00000
251.00000 0.00000 1955.00000
252.00000 0.00000 1949.00000
253.00000 0.00000 1946.00000
254.00000 0.00000 1943.00000
255.00000 0.00000 1940.00000
256.00000 0.00000 1937.00000
257.00000 0.00000 1934.00000
258.00000 0.00000 1931.00000
259.00000 0.00000 1928.00000
260.00000 0.00000 1925.00000
261.00000 0.00000 1922.00000
262.00000 0.00000 1919.00000
263.00000 0.00000 1952.00000
264.00000 0.00000 2120.00000
265.00000 0.00000 1994.00000
266.00000 0.00000 2000.00000
267.00000 0.00000 2072.00000
268.00000 0.00000 2069.00000
269.00000 0.00000 2066.00000
270.00000 0.00000 2063.00000
271.00000 0.00000 2060.00000
272.00000 0.00000 2057.00000
273.00000 0.00000 2054.00000
274.00000 0.00000 2051.00000
275.00000 0.00000 2048.00000
276.00000 0.00000 2045.00000
277.00000 0.00000 2042.00000
278.00000 0.00000 1997.00000
279.00000 0.00000 2039.00000
280.00000 0.00000 2033.00000
281.00000 0.00000 2030.00000
282.00000 0.00000 2027.00000
283.00000 0.00000 2024.00000
284.00000 0.00000 2021.00000
285.00000 0.00000 2018.00000
286.00000 0.00000 2015.00000
287.00000 0.00000 2012.00000
288.00000 0.00000 2009.00000
289.00000 0.00000 2006.00000
290.00000 0.00000 2003.00000
291.00000 0.00000 2036.00000
292.00000 0.00000 2123.00000
293.00000 0.00000 1796.00000
294.00000 0.00000 1913.00000
295.00000 0.00000 1703.00000
296.00000 0.00000 1700.00000
297.00000 0.00000 1697.00000
298.00000 0.00000 1694.00000
299.00000 0.00000 1691.00000
300.00000 0.00000 1688.00000
301.00000 0.00000 1685.00000
302.00000 0.00000 1682.00000
303.00000 0.00000 1679.00000
304.00000 0.00000 1676.00000
305.00000 0.00000 1673.00000
306.00000 0.00000 1670.00000
307.00000 0.00000 1667.00000
308.00000 0.00000 1778.00000
309.00000 0.00000 1781.00000
310.00000 0.00000 1784.00000
311.00000 0.00000 1787.00000
312.00000 0.00000 1706.00000
313.00000 0.00000 1709.00000
314.00000 0.00000 1712.00000
315.00000 0.00000 1715.00000
316.00000 0.00000 1769.00000
317.00000 0.00000 1766.00000
318.00000 0.00000 1763.00000
319.00000 0.00000 1760.00000
320.00000 0.00000 1757.00000
321.00000 0.00000 1754.00000
322.00000 0.00000 1751.00000
323.00000 0.00000 1748.00000
324.00000 0.00000 1790.00000
325.00000 0.00000 1745.00000
326.00000 0.00000 1739.00000
327.00000 0.00000 1736.00000
328.00000 0.00000 1733.00000
329.00000 0.00000 1730.00000
330.00000 0.00000 1727.00000
331.00000 0.00000 1724.00000
332.00000 0.00000 1721.00000
333.00000 0.00000 1718.00000
334.00000 0.00000 1742.00000
335.00000 0.00000 1793.00000
336.00000 0.00002 2127.71686
337.00000 0.00003 2127.64626
338.00000 0.00004 2127.61097
339.00000 0.00009 1138.90093
340.00000 0.00067 2123.34013
341.00000 0.00105 1137.83323
342.00000 0.00130 2119.06930
343.00000 0.00193 2114.79847
344.00000 0.00257 2110.52763
345.00000 0.00296 1135.69781
346.00000 0.00322 2106.25680
347.00000 0.00386 2101.98597
348.00000 0.00452 2097.71513
349.00000 0.00517 2093.44430
350.00000 0.00583 2089.17347
351.00000 0.00650 2084.90263
352.00000 0.00680 1131.42698
353.00000 0.00716 2080.63180
354.00000 0.00783 2076.36097
355.00000 0.00851 2072.09013
356.00000 0.00919 2067.81930
357.00000 0.00988 2063.54847
358.00000 0.01056 2059.27763
359.00000 0.01065 1127.15614
360.00000 0.01126 2055.00680
361.00000 0.01196 2050.73597
362.00000 0.01266 2046.46513
363.00000 0.01336 2042.19430
364.00000 0.01408 2037.92347
365.00000 0.01450 1122.88531
366.00000 0.01479 2033.65263
367.00000 0.01551 2029.38180
368.00000 0.01624 2025.11097
369.00000 0.01697 2020.84013
370.00000 0.01770 2016.56930
371.00000 0.01835 1118.61448
372.00000 0.01844 2012.29847
373.00000 0.01919 2008.02763
374.00000 0.01994 2003.75680
375.00000 0.02069 1999.48597
376.00000 0.02145 1995.21513
377.00000 0.02222 1114.34364
378.00000 0.02222 1990.94430
379.00000 0.02299 1986.67347
380.00000 0.02376 1982.40263
381.00000 0.02454 1978.13180
382.00000 0.02533 1973.86097
383.00000 0.02609 1110.07281
384.00000 0.02612 1969.59013
385.00000 0.02692 1965.31930
386.00000 0.02773 1961.04847
387.00000 0.02853 1956.77763
388.00000 0.02935 1952.50680
389.00000 0.02997 1105.80198
390.00000 0.03017 1948.23597
391.00000 0.03100 1943.96513
392.00000 0.03183 1939.69430
393.00000 0.03267 1935.42347
394.00000 0.03352 1931.15264
395.00000 0.03386 1101.53114
396.00000 0.03437 1926.88180
397.00000 0.03523 1922.61097
398.00000 0.03609 1918.34014
399.00000 0.03696 1914.06930
400.00000 0.03775 1097.26031
401.00000 0.03784 1909.79847
402.00000 0.03873 1905.52764
403.00000 0.03962 1901.25680
404.00000 0.04052 1896.98597
405.00000 0.04143 1892.71514
406.00000 0.04167 1092.98948
407.00000 0.04234 1888.44430
408.00000 0.04326 1884.17347
409.00000 0.04419 1879.90264
410.00000 0.04512 1875.63180
411.00000 0.04559 1088.71864
412.00000 0.04607 1871.36097
413.00000 0.04702 1867.09014
414.00000 0.04798 1862.81930
415.00000 0.04895 1858.54847
416.00000 0.04952 1084.44781
417.00000 0.04992 1854.27764
418.00000 0.05091 1850.00680
419.00000 0.05190 1845.73597
420.00000 0.05290 1841.46514
421.00000 0.05347 1080.17698
422.00000 0.05391 1837.19430
423.00000 0.05493 1832.92347
424.00000 0.05596 1828.65264
425.00000 0.05700 1824.38180
426.00000 0.05744 1075.90614
427.00000 0.05805 1820.11097
428.00000 0.05910 1815.84014
429.00000 0.06017 1811.56930
430.00000 0.06125 1807.29847
431.00000 0.06142 1071.63531
432.00000 0.06233 1803.02764
433.00000 0.06343 1798.75680
434.00000 0.06454 1794.48597
435.00000 0.06543 1067.36448
436.00000 0.06566 1790.21514
437.00000 0.06679 1785.94430
438.00000 0.06793 1781.67347
439.00000 0.06908 1777.40264
440.00000 0.06945 1063.09364
441.00000 0.07025 1773.13180
442.00000 0.07143 1768.86097
443.00000 0.07261 1764.59014
444.00000 0.07349 1058.82281
445.00000 0.07382 1760.31930
446.00000 0.07503 1756.04847
447.00000 0.07626 1751.77764
448.00000 0.07750 1747.50680
449.00000 0.07756 1054.55198
450.00000 0.07875 1743.23597
451.00000 0.08002 1738.96514
452.00000 0.08130 1734.69430
453.00000 0.08165 1050.28114
454.00000 0.08260 1730.42347
455.00000 0.08391 1726.15264
456.00000 0.08524 1721.88180
457.00000 0.08577 1046.01458
458.00000 0.08578 1046.01031
459.00000 0.08578 1046.01031
460.00000 0.08578 1046.01458
461.00000 0.08645 1050.28114
462.00000 0.08659 1717.61097
463.00000 0.08712 1054.55198
464.00000 0.08779 1058.82281
465.00000 0.08795 1713.34014
466.00000 0.08846 1063.09364
467.00000 0.08913 1067.36448
468.00000 0.08932 1709.06930
469.00000 0.08980 1071.63531
470.00000 0.09048 1075.90614
471.00000 0.09072 1704.79847
472.00000 0.09115 1080.17698
473.00000 0.09183 1084.44781
474.00000 0.09213 1700.52764
475.00000 0.09250 1088.71864
476.00000 0.09318 1092.98948
477.00000 0.09355 1696.25680
478.00000 0.09385 1097.26031
479.00000 0.09453 1101.53114
480.00000 0.09500 1691.98597
481.00000 0.09521 1105.80198
482.00000 0.09588 1110.07281
483.00000 0.09647 1687.71514
484.00000 0.09656 1114.34364
485.00000 0.09724 1118.61448
486.00000 0.09792 1122.88531
487.00000 0.09795 1683.44430
488.00000 0.09860 1127.15614
489.00000 0.09928 1131.42698
490.00000 0.09946 1679.17347
491.00000 0.09996 1135.69781
492.00000 0.10064 1139.96864
493.00000 0.10099 1674.90264
494.00000 0.10132 1144.23948
495.00000 0.10200 1148.51031
496.00000 0.10253 1670.63180
497.00000 0.10268 1152.78114
498.00000 0.10337 1157.05198
499.00000 0.10405 1161.32281
500.00000 0.10410 1666.36097
501.00000 0.10473 1165.59364
502.00000 0.10541 1169.86448
503.00000 0.10569 1662.09014
504.00000 0.10610 1174.13531
505.00000 0.10678 1178.40614
506.00000 0.10731 1657.81930
507.00000 0.10746 1182.67698
508.00000 0.10815 1186.94781
509.00000 0.10883 1191.21864
510.00000 0.10895 1653.54847
511.00000 0.10952 1195.48948
512.00000 0.11020 1199.76031
513.00000 0.11061 1649.27764
514.00000 0.11088 1204.03114
515.00000 0.11157 1208.30198
516.00000 0.11225 1212.57281
517.00000 0.11230 1645.00680
518.00000 0.11294 1216.84364
519.00000 0.11362 1221.11447
520.00000 0.11402 1640.73597
521.00000 0.11431 1225.38531
522.00000 0.11499 1229.65614
523.00000 0.11568 1233.92697
524.00000 0.11576 1636.46514
525.00000 0.11636 1238.19781
526.00000 0.11704 1242.46864
527.00000 0.11753 1632.19430
528.00000 0.11773 1246.73947
529.00000 0.11841 1251.01031
530.00000 0.11910 1255.28114
531.00000 0.11933 1627.92347
532.00000 0.11978 1259.55197
533.00000 0.12047 1263.82281
534.00000 0.12115 1268.09364
535.00000 0.12116 1623.65264
536.00000 0.12183 1272.36447
537.00000 0.12252 1276.63531
538.00000 0.12303 1619.38180
539.00000 0.12320 1280.90614
540.00000 0.12388 1285.17697
541.00000 0.12457 1289.44781
542.00000 0.12492 1615.11097
543.00000 0.12525 1293.71864
544.00000 0.12593 1297.98947
545.00000 0.12661 1302.26031
546.00000 0.12685 1610.84014
547.00000 0.12730 1306.53114
548.00000 0.12798 1310.80197
549.00000 0.12866 1315.07281
550.00000 0.12881 1606.56930
551.00000 0.12934 1319.34364
552.00000 0.13002 1323.61447
553.00000 0.13070 1327.88531
554.00000 0.13082 1602.29847
555.00000 0.13138 1332.15614
556.00000 0.13206 1336.42697
557.00000 0.13274 1340.69781
558.00000 0.13286 1598.02764
559.00000 0.13342 1344.96864
560.00000 0.13409 1349.23947
561.00000 0.13477 1353.51031
562.00000 0.13494 1593.75680
563.00000 0.13545 1357.78114
564.00000 0.13612 1362.05197
565.00000 0.13680 1366.32281
566.00000 0.13706 1589.48597
567.00000 0.13747 1370.59364
568.00000 0.13815 1374.86447
569.00000 0.13882 1379.13531
570.00000 0.13922 1585.21514
571.00000 0.13949 1383.40614
572.00000 0.14017 1387.67697
573.00000 0.14084 1391.94781
574.00000 0.14144 1580.94430
575.00000 0.14151 1396.21864
576.00000 0.14218 1400.48947
577.00000 0.14285 1404.76031
578.00000 0.14352 1409.03114
579.00000 0.14370 1576.67347
580.00000 0.14418 1413.30197
581.00000 0.14485 1417.57281
582.00000 0.14552 1421.84364
583.00000 0.14601 1572.40264
584.00000 0.14618 1426.11447
585.00000 0.14684 1430.38531
586.00000 0.14751 1434.65614
587.00000 0.14817 1438.92697
588.00000 0.14837 1568.13180
589.00000 0.14883 1443.19781
590.00000 0.14949 1447.46864
591.00000 0.15015 1451.73947
592.00000 0.15079 1563.86097
593.00000 0.15081 1456.01031
594.00000 0.15146 1460.28114
595.00000 0.15212 1464.55197
596.00000 0.15277 1468.82281
597.00000 0.15327 1559.59014
598.00000 0.15342 1473.09364
599.00000 0.15408 1477.36447
600.00000 0.15473 1481.63531
601.00000 0.15538 1485.90614
602.00000 0.15581 1555.31930
603.00000 0.15602 1490.17697
604.00000 0.15667 1494.44781
605.00000 0.15732 1498.71864
606.00000 0.15796 1502.98947
607.00000 0.15842 1551.04847
608.00000 0.15860 1507.26031
609.00000 0.15924 1511.53114
610.00000 0.15988 1515.80197
611.00000 0.16052 1520.07281
612.00000 0.16109 1546.77764
613.00000 0.16116 1524.34364
614.00000 0.16179 1528.61447
615.00000 0.16242 1532.88531
616.00000 0.16306 1537.15614
617.00000 0.16369 1541.42697
618.00000 0.16384 1542.51108
619.00000 0.16385 1542.50680
620.00000 0.16385 1542.50680
621.00000 0.94624 1578.41329
622.00000 0.94624 1578.40902
623.00000 0.94624 1578.41756
624.00000 0.94624 1578.41329
625.00000 0.94662 1582.68412
626.00000 0.94662 1574.14246
627.00000 0.94699 1586.95496
628.00000 0.94699 1569.87163
629.00000 0.94736 1591.22579
630.00000 0.94737 1565.60079
631.00000 0.94773 1595.49662
632.00000 0.94775 1561.32996
633.00000 0.94810 1599.76746
634.00000 0.94812 1557.05913
635.00000 0.94847 1604.03829
636.00000 0.94850 1552.78829
637.00000 0.94884 1608.30912
638.00000 0.94887 1548.51746
639.00000 0.94920 1612.57996
640.00000 0.94925 1544.24663
641.00000 0.94957 1616.85079
642.00000 0.94963 1539.97579
643.00000 0.94994 1621.12162
644.00000 0.95000 1535.70496
645.00000 0.95030 1625.39246
646.00000 0.95038 1531.43413
647.00000 0.95067 1629.66329
648.00000 0.95075 1527.16329
649.00000 0.95103 1633.93412
650.00000 0.95112 1522.89246
651.00000 0.95139 1638.20496
652.00000 0.95150 1518.62163
653.00000 0.95175 1642.47579
654.00000 0.95187 1514.35079
655.00000 0.95212 1646.74662
656.00000 0.95224 1510.07996
657.00000 0.95248 1651.01746
658.00000 0.95262 1505.80913
659.00000 0.95284 1655.28829
660.00000 0.95299 1501.53829
661.00000 0.95320 1659.55912
662.00000 0.95336 1497.26746
663.00000 0.95356 1663.82996
664.00000 0.95373 1492.99663
665.00000 0.95392 1668.10079
666.00000 0.95410 1488.72579
667.00000 0.95428 1672.37162
668.00000 0.95447 1484.45496
669.00000 0.95464 1676.64246
670.00000 0.95484 1480.18413
671.00000 0.95500 1680.91329
672.00000 0.95521 1475.91329
673.00000 0.95536 1685.18412
674.00000 0.95558 1471.64246
675.00000 0.95571 1689.45496
676.00000 0.95594 1467.37163
677.00000 0.95607 1693.72579
678.00000 0.95631 1463.10079
679.00000 0.95643 1697.99662
680.00000 0.95668 1458.82996
681.00000 0.95679 1702.26746
682.00000 0.95704 1454.55913
683.00000 0.95714 1706.53829
684.00000 0.95740 1450.28829
685.00000 0.95750 1710.80912
686.00000 0.95777 1446.01746
687.00000 0.95786 1715.07996
688.00000 0.95813 1441.74663
689.00000 0.95822 1719.35079
690.00000 0.95849 1437.47579
691.00000 0.95857 1723.62162
692.00000 0.95885 1433.20496
693.00000 0.95893 1727.89246
694.00000 0.95921 1428.93413
695.00000 0.95929 1732.16329
696.00000 0.95957 1424.66329
697.00000 0.95965 1736.43412
698.00000 0.95993 1420.39246
699.00000 0.96000 1740.70496
700.00000 0.96029 1416.12163
701.00000 0.96036 1744.97579
702.00000 0.96065 1411.85079
703.00000 0.96072 1749.24662
704.00000 0.96100 1407.57996
705.00000 0.96108 1753.51746
706.00000 0.96136 1403.30913
707.00000 0.96143 1757.78829
708.00000 0.96171 1399.03829
709.00000 0.96179 1762.05912
710.00000 0.96206 1394.76746
711.00000 0.96215 1766.32996
712.00000 0.96242 1390.49663
713.00000 0.96251 1770.60079
714.00000 0.96277 1386.22579
715.00000 0.96287 1774.87162
716.00000 0.96312 1381.95496
717.00000 0.96323 1779.14246
718.00000 0.96346 1377.68413
719.00000 0.96359 1783.41329
720.00000 0.96381 1373.41329
721.00000 0.96395 1787.68412
722.00000 0.96416 1369.14246
723.00000 0.96431 1791.95496
724.00000 0.96450 1364.87163
725.00000 0.96467 1796.22579
726.00000 0.96485 1360.60079
727.00000 0.96503 1800.49662
728.00000 0.96519 1356.32996
729.00000 0.96539 1804.76746
730.00000 0.96553 1352.05913
731.00000 0.96575 1809.03829
732.00000 0.96587 1347.78829
733.00000 0.96611 1813.30912
734.00000 0.96621 1343.51746
735.00000 0.96648 1817.57996
736.00000 0.96655 1339.24663
737.00000 0.96684 1821.85079
738.00000 0.96689 1334.97579
739.00000 0.96720 1826.12162
740.00000 0.96722 1330.70496
741.00000 0.96756 1326.43413
742.00000 0.96757 1830.39246
743.00000 0.96789 1322.16329
744.00000 0.96793 1834.66329
745.00000 0.96822 1317.89246
746.00000 0.96830 1838.93412
747.00000 0.96855 1313.62163
748.00000 0.96867 1843.20496
749.00000 0.96888 1309.35079
750.00000 0.96903 1847.47579
751.00000 0.96921 1305.07996
752.00000 0.96940 1851.74662
753.00000 0.96953 1300.80913
754.00000 0.96977 1856.01746
755.00000 0.96986 1296.53829
756.00000 0.97014 1860.28829
757.00000 0.97018 1292.26746
758.00000 0.97050 1287.99663
759.00000 0.97050 1864.55912
760.00000 0.97082 1283.72579
761.00000 0.97087 1868.82996
762.00000 0.97114 1279.45496
763.00000 0.97125 1873.10079
764.00000 0.97146 1275.18413
765.00000 0.97162 1877.37162
766.00000 0.97178 1270.91329
767.00000 0.97199 1881.64246
768.00000 0.97209 1266.64246
769.00000 0.97236 1885.91329
770.00000 0.97240 1262.37163
771.00000 0.97272 1258.10079
772.00000 0.97273 1890.18412
773.00000 0.97303 1253.82996
774.00000 0.97311 1894.45496
775.00000 0.97333 1249.55913
776.00000 0.97348 1898.72579
777.00000 0.97364 1245.28829
778.00000 0.97386 1902.99662
779.00000 0.97395 1241.01746
780.00000 0.97424 1907.26746
781.00000 0.97425 1236.74663
782.00000 0.97455 1232.47579
783.00000 0.97461 1911.53829
784.00000 0.97485 1228.20496
785.00000 0.97499 1915.80912
786.00000 0.97515 1223.93413
787.00000 0.97537 1920.07996
788.00000 0.97545 1219.66329
789.00000 0.97575 1924.35079
790.00000 0.97575 1215.39246
791.00000 0.97604 1211.12163
792.00000 0.97613 1928.62162
793.00000 0.97633 1206.85079
794.00000 0.97651 1932.89246
795.00000 0.97662 1202.57996
796.00000 0.97689 1937.16329
797.00000 0.97691 1198.30913
798.00000 0.97720 1194.03829
799.00000 0.97727 1941.43412
800.00000 0.97749 1189.76746
801.00000 0.97766 1945.70496
802.00000 0.97777 1185.49663
803.00000 0.97804 1949.97579
804.00000 0.97805 1181.22579
805.00000 0.97833 1176.95496
806.00000 0.97842 1954.24662
807.00000 0.97861 1172.68413
808.00000 0.97881 1958.51746
809.00000 0.97889 1168.41329
810.00000 0.97917 1164.14246
811.00000 0.97920 1962.78829
812.00000 0.97944 1159.87163
813.00000 0.97958 1967.05912
814.00000 0.97971 1155.60079
815.00000 0.97997 1971.32996
816.00000 0.97998 1151.32996
817.00000 0.98025 1147.05913
818.00000 0.98036 1975.60079
819.00000 0.98052 1142.78830
820.00000 0.98075 1979.87162
821.00000 0.98078 1138.51746
822.00000 0.98105 1134.24663
823.00000 0.98114 1984.14246
824.00000 0.98131 1129.97580
825.00000 0.98153 1988.41329
826.00000 0.98157 1125.70496
827.00000 0.98182 1121.43413
828.00000 0.98192 1992.68412
829.00000 0.98208 1117.16330
830.00000 0.98231 1996.95496
831.00000 0.98233 1112.89246
832.00000 0.98259 1108.62163
833.00000 0.98271 2001.22579
834.00000 0.98284 1104.35080
835.00000 0.98309 1100.07996
836.00000 0.98310 2005.49662
837.00000 0.98333 1095.80913
838.00000 0.98349 2009.76745
839.00000 0.98358 1091.53830
840.00000 0.98382 1087.26746
841.00000 0.98389 2014.03829
842.00000 0.98406 1082.99663
843.00000 0.98429 2018.30912
844.00000 0.98430 1078.72580
845.00000 0.98454 1074.45496
846.00000 0.98468 2022.57995
847.00000 0.98477 1070.18413
848.00000 0.98501 1065.91330
849.00000 0.98508 2026.85079
850.00000 0.98524 1061.64246
851.00000 0.98547 1057.37163
852.00000 0.98548 2031.12162
853.00000 0.98570 1053.10080
854.00000 0.98588 2035.39245
855.00000 0.98592 1048.82996
856.00000 0.98615 1044.55913
857.00000 0.98627 2039.66329
858.00000 0.98637 1040.28830
859.00000 0.98659 1036.01746
860.00000 0.98667 2043.93412
861.00000 0.98681 1031.74663
862.00000 0.98703 1027.47580
863.00000 0.98708 2048.20495
864.00000 0.98724 1023.20496
865.00000 0.98745 1018.93413
866.00000 0.98748 2052.47579
867.00000 0.98766 1014.66330
868.00000 0.98787 1010.39246
869.00000 0.98788 2056.74662
870.00000 0.98808 1006.12163
871.00000 0.98828 2061.01745
872.00000 0.98829 1001.85080
873.00000 0.98849 997.57996
874.00000 0.98868 2065.28829
875.00000 0.98869 993.30913
876.00000 0.98889 989.03830
877.00000 0.98909 2069.55912
878.00000 0.98909 984.76746
879.00000 0.98928 980.49663
880.00000 0.98947 976.22580
881.00000 0.98949 2073.82995
882.00000 0.98967 971.95496
883.00000 0.98986 967.68413
884.00000 0.98990 2078.10079
885.00000 0.99004 963.41330
886.00000 0.99023 959.14246
887.00000 0.99030 2082.37162
888.00000 0.99041 954.87163
889.00000 0.99059 950.60080
890.00000 0.99071 2086.64245
891.00000 0.99077 946.32996
892.00000 0.99095 942.05913
893.00000 0.99111 2090.91329
894.00000 0.99113 937.78830
895.00000 0.99130 933.51746
896.00000 0.99147 929.24663
897.00000 0.99152 2095.18412
898.00000 0.99164 924.97580
899.00000 0.99181 920.70496
900.00000 0.99193 2099.45495
901.00000 0.99198 916.43413
902.00000 0.99214 912.16330
903.00000 0.99230 907.89246
904.00000 0.99234 2103.72579
905.00000 0.99246 903.62163
906.00000 0.99262 899.35080
907.00000 0.99275 2107.99662
908.00000 0.99278 895.07996
909.00000 0.99293 890.80913
910.00000 0.99308 886.53830
911.00000 0.99315 2112.26745
912.00000 0.99323 882.26746
913.00000 0.99338 877.99663
914.00000 0.99353 873.72580
915.00000 0.99356 2116.53829
916.00000 0.99367 869.45496
917.00000 0.99382 865.18413
918.00000 0.99396 860.91330
919.00000 0.99397 2120.80912
920.00000 0.99409 856.64246
921.00000 0.99423 852.37163
922.00000 0.99437 848.10080
923.00000 0.99439 2125.07995
924.00000 0.99450 843.82996
925.00000 0.99463 839.55913
926.00000 0.99476 835.28830
927.00000 0.99480 2129.35079
928.00000 0.99489 831.01746
929.00000 0.99501 826.74663
930.00000 0.99514 822.47580
931.00000 0.99521 2133.62162
932.00000 0.99526 818.20496
933.00000 0.99538 813.93413
934.00000 0.99550 809.66330
935.00000 0.99561 805.39246
936.00000 0.99562 2137.89245
937.00000 0.99573 801.12163
938.00000 0.99584 796.85080
939.00000 0.99595 792.57996
940.00000 0.99603 2142.16329
941.00000 0.99606 788.30913
942.00000 0.99616 784.03830
943.00000 0.99627 779.76746
944.00000 0.99637 775.49663
945.00000 0.99644 2146.43412
946.00000 0.99647 771.22580
947.00000 0.99657 766.95496
948.00000 0.99667 762.68413
949.00000 0.99677 758.41330
950.00000 0.99686 754.14246
951.00000 0.99686 2150.70495
952.00000 0.99695 749.87163
953.00000 0.99705 745.60080
954.00000 0.99713 741.32996
955.00000 0.99722 737.05913
956.00000 0.99727 2154.97579
957.00000 0.99731 732.78830
958.00000 0.99739 728.51746
959.00000 0.99747 724.24663
960.00000 0.99755 719.97580
961.00000 0.99763 715.70497
962.00000 0.99769 2159.24662
963.00000 0.99771 711.43413
964.00000 0.99779 707.16330
965.00000 0.99786 702.89247
966.00000 0.99793 698.62163
967.00000 0.99800 694.35080
968.00000 0.99807 690.07997
969.00000 0.99810 2163.51745
970.00000 0.99814 685.80913
971.00000 0.99820 681.53830
972.00000 0.99827 677.26747
973.00000 0.99833 672.99663
974.00000 0.99839 668.72580
975.00000 0.99845 664.45497
976.00000 0.99851 2167.78829
977.00000 0.99851 660.18413
978.00000 0.99857 655.91330
979.00000 0.99862 651.64247
980.00000 0.99868 647.37163
981.00000 0.99873 643.10080
982.00000 0.99878 638.82997
983.00000 0.99883 634.55913
984.00000 0.99888 630.28830
985.00000 0.99892 626.01747
986.00000 0.99893 2172.05912
987.00000 0.99897 621.74663
988.00000 0.99901 617.47580
989.00000 0.99906 613.20497
990.00000 0.99910 608.93413
991.00000 0.99914 604.66330
992.00000 0.99918 600.39247
993.00000 0.99921 596.12163
994.00000 0.99925 591.85080
995.00000 0.99929 587.57997
996.00000 0.99932 583.30913
997.00000 0.99934 2176.32995
998.00000 0.99935 579.03830
999.00000 0.99938 574.76747
1000.00000 0.99942 570.49663
1001.00000 0.99945 566.22580
1002.00000 0.99947 561.95497
1003.00000 0.99950 557.68413
1004.00000 0.99953 553.41330
1005.00000 0.99955 549.14247
1006.00000 0.99958 544.87163
1007.00000 0.99960 540.60080
1008.00000 0.99962 536.32997
1009.00000 0.99964 532.05913
1010.00000 0.99967 527.78830
1011.00000 0.99968 523.51747
1012.00000 0.99970 519.24663
1013.00000 0.99972 514.97580
1014.00000 0.99974 510.70497
1015.00000 0.99976 2180.60079
1016.00000 0.99976 506.43413
1017.00000 0.99977 502.16330
1018.00000 0.99979 497.89247
1019.00000 0.99980 493.62163
1020.00000 0.99980 2180.98904
1021.00000 0.99981 489.35080
1022.00000 0.99983 485.07997
1023.00000 0.99984 480.80913
1024.00000 0.99985 476.53830
1025.00000 0.99986 472.26747
1026.00000 0.99987 467.99663
1027.00000 0.99987 2181.76556
1028.00000 0.99988 463.72580
1029.00000 0.99989 459.45497
1030.00000 0.99990 455.18413
1031.00000 0.99991 450.91330
1032.00000 0.99991 446.64247
1033.00000 0.99992 442.37163
1034.00000 0.99993 438.10080
1035.00000 0.99993 433.82997
1036.00000 0.99994 429.55913
1037.00000 0.99994 425.28830
1038.00000 0.99995 421.01747
1039.00000 0.99995 2182.54208
1040.00000 0.99995 416.74663
1041.00000 0.99996 408.20497
1042.00000 0.99996 412.47580
1043.00000 0.99997 403.93413
1044.00000 0.99997 399.66330
1045.00000 0.99997 395.39247
1046.00000 0.99998 391.12163
1047.00000 0.99998 386.85080
1048.00000 0.99998 382.57997
1049.00000 0.99998 378.30913
1050.00000 0.99998 374.03830
1051.00000 0.99999 2182.93033
1052.00000 0.99999 339.87163
1053.00000 0.99999 344.14247
1054.00000 0.99999 348.41330
1055.00000 0.99999 352.68413
1056.00000 0.99999 356.95497
1057.00000 0.99999 361.22580
1058.00000 0.99999 365.49663
1059.00000 0.99999 369.76747
1060.00000 1.00000 1466.00000
1061.00000 1.00000 1469.00000
1062.00000 1.00000 1472.00000
1063.00000 1.00000 1475.00000
1064.00000 1.00000 1478.00000
1065.00000 1.00000 1481.00000
1066.00000 1.00000 1484.00000
1067.00000 1.00000 1505.00000
1068.00000 1.00000 1490.00000
1069.00000 1.00000 1493.00000
1070.00000 1.00000 1496.00000
1071.00000 1.00000 1499.00000
1072.00000 1.00000 1502.00000
1073.00000 1.00000 1463.00000
1074.00000 1.00000 1508.00000
1075.00000 1.00000 1511.00000
1076.00000 1.00000 1514.00000
1077.00000 1.00000 1487.00000
1078.00000 1.00000 1460.00000
1079.00000 1.00000 1442.00000
1080.00000 1.00000 1454.00000
1081.00000 1.00000 1400.00000
1082.00000 1.00000 1403.00000
1083.00000 1.00000 1406.00000
1084.00000 1.00000 1409.00000
1085.00000 1.00000 1412.00000
1086.00000 1.00000 1415.00000
1087.00000 1.00000 1418.00000
1088.00000 1.00000 1421.00000
1089.00000 1.00000 1457.00000
1090.00000 1.00000 1424.00000
1091.00000 1.00000 1430.00000
1092.00000 1.00000 1433.00000
1093.00000 1.00000 1436.00000
1094.00000 1.00000 1439.00000
1095.00000 1.00000 1517.00000
1096.00000 1.00000 1445.00000
1097.00000 1.00000 1448.00000
1098.00000 1.00000 1451.00000
1099.00000 1.00000 1427.00000
1100.00000 1.00000 1520.00000
1101.00000 1.00000 1625.00000
1102.00000 1.00000 1526.00000
1103.00000 1.00000 1577.00000
1104.00000 1.00000 1529.00000
1105.00000 1.00000 1397.00000
1106.00000 1.00000 1574.00000
1107.00000 1.00000 1571.00000
1108.00000 1.00000 1568.00000
1109.00000 1.00000 1565.00000
1110.00000 1.00000 1562.00000
1111.00000 1.00000 1580.00000
1112.00000 1.00000 1559.00000
1113.00000 1.00000 1553.00000
1114.00000 1.00000 1550.00000
1115.00000 1.00000 1547.00000
1116.00000 1.00000 1544.00000
1117.00000 1.00000 1541.00000
1118.00000 1.00000 1538.00000
1119.00000 1.00000 1535.00000
1120.00000 1.00000 1532.00000
1121.00000 1.00000 1556.00000
1122.00000 1.00000 1523.00000
1123.00000 1.00000 1583.00000
1124.00000 1.00000 1589.00000
1125.00000 1.00000 1646.00000
1126.00000 1.00000 1643.00000
1127.00000 1.00000 1640.00000
1128.00000 1.00000 1637.00000
1129.00000 1.00000 1634.00000
1130.00000 1.00000 1631.00000
1131.00000 1.00000 1628.00000
1132.00000 1.00000 1622.00000
1133.00000 1.00000 1586.00000
1134.00000 1.00000 1619.00000
1135.00000 1.00000 1613.00000
1136.00000 1.00000 1610.00000
1137.00000 1.00000 1607.00000
1138.00000 1.00000 1604.00000
1139.00000 1.00000 1601.00000
1140.00000 1.00000 1598.00000
1141.00000 1.00000 1595.00000
1142.00000 1.00000 1592.00000
1143.00000 1.00000 1616.00000
1144.00000 1.00000 1394.00000
1145.00000 1.00000 2078.00000
1146.00000 1.00000 1388.00000
1147.00000 1.00000 1202.00000
1148.00000 1.00000 1205.00000
1149.00000 1.00000 1208.00000
1150.00000 1.00000 1211.00000
1151.00000 1.00000 1214.00000
1152.00000 1.00000 1217.00000
1153.00000 1.00000 1220.00000
1154.00000 1.00000 1223.00000
1155.00000 1.00000 1199.00000
1156.00000 1.00000 1226.00000
1157.00000 1.00000 1232.00000
1158.00000 1.00000 1235.00000
1159.00000 1.00000 1238.00000
1160.00000 1.00000 1241.00000
1161.00000 1.00000 1244.00000
1162.00000 1.00000 1247.00000
1163.00000 1.00000 1250.00000
1164.00000 1.00000 1253.00000
1165.00000 1.00000 1229.00000
1166.00000 1.00000 1649.00000
1167.00000 1.00000 1196.00000
1168.00000 1.00000 1190.00000
1169.00000 1.00000 1136.00000
1170.00000 1.00000 1139.00000
1171.00000 1.00000 1142.00000
1172.00000 1.00000 1145.00000
1173.00000 1.00000 1148.00000
1174.00000 1.00000 1151.00000
1175.00000 1.00000 1154.00000
1176.00000 1.00000 1157.00000
1177.00000 1.00000 1193.00000
1178.00000 1.00000 1160.00000
1179.00000 1.00000 1166.00000
1180.00000 1.00000 1169.00000
1181.00000 1.00000 1172.00000
1182.00000 1.00000 1175.00000
1183.00000 1.00000 1178.00000
1184.00000 1.00000 1181.00000
1185.00000 1.00000 1184.00000
1186.00000 1.00000 1187.00000
1187.00000 1.00000 1163.00000
1188.00000 1.00000 1256.00000
1189.00000 1.00000 1259.00000
1190.00000 1.00000 1262.00000
1191.00000 1.00000 1334.00000
1192.00000 1.00000 1337.00000
1193.00000 1.00000 1340.00000
1194.00000 1.00000 1343.00000
1195.00000 1.00000 1346.00000
1196.00000 1.00000 1349.00000
1197.00000 1.00000 1352.00000
1198.00000 1.00000 1355.00000
1199.00000 1.00000 1331.00000
1200.00000 1.00000 1358.00000
1201.00000 1.00000 1364.00000
1202.00000 1.00000 1367.00000
1203.00000 1.00000 1370.00000
1204.00000 1.00000 1373.00000
1205.00000 1.00000 1376.00000
1206.00000 1.00000 1379.00000
1207.00000 1.00000 1382.00000
1208.00000 1.00000 1385.00000
1209.00000 1.00000 1361.00000
1210.00000 1.00000 1328.00000
1211.00000 1.00000 1325.00000
1212.00000 1.00000 1322.00000
1213.00000 1.00000 1265.00000
1214.00000 1.00000 1268.00000
1215.00000 1.00000 1271.00000
1216.00000 1.00000 1274.00000
1217.00000 1.00000 1277.00000
1218.00000 1.00000 1280.00000
1219.00000 1.00000 1283.00000
1220.00000 1.00000 1286.00000
1221.00000 1.00000 1289.00000
1222.00000 1.00000 1292.00000
1223.00000 1.00000 1295.00000
1224.00000 1.00000 1298.00000
1225.00000 1.00000 1301.00000
1226.00000 1.00000 1304.00000
1227.00000 1.00000 1307.00000
1228.00000 1.00000 1310.00000
1229.00000 1.00000 1313.00000
1230.00000 1.00000 1316.00000
1231.00000 1.00000 1319.00000
1232.00000 1.00000 1391.00000
1233.00000 1.00000 1652.00000
1234.00000 1.00000 1847.00000
1235.00000 1.00000 1658.00000
1236.00000 1.00000 1991.00000
1237.00000 1.00000 1994.00000
1238.00000 1.00000 1997.00000
1239.00000 1.00000 2000.00000
1240.00000 1.00000 2003.00000
1241.00000 1.00000 2006.00000
1242.00000 1.00000 2009.00000
1243.00000 1.00000 2012.00000
1244.00000 1.00000 2015.00000
1245.00000 1.00000 2018.00000
1246.00000 1.00000 2021.00000
1247.00000 1.00000 2024.00000
1248.00000 1.00000 2027.00000
1249.00000 1.00000 2030.00000
1250.00000 1.00000 2033.00000
1251.00000 1.00000 2036.00000
1252.00000 1.00000 2039.00000
1253.00000 1.00000 1988.00000
1254.00000 1.00000 1985.00000
1255.00000 1.00000 1982.00000
1256.00000 1.00000 1979.00000
1257.00000 1.00000 1925.00000
1258.00000 1.00000 1928.00000
1259.00000 1.00000 1931.00000
1260.00000 1.00000 1934.00000
1261.00000 1.00000 1937.00000
1262.00000 1.00000 1940.00000
1263.00000 1.00000 1943.00000
1264.00000 1.00000 1946.00000
1265.00000 1.00000 2042.00000
1266.00000 1.00000 1949.00000
1267.00000 1.00000 1955.00000
1268.00000 1.00000 1958.00000
1269.00000 1.00000 1961.00000
1270.00000 1.00000 1964.00000
1271.00000 1.00000 1967.00000
1272.00000 1.00000 1970.00000
1273.00000 1.00000 1973.00000
1274.00000 1.00000 1976.00000
1275.00000 1.00000 1952.00000
1276.00000 1.00000 2045.00000
1277.00000 1.00000 2048.00000
1278.00000 1.00000 2051.00000
1279.00000 1.00000 2072.00000
1280.00000 1.00000 2129.00000
1281.00000 1.00000 2126.00000
1282.00000 1.00000 2123.00000
1283.00000 1.00000 2120.00000
1284.00000 1.00000 2117.00000
1285.00000 1.00000 2114.00000
1286.00000 1.00000 2111.00000
1287.00000 1.00000 2069.00000
1288.00000 1.00000 2108.00000
1289.00000 1.00000 2102.00000
1290.00000 1.00000 2099.00000
1291.00000 1.00000 2096.00000
1292.00000 1.00000 2093.00000
1293.00000 1.00000 2090.00000
1294.00000 1.00000 2087.00000
1295.00000 1.00000 2084.00000
1296.00000 1.00000 2081.00000
1297.00000 1.00000 2105.00000
1298.00000 1.00000 1922.00000
1299.00000 1.00000 2066.00000
1300.00000 1.00000 2060.00000
1301.00000 1.00000 1133.00000
1302.00000 1.00000 2174.00000
1303.00000 1.00000 2171.00000
1304.00000 1.00000 2168.00000
1305.00000 1.00000 2165.00000
1306.00000 1.00000 2162.00000
1307.00000 1.00000 2159.00000
1308.00000 1.00000 2156.00000
1309.00000 1.00000 2063.00000
1310.00000 1.00000 2153.00000
1311.00000 1.00000 2147.00000
1312.00000 1.00000 2144.00000
1313.00000 1.00000 2141.00000
1314.00000 1.00000 2138.00000
1315.00000 1.00000 2135.00000
1316.00000 1.00000 2132.00000
1317.00000 1.00000 2054.00000
1318.00000 1.00000 2057.00000
1319.00000 1.00000 2150.00000
1320.00000 1.00000 1919.00000
1321.00000 1.00000 1916.00000
1322.00000 1.00000 1913.00000
1323.00000 1.00000 1727.00000
1324.00000 1.00000 1730.00000
1325.00000 1.00000 1733.00000
1326.00000 1.00000 1736.00000
1327.00000 1.00000 1739.00000
1328.00000 1.00000 1742.00000
1329.00000 1.00000 1745.00000
1330.00000 1.00000 1748.00000
1331.00000 1.00000 1724.00000
1332.00000 1.00000 1751.00000
1333.00000 1.00000 1757.00000
1334.00000 1.00000 1760.00000
1335.00000 1.00000 1763.00000
1336.00000 1.00000 1766.00000
1337.00000 1.00000 1769.00000
1338.00000 1.00000 1772.00000
1339.00000 1.00000 1775.00000
1340.00000 1.00000 1778.00000
1341.00000 1.00000 1754.00000
1342.00000 1.00000 1781.00000
1343.00000 1.00000 1721.00000
1344.00000 1.00000 1715.00000
1345.00000 1.00000 1661.00000
1346.00000 1.00000 1664.00000
1347.00000 1.00000 1667.00000
1348.00000 1.00000 1670.00000
1349.00000 1.00000 1673.00000
1350.00000 1.00000 1676.00000
1351.00000 1.00000 1679.00000
1352.00000 1.00000 1682.00000
1353.00000 1.00000 1718.00000
1354.00000 1.00000 1685.00000
1355.00000 1.00000 1691.00000
1356.00000 1.00000 1694.00000
1357.00000 1.00000 1697.00000
1358.00000 1.00000 1700.00000
1359.00000 1.00000 1703.00000
1360.00000 1.00000 1706.00000
1361.00000 1.00000 1709.00000
1362.00000 1.00000 1712.00000
1363.00000 1.00000 1688.00000
1364.00000 1.00000 1655.00000
1365.00000 1.00000 1784.00000
1366.00000 1.00000 1790.00000
1367.00000 1.00000 1859.00000
1368.00000 1.00000 1862.00000
1369.00000 1.00000 1865.00000
1370.00000 1.00000 1868.00000
1371.00000 1.00000 1871.00000
1372.00000 1.00000 1874.00000
1373.00000 1.00000 1877.00000
1374.00000 1.00000 1880.00000
1375.00000 1.00000 1856.00000
1376.00000 1.00000 1883.00000
1377.00000 1.00000 1889.00000
1378.00000 1.00000 1892.00000
1379.00000 1.00000 1895.00000
1380.00000 1.00000 1898.00000
1381.00000 1.00000 1901.00000
1382.00000 1.00000 1904.00000
1383.00000 1.00000 1907.00000
1384.00000 1.00000 1910.00000
1385.00000 1.00000 1886.00000
1386.00000 1.00000 1787.00000
1387.00000 1.00000 1853.00000
1388.00000 1.00000 2075.00000
1389.00000 1.00000 1793.00000
1390.00000 1.00000 1796.00000
1391.00000 1.00000 1799.00000
1392.00000 1.00000 1802.00000
1393.00000 1.00000 1805.00000
1394.00000 1.00000 1808.00000
1395.00000 1.00000 1811.00000
1396.00000 1.00000 1814.00000
1397.00000 1.00000 1850.00000
1398.00000 1.00000 1817.00000
1399.00000 1.00000 1823.00000
1400.00000 1.00000 1826.00000
1401.00000 1.00000 1829.00000
1402.00000 1.00000 1832.00000
1403.00000 1.00000 1835.00000
1404.00000 1.00000 1838.00000
1405.00000 1.00000 1841.00000
1406.00000 1.00000 1844.00000
1407.00000 1.00000 1820.00000
1408.00000 1.00000 1130.00000
1409.00000 1.00000 473.00000
1410.00000 1.00000 1124.00000
1411.00000 1.00000 407.00000
1412.00000 1.00000 410.00000
1413.00000 1.00000 413.00000
1414.00000 1.00000 416.00000
1415.00000 1.00000 419.00000
1416.00000 1.00000 422.00000
1417.00000 1.00000 425.00000
1418.00000 1.00000 428.00000
1419.00000 1.00000 404.00000
1420.00000 1.00000 431.00000
1421.00000 1.00000 437.00000
1422.00000 1.00000 440.00000
1423.00000 1.00000 443.00000
1424.00000 1.00000 446.00000
1425.00000 1.00000 449.00000
1426.00000 1.00000 452.00000
1427.00000 1.00000 455.00000
1428.00000 1.00000 458.00000
1429.00000 1.00000 434.00000
1430.00000 1.00000 461.00000
1431.00000 1.00000 401.00000
1432.00000 1.00000 395.00000
1433.00000 1.00000 341.00000
1434.00000 1.00000 344.00000
1435.00000 1.00000 347.00000
1436.00000 1.00000 350.00000
1437.00000 1.00000 353.00000
1438.00000 1.00000 356.00000
1439.00000 1.00000 359.00000
1440.00000 1.00000 362.00000
1441.00000 1.00000 398.00000
1442.00000 1.00000 365.00000
1443.00000 1.00000 371.00000
1444.00000 1.00000 374.00000
1445.00000 1.00000 377.00000
1446.00000 1.00000 380.00000
1447.00000 1.00000 383.00000
1448.00000 1.00000 386.00000
1449.00000 1.00000 389.00000
1450.00000 1.00000 392.00000
1451.00000 1.00000 368.00000
1452.00000 1.00000 338.00000
1453.00000 1.00000 464.00000
1454.00000 1.00000 470.00000
1455.00000 1.00000 542.00000
1456.00000 1.00000 545.00000
1457.00000 1.00000 548.00000
1458.00000 1.00000 551.00000
1459.00000 1.00000 554.00000
1460.00000 1.00000 557.00000
1461.00000 1.00000 560.00000
1462.00000 1.00000 563.00000
1463.00000 1.00000 539.00000
1464.00000 1.00000 566.00000
1465.00000 1.00000 572.00000
1466.00000 1.00000 575.00000
1467.00000 1.00000 578.00000
1468.00000 1.00000 581.00000
1469.00000 1.00000 584.00000
1470.00000 1.00000 587.00000
1471.00000 1.00000 590.00000
1472.00000 1.00000 593.00000
1473.00000 1.00000 569.00000
1474.00000 1.00000 467.00000
1475.00000 1.00000 536.00000
1476.00000 1.00000 530.00000
1477.00000 1.00000 476.00000
1478.00000 1.00000 479.00000
1479.00000 1.00000 482.00000
1480.00000 1.00000 485.00000
1481.00000 1.00000 488.00000
1482.00000 1.00000 491.00000
1483.00000 1.00000 494.00000
1484.00000 1.00000 497.00000
1485.00000 1.00000 533.00000
1486.00000 1.00000 500.00000
1487.00000 1.00000 506.00000
1488.00000 1.00000 509.00000
1489.00000 1.00000 512.00000
1490.00000 1.00000 515.00000
1491.00000 1.00000 518.00000
1492.00000 1.00000 521.00000
1493.00000 1.00000 524.00000
1494.00000 1.00000 527.00000
1495.00000 1.00000 503.00000
1496.00000 1.00000 596.00000
1497.00000 1.00000 335.00000
1498.00000 1.00000 329.00000
1499.00000 1.00000 241.64247
1500.00000 1.00000 237.37164
1501.00000 1.00000 233.10080
1502.00000 1.00000 228.82997
1503.00000 1.00000 224.55914
1504.00000 1.00000 220.28830
1505.00000 1.00000 216.01747
1506.00000 1.00000 211.74664
1507.00000 1.00000 245.91330
1508.00000 1.00000 207.47580
1509.00000 1.00000 200.00000
1510.00000 1.00000 2177.00000
1511.00000 1.00000 2183.06723
1512.00000 1.00000 2183.06723
1513.00000 1.00000 2183.06721
1514.00000 1.00000 2183.06683
1515.00000 1.00000 2183.06380
1516.00000 1.00000 2183.05166
1517.00000 1.00000 203.20497
1518.00000 1.00000 2183.02740
1519.00000 1.00000 250.18414
1520.00000 1.00000 258.72580
1521.00000 1.00000 335.60080
1522.00000 1.00000 331.32997
1523.00000 1.00000 327.05913
1524.00000 1.00000 322.78830
1525.00000 1.00000 318.51747
1526.00000 1.00000 314.24663
1527.00000 1.00000 309.97580
1528.00000 1.00000 305.70497
1529.00000 1.00000 254.45497
1530.00000 1.00000 301.43413
1531.00000 1.00000 292.89247
1532.00000 1.00000 288.62164
1533.00000 1.00000 284.35080
1534.00000 1.00000 280.07997
1535.00000 1.00000 275.80914
1536.00000 1.00000 271.53830
1537.00000 1.00000 267.26747
1538.00000 1.00000 262.99664
1539.00000 1.00000 297.16330
1540.00000 1.00000 332.00000
1541.00000 1.00000 200.00000
1542.00000 1.00000 206.00000
1543.00000 1.00000 275.00000
1544.00000 1.00000 278.00000
1545.00000 1.00000 281.00000
1546.00000 1.00000 284.00000
1547.00000 1.00000 287.00000
1548.00000 1.00000 290.00000
1549.00000 1.00000 293.00000
1550.00000 1.00000 296.00000
1551.00000 1.00000 272.00000
1552.00000 1.00000 299.00000
1553.00000 1.00000 305.00000
1554.00000 1.00000 308.00000
1555.00000 1.00000 311.00000
1556.00000 1.00000 314.00000
1557.00000 1.00000 317.00000
1558.00000 1.00000 320.00000
1559.00000 1.00000 323.00000
1560.00000 1.00000 326.00000
1561.00000 1.00000 302.00000
1562.00000 1.00000 203.00000
1563.00000 1.00000 269.00000
1564.00000 1.00000 263.00000
1565.00000 1.00000 209.00000
1566.00000 1.00000 212.00000
1567.00000 1.00000 215.00000
1568.00000 1.00000 218.00000
1569.00000 1.00000 221.00000
1570.00000 1.00000 224.00000
1571.00000 1.00000 227.00000
1572.00000 1.00000 230.00000
1573.00000 1.00000 266.00000
1574.00000 1.00000 233.00000
1575.00000 1.00000 239.00000
1576.00000 1.00000 242.00000
1577.00000 1.00000 245.00000
1578.00000 1.00000 248.00000
1579.00000 1.00000 251.00000
1580.00000 1.00000 254.00000
1581.00000 1.00000 257.00000
1582.00000 1.00000 260.00000
1583.00000 1.00000 236.00000
1584.00000 1.00000 1127.00000
1585.00000 1.00000 599.00000
1586.00000 1.00000 605.00000
1587.00000 1.00000 938.00000
1588.00000 1.00000 941.00000
1589.00000 1.00000 944.00000
1590.00000 1.00000 947.00000
1591.00000 1.00000 950.00000
1592.00000 1.00000 953.00000
1593.00000 1.00000 956.00000
1594.00000 1.00000 959.00000
1595.00000 1.00000 935.00000
1596.00000 1.00000 962.00000
1597.00000 1.00000 968.00000
1598.00000 1.00000 971.00000
1599.00000 1.00000 974.00000
1600.00000 1.00000 977.00000
1601.00000 1.00000 980.00000
1602.00000 1.00000 983.00000
1603.00000 1.00000 986.00000
1604.00000 1.00000 989.00000
1605.00000 1.00000 965.00000
1606.00000 1.00000 992.00000
1607.00000 1.00000 932.00000
1608.00000 1.00000 926.00000
1609.00000 1.00000 872.00000
1610.00000 1.00000 875.00000
1611.00000 1.00000 878.00000
1612.00000 1.00000 881.00000
1613.00000 1.00000 884.00000
1614.00000 1.00000 887.00000
1615.00000 1.00000 890.00000
1616.00000 1.00000 893.00000
1617.00000 1.00000 929.00000
1618.00000 1.00000 896.00000
1619.00000 1.00000 902.00000
1620.00000 1.00000 905.00000
1621.00000 1.00000 908.00000
1622.00000 1.00000 911.00000
1623.00000 1.00000 914.00000
1624.00000 1.00000 917.00000
1625.00000 1.00000 920.00000
1626.00000 1.00000 923.00000
1627.00000 1.00000 899.00000
1628.00000 1.00000 869.00000
1629.00000 1.00000 995.00000
1630.00000 1.00000 1001.00000
1631.00000 1.00000 1070.00000
1632.00000 1.00000 1073.00000
1633.00000 1.00000 1076.00000
1634.00000 1.00000 1079.00000
1635.00000 1.00000 1082.00000
1636.00000 1.00000 1085.00000
1637.00000 1.00000 1088.00000
1638.00000 1.00000 1091.00000
1639.00000 1.00000 1067.00000
1640.00000 1.00000 1094.00000
1641.00000 1.00000 1100.00000
1642.00000 1.00000 1103.00000
1643.00000 1.00000 1106.00000
1644.00000 1.00000 1109.00000
1645.00000 1.00000 1112.00000
1646.00000 1.00000 1115.00000
1647.00000 1.00000 1118.00000
1648.00000 1.00000 1121.00000
1649.00000 1.00000 1097.00000
1650.00000 1.00000 998.00000
1651.00000 1.00000 1064.00000
1652.00000 1.00000 1058.00000
1653.00000 1.00000 1004.00000
1654.00000 1.00000 1007.00000
1655.00000 1.00000 1010.00000
1656.00000 1.00000 1013.00000
1657.00000 1.00000 1016.00000
1658.00000 1.00000 1019.00000
1659.00000 1.00000 1022.00000
1660.00000 1.00000 1025.00000
1661.00000 1.00000 1061.00000
1662.00000 1.00000 1028.00000
1663.00000 1.00000 1034.00000
1664.00000 1.00000 1037.00000
1665.00000 1.00000 1040.00000
1666.00000 1.00000 1043.00000
1667.00000 1.00000 1046.00000
1668.00000 1.00000 1049.00000
1669.00000 1.00000 1052.00000
1670.00000 1.00000 1055.00000
1671.00000 1.00000 1031.00000
1672.00000 1.00000 602.00000
1673.00000 1.00000 866.00000
1674.00000 1.00000 860.00000
1675.00000 1.00000 674.00000
1676.00000 1.00000 677.00000
1677.00000 1.00000 680.00000
1678.00000 1.00000 683.00000
1679.00000 1.00000 686.00000
1680.00000 1.00000 689.00000
1681.00000 1.00000 692.00000
1682.00000 1.00000 695.00000
1683.00000 1.00000 671.00000
1684.00000 1.00000 698.00000
1685.00000 1.00000 704.00000
1686.00000 1.00000 707.00000
1687.00000 1.00000 710.00000
1688.00000 1.00000 713.00000
1689.00000 1.00000 716.00000
1690.00000 1.00000 719.00000
1691.00000 1.00000 722.00000
1692.00000 1.00000 725.00000
1693.00000 1.00000 701.00000
1694.00000 1.00000 728.00000
1695.00000 1.00000 668.00000
1696.00000 1.00000 662.00000
1697.00000 1.00000 608.00000
1698.00000 1.00000 611.00000
1699.00000 1.00000 614.00000
1700.00000 1.00000 617.00000
1701.00000 1.00000 620.00000
1702.00000 1.00000 623.00000
1703.00000 1.00000 626.00000
1704.00000 1.00000 629.00000
1705.00000 1.00000 665.00000
1706.00000 1.00000 632.00000
1707.00000 1.00000 638.00000
1708.00000 1.00000 641.00000
1709.00000 1.00000 644.00000
1710.00000 1.00000 647.00000
1711.00000 1.00000 650.00000
1712.00000 1.00000 653.00000
1713.00000 1.00000 656.00000
1714.00000 1.00000 659.00000
1715.00000 1.00000 635.00000
1716.00000 1.00000 863.00000
1717.00000 1.00000 731.00000
1718.00000 1.00000 737.00000
1719.00000 1.00000 806.00000
1720.00000 1.00000 809.00000
1721.00000 1.00000 812.00000
1722.00000 1.00000 815.00000
1723.00000 1.00000 818.00000
1724.00000 1.00000 821.00000
1725.00000 1.00000 824.00000
1726.00000 1.00000 827.00000
1727.00000 1.00000 803.00000
1728.00000 1.00000 830.00000
1729.00000 1.00000 836.00000
1730.00000 1.00000 839.00000
1731.00000 1.00000 842.00000
1732.00000 1.00000 845.00000
1733.00000 1.00000 848.00000
1734.00000 1.00000 851.00000
1735.00000 1.00000 854.00000
1736.00000 1.00000 857.00000
1737.00000 1.00000 833.00000
1738.00000 1.00000 734.00000
1739.00000 1.00000 800.00000
1740.00000 1.00000 794.00000
1741.00000 1.00000 740.00000
1742.00000 1.00000 743.00000
1743.00000 1.00000 746.00000
1744.00000 1.00000 749.00000
1745.00000 1.00000 752.00000
1746.00000 1.00000 755.00000
1747.00000 1.00000 758.00000
1748.00000 1.00000 761.00000
1749.00000 1.00000 797.00000
1750.00000 1.00000 764.00000
1751.00000 1.00000 770.00000
1752.00000 1.00000 773.00000
1753.00000 1.00000 776.00000
1754.00000 1.00000 779.00000
1755.00000 1.00000 782.00000
1756.00000 1.00000 785.00000
1757.00000 1.00000 788.00000
1758.00000 1.00000 791.00000
1759.00000 1.00000 767.00000
1760.00000 1.00000 2180.00000
