0.00000 0.64304 1542.50680
1.00000 0.64304 1542.50680
2.00000 0.64304 1542.51108
3.00000 0.64308 1541.42697
4.00000 0.64324 1537.15614
5.00000 0.64340 1532.88531
6.00000 0.64356 1528.61447
7.00000 0.64372 1524.34364
8.00000 0.64379 1546.77764
9.00000 0.64388 1520.07281
10.00000 0.64404 1515.80197
11.00000 0.64420 1511.53114
12.00000 0.64436 1507.26031
13.00000 0.64451 1502.98947
14.00000 0.64457 1551.04847
15.00000 0.64467 1498.71864
16.00000 0.64482 1494.44781
17.00000 0.64498 1490.17697
18.00000 0.64513 1485.90614
19.00000 0.64528 1481.63531
20.00000 0.64538 1555.31930
21.00000 0.64543 1477.36447
22.00000 0.64559 1473.09364
23.00000 0.64574 1468.82281
24.00000 0.64589 1464.55197
25.00000 0.64604 1460.28114
26.00000 0.64619 1456.01031
27.00000 0.64622 1559.59014
28.00000 0.64634 1451.73947
29.00000 0.64648 1447.46864
30.00000 0.64663 1443.19781
31.00000 0.64678 1438.92697
32.00000 0.64692 1434.65614
33.00000 0.64707 1430.38531
34.00000 0.64709 1563.86097
35.00000 0.64721 1426.11447
36.00000 0.64736 1421.84364
37.00000 0.64750 1417.57281
38.00000 0.64765 1413.30197
39.00000 0.64779 1409.03114
40.00000 0.64793 1404.76031
41.00000 0.64801 1568.13180
42.00000 0.64807 1400.48947
43.00000 0.64822 1396.21864
44.00000 0.64836 1391.94781
45.00000 0.64850 1387.67697
46.00000 0.64864 1383.40614
47.00000 0.64878 1379.13531
48.00000 0.64892 1374.86447
49.00000 0.64897 1572.40264
50.00000 0.64906 1370.59364
51.00000 0.64919 1366.32281
52.00000 0.64933 1362.05197
53.00000 0.64947 1357.78114
54.00000 0.64961 1353.51031
55.00000 0.64974 1349.23947
56.00000 0.64988 1344.96864
57.00000 0.64998 1576.67347
58.00000 0.65001 1340.69781
59.00000 0.65015 1336.42697
60.00000 0.65028 1332.15614
61.00000 0.65041 1578.41329
62.00000 0.65041 1578.41329
63.00000 0.65041 1578.40902
64.00000 0.65042 1327.88531
65.00000 0.65055 1323.61447
66.00000 0.65056 1574.14246
67.00000 0.65069 1319.34364
68.00000 0.65071 1569.87163
69.00000 0.65082 1315.07281
70.00000 0.65085 1565.60079
71.00000 0.65095 1310.80197
72.00000 0.65100 1561.32996
73.00000 0.65108 1306.53114
74.00000 0.65114 1557.05913
75.00000 0.65122 1302.26031
76.00000 0.65129 1552.78829
77.00000 0.65135 1297.98947
78.00000 0.65144 1548.51746
79.00000 0.65148 1293.71864
80.00000 0.65158 1544.24663
81.00000 0.65161 1289.44781
82.00000 0.65172 1539.97579
83.00000 0.65174 1285.17697
84.00000 0.65187 1280.90614
85.00000 0.65187 1535.70496
86.00000 0.65200 1276.63531
87.00000 0.65201 1531.43413
88.00000 0.65213 1272.36447
89.00000 0.65216 1527.16329
90.00000 0.65225 1268.09364
91.00000 0.65230 1522.89246
92.00000 0.65238 1263.82281
93.00000 0.65244 1518.62163
94.00000 0.65251 1259.55197
95.00000 0.65258 1514.35079
96.00000 0.65264 1255.28114
97.00000 0.65273 1510.07996
98.00000 0.65276 1251.01031
99.00000 0.65287 1505.80913
100.00000 0.65289 1246.73947
101.00000 0.65301 1501.53829
102.00000 0.65302 1242.46864
103.00000 0.65314 1238.19781
104.00000 0.65315 1497.26746
105.00000 0.65327 1233.92697
106.00000 0.65329 1492.99663
107.00000 0.65339 1229.65614
108.00000 0.65343 1488.72579
109.00000 0.65352 1225.38531
110.00000 0.65357 1484.45496
111.00000 0.65364 1221.11447
112.00000 0.65370 1480.18413
113.00000 0.65377 1216.84364
114.00000 0.65384 1475.91329
115.00000 0.65389 1212.57281
116.00000 0.65398 1471.64246
117.00000 0.65401 1208.30198
118.00000 0.65411 1467.37163
119.00000 0.65414 1204.03114
120.00000 0.65425 1463.10079
121.00000 0.65426 1199.76031
122.00000 0.65438 1195.48948
123.00000 0.65439 1458.82996
124.00000 0.65450 1191.21864
125.00000 0.65452 1454.55913
126.00000 0.65462 1186.94781
127.00000 0.65466 1450.28829
128.00000 0.65474 1182.67698
129.00000 0.65479 1446.01746
130.00000 0.65486 1178.40614
131.00000 0.65492 1441.74663
132.00000 0.65498 1174.13531
133.00000 0.65505 1437.47579
134.00000 0.65510 1169.86448
135.00000 0.65519 1433.20496
136.00000 0.65522 1165.59364
137.00000 0.65532 1428.93413
138.00000 0.65534 1161.32281
139.00000 0.65545 1424.66329
140.00000 0.65546 1157.05198
141.00000 0.65558 1420.39246
142.00000 0.65558 1152.78114
143.00000 0.65569 1148.51031
144.00000 0.65571 1416.12163
145.00000 0.65581 1144.23948
146.00000 0.65584 1411.85079
147.00000 0.65593 1139.96864
148.00000 0.65596 1407.57996
149.00000 0.65604 1135.69781
150.00000 0.65609 1403.30913
151.00000 0.65616 1131.42698
152.00000 0.65622 1399.03829
153.00000 0.65627 1127.15614
154.00000 0.65634 1394.76746
155.00000 0.65639 1122.88531
156.00000 0.65647 1390.49663
157.00000 0.65650 1118.61448
158.00000 0.65659 1386.22579
159.00000 0.65662 1114.34364
160.00000 0.65672 1381.95496
161.00000 0.65673 1110.07281
162.00000 0.65684 1377.68413
163.00000 0.65684 1105.80198
164.00000 0.65696 1101.53114
165.00000 0.65696 1373.41329
166.00000 0.65707 1097.26031
167.00000 0.65708 1369.14246
168.00000 0.65718 1092.98948
169.00000 0.65721 1364.87163
170.00000 0.65729 1088.71864
171.00000 0.65733 1360.60079
172.00000 0.65740 1084.44781
173.00000 0.65745 1356.32996
174.00000 0.65751 1080.17698
175.00000 0.65756 1352.05913
176.00000 0.65762 1075.90614
177.00000 0.65768 1347.78829
178.00000 0.65773 1071.63531
179.00000 0.65780 1343.51746
180.00000 0.65784 1067.36448
181.00000 0.65792 1339.24663
182.00000 0.65795 1063.09364
183.00000 0.65803 1334.97579
184.00000 0.65806 1058.82281
185.00000 0.65815 1330.70496
186.00000 0.65816 1054.55198
187.00000 0.65826 1326.43413
188.00000 0.65827 1050.28114
189.00000 0.65837 1322.16329
190.00000 0.65838 1046.01031
191.00000 0.65838 1046.01458
192.00000 0.65838 1046.01031
193.00000 0.65839 1045.62499
194.00000 0.65848 1317.89246
195.00000 0.65853 1041.35416
196.00000 0.65860 1313.62163
197.00000 0.65868 1037.08333
198.00000 0.65871 1309.35079
199.00000 0.65882 1305.07996
200.00000 0.65882 1032.81249
201.00000 0.65893 1300.80913
202.00000 0.65895 1028.54166
203.00000 0.65903 1296.53829
204.00000 0.65909 1024.27083
205.00000 0.65914 1292.26746
206.00000 0.65923 1019.99999
207.00000 0.65925 1287.99663
208.00000 0.65936 1015.72916
209.00000 0.65936 1283.72579
210.00000 0.65946 1279.45496
211.00000 0.65950 1011.45833
212.00000 0.65956 1275.18413
213.00000 0.65963 1007.18749
214.00000 0.65967 1270.91329
215.00000 0.65976 1002.91666
216.00000 0.65977 1266.64246
217.00000 0.65987 1262.37163
218.00000 0.65989 998.64583
219.00000 0.65997 1258.10079
220.00000 0.66002 994.37499
221.00000 0.66007 1253.82996
222.00000 0.66015 990.10416
223.00000 0.66017 1249.55913
224.00000 0.66027 985.83333
225.00000 0.66027 1245.28829
226.00000 0.66037 1241.01746
227.00000 0.66040 981.56249
228.00000 0.66046 1236.74663
229.00000 0.66052 977.29166
230.00000 0.66056 1232.47579
231.00000 0.66064 973.02083
232.00000 0.66066 1228.20496
233.00000 0.66075 1223.93413
234.00000 0.66076 968.74999
235.00000 0.66084 1219.66329
236.00000 0.66088 964.47916
237.00000 0.66094 1215.39246
238.00000 0.66100 960.20833
239.00000 0.66103 1211.12163
240.00000 0.66111 955.93749
241.00000 0.66112 1206.85079
242.00000 0.66121 1202.57996
243.00000 0.66123 951.66666
244.00000 0.66130 1198.30913
245.00000 0.66134 947.39583
246.00000 0.66138 1194.03829
247.00000 0.66145 943.12499
248.00000 0.66147 1189.76746
249.00000 0.66156 1185.49663
250.00000 0.66156 938.85416
251.00000 0.66164 1181.22579
252.00000 0.66167 934.58333
253.00000 0.66173 1176.95496
254.00000 0.66178 930.31249
255.00000 0.66181 1172.68413
256.00000 0.66189 926.04166
257.00000 0.66190 1168.41329
258.00000 0.66198 1164.14246
259.00000 0.66199 921.77083
260.00000 0.66206 1159.87163
261.00000 0.66210 917.49999
262.00000 0.66214 1155.60079
263.00000 0.66220 913.22916
264.00000 0.66222 1151.32996
265.00000 0.66230 1147.05913
266.00000 0.66230 908.95833
267.00000 0.66238 1142.78830
268.00000 0.66240 904.68749
269.00000 0.66245 1138.51746
270.00000 0.66250 900.41666
271.00000 0.66253 1134.24663
272.00000 0.66259 896.14583
273.00000 0.66260 1129.97580
274.00000 0.66268 1125.70496
275.00000 0.66269 891.87499
276.00000 0.66275 1121.43413
277.00000 0.66278 887.60416
278.00000 0.66282 1117.16330
279.00000 0.66288 883.33333
280.00000 0.66290 1112.89246
281.00000 0.66297 879.06249
282.00000 0.66297 1108.62163
283.00000 0.66304 1104.35080
284.00000 0.66306 874.79166
285.00000 0.66311 1100.07996
286.00000 0.66315 870.52083
287.00000 0.66318 1095.80913
288.00000 0.66323 866.24999
289.00000 0.66324 1091.53830
290.00000 0.66331 1087.26746
291.00000 0.66332 861.97916
292.00000 0.66338 1082.99663
293.00000 0.66341 857.70833
294.00000 0.66344 1078.72580
295.00000 0.66349 853.43749
296.00000 0.66351 1074.45496
297.00000 0.66357 1070.18413
298.00000 0.66357 849.16666
299.00000 0.66363 1065.91330
300.00000 0.66365 844.89583
301.00000 0.66369 1061.64246
302.00000 0.66373 840.62500
303.00000 0.66376 1057.37163
304.00000 0.66381 836.35416
305.00000 0.66382 1053.10080
306.00000 0.66388 1048.82996
307.00000 0.66389 832.08333
308.00000 0.66393 1044.55913
309.00000 0.66396 827.81250
310.00000 0.66399 1040.28830
311.00000 0.66404 823.54166
312.00000 0.66405 1036.01746
313.00000 0.66411 819.27083
314.00000 0.66411 1031.74663
315.00000 0.66416 1027.47580
316.00000 0.66418 815.00000
317.00000 0.66422 1023.20496
318.00000 0.66425 810.72916
319.00000 0.66427 1018.93413
320.00000 0.66432 1014.66330
321.00000 0.66432 806.45833
322.00000 0.66438 1010.39246
323.00000 0.66439 802.18750
324.00000 0.66443 1006.12163
325.00000 0.66445 797.91666
326.00000 0.66448 1001.85080
327.00000 0.66452 793.64583
328.00000 0.66453 997.57996
329.00000 0.66458 993.30913
330.00000 0.66458 789.37500
331.00000 0.66463 989.03830
332.00000 0.66465 785.10416
333.00000 0.66467 984.76746
334.00000 0.66471 780.83333
335.00000 0.66472 980.49663
336.00000 0.66477 776.56250
337.00000 0.66477 976.22580
338.00000 0.66481 971.95496
339.00000 0.66483 772.29166
340.00000 0.66486 967.68413
341.00000 0.66489 768.02083
342.00000 0.66490 963.41330
343.00000 0.66494 959.14246
344.00000 0.66494 763.75000
345.00000 0.66499 954.87163
346.00000 0.66500 759.47916
347.00000 0.66503 950.60080
348.00000 0.66505 755.20833
349.00000 0.66507 946.32996
350.00000 0.66511 942.05913
351.00000 0.66511 750.93750
352.00000 0.66515 937.78830
353.00000 0.66516 746.66666
354.00000 0.66519 933.51746
355.00000 0.66521 742.39583
356.00000 0.66523 929.24663
357.00000 0.66526 738.12500
358.00000 0.66527 924.97580
359.00000 0.66530 920.70496
360.00000 0.66531 733.85416
361.00000 0.66534 916.43413
362.00000 0.66535 729.58333
363.00000 0.66538 912.16330
364.00000 0.66540 725.31250
365.00000 0.66541 907.89246
366.00000 0.66545 721.04166
367.00000 0.66545 903.62163
368.00000 0.66548 899.35080
369.00000 0.66549 716.77083
370.00000 0.66551 895.07996
371.00000 0.66553 712.50000
372.00000 0.66554 890.80913
373.00000 0.66557 708.22916
374.00000 0.66558 886.53830
375.00000 0.66561 882.26746
376.00000 0.66562 703.95833
377.00000 0.66564 877.99663
378.00000 0.66566 699.68750
379.00000 0.66567 873.72580
380.00000 0.66569 695.41666
381.00000 0.66570 869.45496
382.00000 0.66573 691.14583
383.00000 0.66573 865.18413
384.00000 0.66575 860.91330
385.00000 0.66577 686.87500
386.00000 0.66578 856.64246
387.00000 0.66580 682.60416
388.00000 0.66581 852.37163
389.00000 0.66584 678.33333
390.00000 0.66584 848.10080
391.00000 0.66586 843.82996
392.00000 0.66587 674.06250
393.00000 0.66589 839.55913
394.00000 0.66591 669.79166
395.00000 0.66591 835.28830
396.00000 0.66594 665.52083
397.00000 0.66594 831.01746
398.00000 0.66596 826.74663
399.00000 0.66597 661.25000
400.00000 0.66598 822.47580
401.00000 0.66600 656.97916
402.00000 0.66601 818.20496
403.00000 0.66603 813.93413
404.00000 0.66603 652.70833
405.00000 0.66605 809.66330
406.00000 0.66605 648.43750
407.00000 0.66607 805.39246
408.00000 0.66608 644.16666
409.00000 0.66609 801.12163
410.00000 0.66611 639.89583
411.00000 0.66611 796.85080
412.00000 0.66613 792.57996
413.00000 0.66613 635.62500
414.00000 0.66615 788.30913
415.00000 0.66616 631.35416
416.00000 0.66617 784.03830
417.00000 0.66618 627.08333
418.00000 0.66619 779.76746
419.00000 0.66620 775.49663
420.00000 0.66621 622.81250
421.00000 0.66622 771.22580
422.00000 0.66623 618.54166
423.00000 0.66624 766.95496
424.00000 0.66625 614.27083
425.00000 0.66625 762.68413
426.00000 0.66627 758.41330
427.00000 0.66627 610.00000
428.00000 0.66628 754.14246
429.00000 0.66629 605.72916
430.00000 0.66630 749.87163
431.00000 0.66631 601.45833
432.00000 0.66631 745.60080
433.00000 0.66633 597.18750
434.00000 0.66633 741.32996
435.00000 0.66634 737.05913
436.00000 0.66635 592.91666
437.00000 0.66635 732.78830
438.00000 0.66636 588.64583
439.00000 0.66637 728.51746
440.00000 0.66638 724.24663
441.00000 0.66638 584.37500
442.00000 0.66639 719.97580
443.00000 0.66639 580.10416
444.00000 0.66640 715.70497
445.00000 0.66641 575.83333
446.00000 0.66641 711.43413
447.00000 0.66642 571.56250
448.00000 0.66642 707.16330
449.00000 0.66644 702.89247
450.00000 0.66644 567.29166
451.00000 0.66645 563.02083
452.00000 0.66645 698.62163
453.00000 0.66646 558.75000
454.00000 0.66646 694.35080
455.00000 0.66647 685.80913
456.00000 0.66647 690.07997
457.00000 0.66648 554.47916
458.00000 0.66648 681.53830
459.00000 0.66649 677.26747
460.00000 0.66649 550.20833
461.00000 0.66650 545.93750
462.00000 0.66650 672.99663
463.00000 0.66651 668.72580
464.00000 0.66651 541.66666
465.00000 0.66652 537.39583
466.00000 0.66652 664.45497
467.00000 0.66652 660.18413
468.00000 0.66653 533.12500
469.00000 0.66653 655.91330
470.00000 0.66654 528.85416
471.00000 0.66654 651.64247
472.00000 0.66654 647.37163
473.00000 0.66655 643.10080
474.00000 0.66655 520.31250
475.00000 0.66655 524.58333
476.00000 0.66656 634.55913
477.00000 0.66656 638.82997
478.00000 0.66656 516.04166
479.00000 0.66657 626.01747
480.00000 0.66657 630.28830
481.00000 0.66657 511.77083
482.00000 0.66658 503.22916
483.00000 0.66658 507.50000
484.00000 0.66658 617.47580
485.00000 0.66658 621.74663
486.00000 0.66659 608.93413
487.00000 0.66659 613.20497
488.00000 0.66659 494.68750
489.00000 0.66659 498.95833
490.00000 0.66660 490.41666
491.00000 0.66660 604.66330
492.00000 0.66660 600.39247
493.00000 0.66661 591.85080
494.00000 0.66661 587.57997
495.00000 0.66661 486.14583
496.00000 0.66661 477.60416
497.00000 0.66661 596.12163
498.00000 0.66661 481.87500
499.00000 0.66662 473.33333
500.00000 0.66662 469.06250
501.00000 0.66662 583.30913
502.00000 0.66662 579.03830
503.00000 0.66662 574.76747
504.00000 0.66663 566.22580
505.00000 0.66663 570.49663
506.00000 0.66663 557.68413
507.00000 0.66663 456.25000
508.00000 0.66663 460.52083
509.00000 0.66663 464.79166
510.00000 0.66663 561.95497
511.00000 0.66664 549.14247
512.00000 0.66664 447.70833
513.00000 0.66664 451.97916
514.00000 0.66664 553.41330
515.00000 0.66664 443.43750
516.00000 0.66664 439.16666
517.00000 0.66664 544.87163
518.00000 0.66664 540.60080
519.00000 0.66664 536.32997
520.00000 0.66665 506.43413
521.00000 0.66665 510.70497
522.00000 0.66665 417.81250
523.00000 0.66665 422.08333
524.00000 0.66665 426.35416
525.00000 0.66665 430.62500
526.00000 0.66665 434.89583
527.00000 0.66665 413.54166
528.00000 0.66665 523.51747
529.00000 0.66665 527.78830
530.00000 0.66665 532.05913
531.00000 0.66665 502.16330
532.00000 0.66665 514.97580
533.00000 0.66665 519.24663
534.00000 0.66666 409.27083
535.00000 0.66666 400.72917
536.00000 0.66666 396.45833
537.00000 0.66666 392.18750
538.00000 0.66666 383.64583
539.00000 0.66666 379.37500
540.00000 0.66666 375.10417
541.00000 0.66666 370.83333
542.00000 0.66666 366.56250
543.00000 0.66666 362.29167
544.00000 0.66666 358.02083
545.00000 0.66666 405.00000
546.00000 0.66666 387.91667
547.00000 0.66666 425.28830
548.00000 0.66666 353.75000
549.00000 0.66666 497.89247
550.00000 0.66666 493.62163
551.00000 0.66666 489.35080
552.00000 0.66666 485.07997
553.00000 0.66666 480.80913
554.00000 0.66666 476.53830
555.00000 0.66666 472.26747
556.00000 0.66666 467.99663
557.00000 0.66666 463.72580
558.00000 0.66666 459.45497
559.00000 0.66666 455.18413
560.00000 0.66666 450.91330
561.00000 0.66666 446.64247
562.00000 0.66666 442.37163
563.00000 0.66666 438.10080
564.00000 0.66666 433.82997
565.00000 0.66666 429.55913
566.00000 0.66666 421.01747
567.00000 0.66667 378.30913
568.00000 0.66667 365.49663
569.00000 0.66667 369.76747
570.00000 0.66667 374.03830
571.00000 0.66667 344.14247
572.00000 0.66667 241.64247
573.00000 0.66667 211.74664
574.00000 0.66667 292.89247
575.00000 0.66667 297.16330
576.00000 0.66667 301.43413
577.00000 0.66667 305.70497
578.00000 0.66667 309.97580
579.00000 0.66667 382.57997
580.00000 0.66667 314.24663
581.00000 0.66667 318.51747
582.00000 0.66667 322.78830
583.00000 0.66667 327.05913
584.00000 0.66667 331.32997
585.00000 0.66667 335.60080
586.00000 0.66667 356.95497
587.00000 0.66667 352.68413
588.00000 0.66667 348.41330
589.00000 0.66667 288.62164
590.00000 0.66667 207.47580
591.00000 0.66667 284.35080
592.00000 0.66667 275.80914
593.00000 0.66667 216.01747
594.00000 0.66667 361.22580
595.00000 0.66667 220.28830
596.00000 0.66667 224.55914
597.00000 0.66667 228.82997
598.00000 0.66667 233.10080
599.00000 0.66667 237.37164
600.00000 0.66667 339.87163
601.00000 0.66667 245.91330
602.00000 0.66667 250.18414
603.00000 0.66667 254.45497
604.00000 0.66667 258.72580
605.00000 0.66667 262.99664
606.00000 0.66667 267.26747
607.00000 0.66667 271.53830
608.00000 0.66667 280.07997
609.00000 0.66667 386.85080
610.00000 0.66667 200.00000
611.00000 0.66667 395.39247
612.00000 0.66667 276.87500
613.00000 0.66667 272.60417
614.00000 0.66667 268.33333
615.00000 0.66667 264.06250
616.00000 0.66667 259.79167
617.00000 0.66667 255.52083
618.00000 0.66667 251.25000
619.00000 0.66667 246.97917
620.00000 0.66667 242.70833
621.00000 0.66667 238.43750
622.00000 0.66667 234.16667
623.00000 0.66667 229.89583
624.00000 0.66667 225.62500
625.00000 0.66667 221.35417
626.00000 0.66667 217.08333
627.00000 0.66667 212.81250
628.00000 0.66667 208.54167
629.00000 0.66667 204.27083
630.00000 0.66667 200.00427
631.00000 0.66667 281.14583
632.00000 0.66667 391.12163
633.00000 0.66667 285.41667
634.00000 0.66667 293.95833
635.00000 0.66667 399.66330
636.00000 0.66667 403.93413
637.00000 0.66667 408.20497
638.00000 0.66667 412.47580
639.00000 0.66667 416.74663
640.00000 0.66667 203.20497
641.00000 0.66667 349.47917
642.00000 0.66667 345.20833
643.00000 0.66667 340.93750
644.00000 0.66667 336.66667
645.00000 0.66667 332.39583
646.00000 0.66667 328.12500
647.00000 0.66667 323.85417
648.00000 0.66667 319.58333
649.00000 0.66667 315.31250
650.00000 0.66667 311.04167
651.00000 0.66667 306.77083
652.00000 0.66667 302.50000
653.00000 0.66667 298.22917
654.00000 0.66667 289.68750
655.00000 0.66667 200.00000
